308.0 1.0 326.0 1.0 302.0 78.0 285.0 73.0 bridge 0
346.0 1.0 360.0 1.0 339.0 81.0 323.0 76.0 bridge 0
405.0 44.0 432.0 34.0 439.0 53.0 412.0 63.0 bridge 0
463.0 212.0 492.0 201.0 501.0 225.0 472.0 236.0 bridge 0
440.0 247.0 457.0 242.0 465.0 267.0 448.0 272.0 bridge 0
285.0 306.0 305.0 299.0 313.0 319.0 292.0 327.0 bridge 0
182.0 345.0 198.0 340.0 204.0 358.0 189.0 364.0 bridge 0
12.0 410.0 26.0 405.0 32.0 421.0 18.0 426.0 bridge 0
518.0 220.0 533.0 215.0 540.0 239.0 526.0 244.0 bridge 0
211.0 259.0 331.0 236.0 332.0 245.0 212.0 268.0 bridge 0
221.0 532.0 443.0 473.0 446.0 483.0 224.0 543.0 bridge 0
153.0 12.0 173.0 14.0 169.0 51.0 149.0 49.0 bridge 0
130.0 186.0 147.0 190.0 129.0 279.0 112.0 275.0 bridge 0
207.0 492.0 213.0 498.0 188.0 528.0 181.0 522.0 bridge 0
84.0 184.0 91.0 186.0 74.0 274.0 67.0 273.0 bridge 0
1.0 291.0 1.0 230.0 108.0 367.0 78.0 390.0 bridge 0
1.0 213.0 1.0 152.0 153.0 346.0 123.0 369.0 bridge 0
414.0 169.0 426.0 180.0 376.0 240.0 363.0 229.0 bridge 0
309.0 144.0 321.0 144.0 321.0 174.0 309.0 174.0 bridge 0
340.0 264.0 354.0 264.0 354.0 277.0 340.0 277.0 bridge 0
18.0 488.0 34.0 488.0 35.0 503.0 18.0 504.0 bridge 0
138.0 291.0 198.0 311.0 195.0 319.0 135.0 299.0 bridge 0
608.0 43.0 608.0 160.0 604.0 173.0 571.0 163.0 bridge 0
169.0 297.0 196.0 322.0 187.0 331.0 161.0 306.0 bridge 0
170.0 271.0 205.0 304.0 197.0 313.0 162.0 280.0 bridge 0
1.0 85.0 112.0 1.0 141.0 1.0 1.0 107.0 bridge 0
224.0 604.0 256.0 586.0 267.0 608.0 226.0 608.0 bridge 0
260.0 591.0 293.0 571.0 314.0 608.0 269.0 608.0 bridge 0
511.0 446.0 538.0 438.0 543.0 453.0 516.0 461.0 bridge 0
454.0 536.0 461.0 533.0 474.0 564.0 467.0 567.0 bridge 0
506.0 508.0 566.0 496.0 572.0 527.0 512.0 539.0 bridge 0
331.0 324.0 337.0 322.0 341.0 337.0 336.0 338.0 bridge 0
248.0 507.0 292.0 507.0 291.0 561.0 248.0 561.0 bridge 0
247.0 1.0 291.0 1.0 291.0 24.0 247.0 23.0 bridge 0
477.0 145.0 507.0 155.0 505.0 159.0 475.0 149.0 bridge 0
207.0 214.0 273.0 205.0 279.0 248.0 214.0 258.0 bridge 0
279.0 336.0 301.0 336.0 301.0 368.0 279.0 368.0 bridge 0
282.0 546.0 302.0 546.0 302.0 566.0 282.0 566.0 bridge 0
1.0 58.0 9.0 57.0 10.0 65.0 1.0 66.0 bridge 0
1.0 67.0 13.0 66.0 15.0 82.0 1.0 84.0 bridge 0
1.0 85.0 13.0 84.0 14.0 90.0 1.0 91.0 bridge 0
2.0 227.0 13.0 226.0 14.0 237.0 3.0 238.0 bridge 0
35.0 219.0 42.0 218.0 43.0 232.0 36.0 233.0 bridge 0
105.0 100.0 113.0 99.0 115.0 112.0 107.0 113.0 bridge 0
52.0 107.0 75.0 98.0 79.0 108.0 56.0 117.0 bridge 0
221.0 440.0 246.0 431.0 249.0 438.0 224.0 447.0 bridge 0
494.0 335.0 499.0 332.0 510.0 351.0 505.0 354.0 bridge 0
77.0 395.0 112.0 375.0 242.0 608.0 195.0 608.0 bridge 0
299.0 1.0 321.0 1.0 455.0 187.0 441.0 197.0 bridge 0
1.0 482.0 35.0 473.0 38.0 483.0 1.0 493.0 bridge 0
1.0 170.0 225.0 1.0 282.0 1.0 1.0 214.0 bridge 0
497.0 337.0 533.0 309.0 608.0 405.0 608.0 479.0 bridge 0
311.0 1.0 358.0 1.0 521.0 292.0 486.0 312.0 bridge 0
1.0 309.0 28.0 315.0 23.0 340.0 1.0 335.0 bridge 0
1.0 283.0 22.0 288.0 19.0 305.0 1.0 301.0 bridge 0
26.0 194.0 39.0 192.0 48.0 254.0 35.0 256.0 bridge 0
319.0 228.0 340.0 221.0 347.0 242.0 326.0 249.0 bridge 0
405.0 452.0 432.0 442.0 439.0 461.0 412.0 471.0 bridge 0
337.0 589.0 344.0 584.0 361.0 608.0 351.0 608.0 bridge 0
512.0 132.0 608.0 148.0 608.0 156.0 511.0 140.0 bridge 0
406.0 362.0 441.0 368.0 421.0 503.0 385.0 497.0 bridge 0
450.0 374.0 488.0 380.0 469.0 507.0 431.0 501.0 bridge 0
518.0 398.0 565.0 405.0 547.0 533.0 500.0 526.0 bridge 0
316.0 90.0 332.0 81.0 344.0 103.0 328.0 112.0 bridge 0
334.0 83.0 350.0 73.0 364.0 96.0 347.0 106.0 bridge 0
459.0 11.0 473.0 7.0 475.0 14.0 462.0 18.0 bridge 0
431.0 56.0 434.0 54.0 441.0 70.0 437.0 71.0 bridge 0
592.0 268.0 603.0 263.0 605.0 268.0 594.0 273.0 bridge 0
511.0 215.0 561.0 215.0 561.0 255.0 511.0 254.0 bridge 0
602.0 443.0 608.0 442.0 608.0 481.0 604.0 482.0 bridge 2
103.0 215.0 153.0 215.0 153.0 255.0 103.0 254.0 bridge 0
194.0 443.0 247.0 440.0 249.0 479.0 196.0 482.0 bridge 0
52.0 161.0 85.0 161.0 86.0 191.0 53.0 192.0 bridge 0
439.0 425.0 493.0 426.0 492.0 462.0 439.0 461.0 bridge 0
391.0 340.0 405.0 332.0 409.0 338.0 395.0 347.0 bridge 0
557.0 492.0 572.0 486.0 574.0 491.0 559.0 497.0 bridge 0
302.0 410.0 318.0 415.0 294.0 494.0 277.0 489.0 bridge 0
339.0 413.0 356.0 418.0 331.0 497.0 315.0 492.0 bridge 0
92.0 573.0 181.0 539.0 192.0 568.0 103.0 602.0 bridge 0
376.0 409.0 406.0 405.0 410.0 433.0 379.0 437.0 bridge 0
18.0 80.0 34.0 80.0 35.0 95.0 18.0 96.0 bridge 0
211.0 212.0 238.0 213.0 238.0 231.0 211.0 230.0 bridge 0
494.0 97.0 555.0 144.0 536.0 169.0 475.0 122.0 bridge 0
513.0 400.0 608.0 328.0 608.0 371.0 534.0 428.0 bridge 0
480.0 493.0 490.0 501.0 479.0 517.0 469.0 509.0 bridge 0
372.0 13.0 384.0 12.0 388.0 48.0 376.0 49.0 bridge 0
408.0 119.0 442.0 115.0 444.0 131.0 410.0 134.0 bridge 0
399.0 139.0 451.0 132.0 455.0 165.0 403.0 172.0 bridge 0
409.0 172.0 450.0 168.0 452.0 181.0 411.0 185.0 bridge 0
429.0 454.0 451.0 452.0 453.0 475.0 431.0 477.0 bridge 0
494.0 438.0 508.0 436.0 510.0 465.0 496.0 467.0 bridge 0
530.0 262.0 551.0 261.0 553.0 305.0 532.0 305.0 bridge 0
454.0 490.0 498.0 473.0 504.0 488.0 459.0 505.0 bridge 0
185.0 350.0 190.0 352.0 181.0 373.0 176.0 371.0 bridge 0
197.0 337.0 229.0 363.0 205.0 392.0 173.0 367.0 bridge 0
84.0 1.0 130.0 1.0 469.0 608.0 423.0 608.0 bridge 0
494.0 347.0 509.0 335.0 532.0 364.0 517.0 376.0 bridge 0
485.0 374.0 500.0 361.0 518.0 383.0 503.0 396.0 bridge 0
210.0 28.0 225.0 16.0 358.0 183.0 343.0 195.0 bridge 0
233.0 17.0 248.0 5.0 380.0 173.0 365.0 184.0 bridge 0
497.0 97.0 533.0 69.0 608.0 165.0 608.0 239.0 bridge 0
445.0 1.0 491.0 1.0 521.0 52.0 486.0 72.0 bridge 2
477.0 553.0 507.0 563.0 505.0 567.0 475.0 557.0 bridge 0
542.0 133.0 580.0 158.0 563.0 184.0 525.0 159.0 bridge 0
1.0 454.0 24.0 442.0 31.0 461.0 4.0 471.0 bridge 0
305.0 547.0 319.0 548.0 316.0 578.0 302.0 576.0 bridge 0
458.0 558.0 471.0 553.0 492.0 608.0 477.0 608.0 bridge 0
481.0 550.0 494.0 545.0 517.0 608.0 502.0 608.0 bridge 0
277.0 41.0 293.0 36.0 301.0 56.0 285.0 62.0 bridge 0
237.0 233.0 241.0 230.0 254.0 252.0 250.0 254.0 bridge 0
55.0 240.0 66.0 237.0 75.0 266.0 65.0 269.0 bridge 0
104.0 556.0 110.0 556.0 110.0 571.0 104.0 571.0 bridge 0
457.0 254.0 487.0 248.0 490.0 263.0 460.0 269.0 bridge 0
309.0 552.0 321.0 552.0 321.0 582.0 309.0 582.0 bridge 0
507.0 350.0 512.0 350.0 512.0 368.0 507.0 368.0 bridge 0
403.0 296.0 466.0 296.0 466.0 317.0 403.0 317.0 bridge 0
434.0 1.0 449.0 1.0 442.0 12.0 431.0 5.0 bridge 0
608.0 451.0 608.0 568.0 604.0 581.0 571.0 571.0 bridge 0
506.0 100.0 566.0 88.0 572.0 119.0 512.0 131.0 bridge 0
606.0 292.0 608.0 292.0 608.0 329.0 606.0 329.0 bridge 0
224.0 196.0 256.0 178.0 280.0 223.0 248.0 241.0 bridge 0
260.0 183.0 293.0 163.0 320.0 209.0 287.0 229.0 bridge 0
511.0 38.0 538.0 30.0 543.0 45.0 516.0 53.0 bridge 0
454.0 128.0 461.0 125.0 474.0 156.0 467.0 159.0 bridge 0
133.0 446.0 155.0 446.0 155.0 474.0 133.0 474.0 bridge 0
428.0 457.0 450.0 457.0 449.0 484.0 428.0 484.0 bridge 0
428.0 194.0 450.0 195.0 449.0 216.0 427.0 215.0 bridge 0
136.0 62.0 158.0 65.0 153.0 103.0 132.0 101.0 bridge 0
104.0 540.0 335.0 579.0 334.0 587.0 103.0 548.0 bridge 0
541.0 1.0 550.0 1.0 544.0 9.0 538.0 5.0 bridge 0
267.0 362.0 281.0 352.0 455.0 595.0 441.0 605.0 bridge 0
255.0 99.0 280.0 99.0 280.0 119.0 255.0 119.0 bridge 0
301.0 213.0 327.0 212.0 328.0 231.0 302.0 233.0 bridge 0
124.0 420.0 145.0 415.0 153.0 448.0 133.0 454.0 bridge 0
290.0 344.0 312.0 332.0 326.0 355.0 303.0 368.0 bridge 0
549.0 438.0 571.0 438.0 571.0 466.0 549.0 466.0 bridge 0
552.0 54.0 574.0 57.0 569.0 95.0 548.0 93.0 bridge 0
59.0 504.0 106.0 504.0 106.0 514.0 59.0 514.0 bridge 0
75.0 561.0 124.0 561.0 124.0 587.0 75.0 587.0 bridge 0
372.0 415.0 453.0 431.0 446.0 464.0 365.0 448.0 bridge 0
1.0 494.0 13.0 483.0 18.0 489.0 1.0 504.0 bridge 0
527.0 400.0 608.0 400.0 608.0 420.0 527.0 420.0 bridge 0
559.0 515.0 608.0 515.0 608.0 566.0 559.0 566.0 bridge 0
1.0 524.0 1.0 478.0 68.0 570.0 44.0 587.0 bridge 0
552.0 379.0 573.0 394.0 550.0 426.0 530.0 411.0 bridge 0
237.0 9.0 241.0 6.0 254.0 28.0 250.0 30.0 bridge 0
76.0 7.0 265.0 92.0 260.0 103.0 71.0 18.0 bridge 0
461.0 179.0 608.0 244.0 608.0 260.0 454.0 193.0 bridge 0
253.0 1.0 289.0 1.0 258.0 150.0 224.0 143.0 bridge 0
414.0 577.0 426.0 588.0 409.0 608.0 387.0 608.0 bridge 0
161.0 1.0 175.0 1.0 148.0 141.0 134.0 138.0 bridge 0
557.0 84.0 572.0 78.0 574.0 83.0 559.0 89.0 bridge 0
338.0 314.0 368.0 313.0 368.0 349.0 339.0 349.0 bridge 0
356.0 410.0 402.0 398.0 413.0 438.0 367.0 450.0 bridge 0
345.0 210.0 405.0 203.0 412.0 259.0 351.0 266.0 bridge 0
337.0 181.0 344.0 176.0 431.0 297.0 424.0 302.0 bridge 0
510.0 333.0 608.0 326.0 608.0 336.0 511.0 342.0 bridge 0
596.0 346.0 608.0 357.0 608.0 391.0 579.0 363.0 bridge 0
52.0 569.0 85.0 569.0 86.0 599.0 53.0 600.0 bridge 0
1.0 159.0 41.0 158.0 44.0 224.0 1.0 225.0 bridge 0
52.0 367.0 63.0 374.0 34.0 420.0 23.0 413.0 bridge 0
1.0 293.0 46.0 293.0 46.0 315.0 1.0 316.0 bridge 0
1.0 87.0 26.0 87.0 27.0 106.0 1.0 106.0 bridge 0
44.0 217.0 54.0 209.0 73.0 235.0 63.0 242.0 bridge 0
57.0 202.0 67.0 194.0 88.0 220.0 79.0 228.0 bridge 0
507.0 385.0 524.0 388.0 514.0 455.0 496.0 452.0 bridge 0
529.0 391.0 548.0 394.0 538.0 457.0 519.0 454.0 bridge 0
563.0 403.0 586.0 406.0 577.0 470.0 554.0 467.0 bridge 0
56.0 183.0 133.0 191.0 129.0 230.0 52.0 222.0 bridge 0
58.0 236.0 134.0 244.0 132.0 264.0 56.0 256.0 bridge 0
67.0 152.0 142.0 160.0 140.0 180.0 65.0 172.0 bridge 0
126.0 133.0 141.0 132.0 144.0 165.0 129.0 166.0 bridge 0
26.0 602.0 39.0 600.0 40.0 608.0 26.0 608.0 bridge 0
14.0 111.0 254.0 64.0 257.0 82.0 17.0 129.0 bridge 0
217.0 608.0 479.0 538.0 485.0 559.0 301.0 608.0 bridge 0
559.0 280.0 603.0 280.0 603.0 345.0 559.0 345.0 bridge 0
51.0 11.0 65.0 7.0 67.0 14.0 54.0 18.0 bridge 0
23.0 56.0 26.0 54.0 33.0 70.0 29.0 71.0 bridge 0
184.0 268.0 195.0 263.0 197.0 268.0 186.0 273.0 bridge 0
230.0 357.0 241.0 353.0 243.0 358.0 232.0 362.0 bridge 0
314.0 524.0 327.0 519.0 328.0 523.0 316.0 527.0 bridge 0
451.0 471.0 453.0 470.0 459.0 479.0 456.0 481.0 bridge 0
602.0 35.0 608.0 34.0 608.0 73.0 604.0 74.0 bridge 2
249.0 448.0 290.0 438.0 307.0 505.0 266.0 516.0 bridge 0
580.0 297.0 608.0 281.0 608.0 344.0 607.0 345.0 bridge 0
21.0 46.0 43.0 44.0 45.0 67.0 23.0 69.0 bridge 0
86.0 30.0 100.0 28.0 102.0 57.0 88.0 59.0 bridge 0
151.0 64.0 195.0 64.0 195.0 129.0 151.0 129.0 bridge 0
156.0 484.0 196.0 484.0 196.0 525.0 156.0 525.0 bridge 0
325.0 226.0 357.0 216.0 366.0 241.0 334.0 252.0 bridge 0
53.0 4.0 112.0 3.0 113.0 75.0 54.0 75.0 bridge 0
89.0 197.0 180.0 172.0 202.0 252.0 111.0 277.0 bridge 0
53.0 179.0 359.0 314.0 353.0 328.0 46.0 193.0 bridge 0
119.0 400.0 213.0 400.0 213.0 420.0 119.0 420.0 bridge 0
151.0 515.0 248.0 515.0 248.0 566.0 151.0 566.0 bridge 0
1.0 578.0 518.0 187.0 539.0 214.0 9.0 608.0 bridge 0
1.0 32.0 16.0 26.0 23.0 45.0 1.0 53.0 bridge 0
47.0 204.0 76.0 193.0 85.0 217.0 56.0 228.0 bridge 0
24.0 239.0 41.0 234.0 49.0 259.0 32.0 264.0 bridge 0
185.0 509.0 203.0 502.0 210.0 522.0 192.0 528.0 bridge 0
102.0 212.0 117.0 207.0 124.0 231.0 110.0 236.0 bridge 0
297.0 131.0 311.0 132.0 308.0 162.0 294.0 160.0 bridge 0
450.0 142.0 463.0 137.0 491.0 210.0 478.0 215.0 bridge 0
473.0 134.0 486.0 129.0 513.0 202.0 500.0 207.0 bridge 0
550.0 1.0 580.0 1.0 591.0 28.0 565.0 38.0 bridge 0
273.0 544.0 301.0 544.0 301.0 571.0 272.0 571.0 bridge 0
500.0 165.0 589.0 131.0 600.0 160.0 511.0 194.0 bridge 0
248.0 291.0 292.0 291.0 291.0 345.0 248.0 345.0 bridge 0
52.0 323.0 75.0 314.0 79.0 324.0 56.0 333.0 bridge 0
494.0 551.0 499.0 548.0 510.0 567.0 505.0 570.0 bridge 0
43.0 11.0 57.0 7.0 59.0 14.0 46.0 18.0 bridge 0
15.0 56.0 18.0 54.0 25.0 70.0 21.0 71.0 bridge 0
176.0 268.0 187.0 263.0 189.0 268.0 178.0 273.0 bridge 0
222.0 357.0 233.0 353.0 235.0 358.0 224.0 362.0 bridge 0
306.0 524.0 319.0 519.0 320.0 523.0 308.0 527.0 bridge 0
443.0 471.0 445.0 470.0 451.0 479.0 448.0 481.0 bridge 0
460.0 161.0 493.0 161.0 494.0 191.0 461.0 192.0 bridge 0
369.0 608.0 608.0 427.0 608.0 470.0 426.0 608.0 bridge 0
209.0 264.0 608.0 332.0 608.0 348.0 206.0 280.0 bridge 0
454.0 82.0 498.0 65.0 504.0 80.0 459.0 97.0 bridge 0
152.0 423.0 530.0 592.0 514.0 608.0 142.0 445.0 bridge 0
1.0 38.0 24.0 26.0 31.0 45.0 4.0 55.0 bridge 0
55.0 204.0 84.0 193.0 93.0 217.0 64.0 228.0 bridge 0
32.0 239.0 49.0 234.0 57.0 259.0 40.0 264.0 bridge 0
193.0 509.0 211.0 502.0 218.0 522.0 200.0 528.0 bridge 0
110.0 212.0 125.0 207.0 132.0 231.0 118.0 236.0 bridge 0
305.0 131.0 319.0 132.0 316.0 162.0 302.0 160.0 bridge 0
458.0 142.0 471.0 137.0 499.0 210.0 486.0 215.0 bridge 0
481.0 134.0 494.0 129.0 521.0 202.0 508.0 207.0 bridge 0
1.0 173.0 27.0 151.0 37.0 163.0 1.0 193.0 bridge 0
1.0 557.0 1.0 520.0 54.0 590.0 36.0 604.0 bridge 0
464.0 591.0 541.0 599.0 540.0 608.0 462.0 608.0 bridge 0
475.0 560.0 550.0 568.0 548.0 588.0 473.0 580.0 bridge 0
288.0 125.0 332.0 130.0 323.0 207.0 280.0 202.0 bridge 0
98.0 168.0 114.0 181.0 102.0 196.0 86.0 183.0 bridge 0
180.0 213.0 228.0 221.0 223.0 251.0 175.0 243.0 bridge 0
515.0 385.0 532.0 388.0 522.0 455.0 504.0 452.0 bridge 0
537.0 391.0 556.0 394.0 546.0 457.0 527.0 454.0 bridge 0
571.0 403.0 594.0 406.0 585.0 470.0 562.0 467.0 bridge 0
324.0 471.0 338.0 467.0 344.0 489.0 330.0 493.0 bridge 0
371.0 293.0 381.0 297.0 363.0 339.0 353.0 335.0 bridge 0
1.0 581.0 27.0 559.0 37.0 571.0 1.0 601.0 bridge 0
439.0 17.0 493.0 18.0 492.0 54.0 439.0 53.0 bridge 0
141.0 446.0 163.0 446.0 163.0 474.0 141.0 474.0 bridge 0
436.0 457.0 458.0 457.0 457.0 484.0 436.0 484.0 bridge 0
436.0 194.0 458.0 195.0 457.0 216.0 435.0 215.0 bridge 0
144.0 62.0 166.0 65.0 161.0 103.0 140.0 101.0 bridge 0
298.0 377.0 387.0 465.0 378.0 474.0 289.0 385.0 bridge 0
484.0 7.0 608.0 62.0 608.0 76.0 479.0 18.0 bridge 0
88.0 42.0 108.0 27.0 147.0 78.0 127.0 93.0 bridge 0
115.0 12.0 133.0 1.0 177.0 49.0 159.0 64.0 bridge 0
317.0 1.0 326.0 1.0 320.0 9.0 314.0 5.0 bridge 0
51.0 504.0 98.0 504.0 98.0 514.0 51.0 514.0 bridge 0
67.0 561.0 116.0 561.0 116.0 587.0 67.0 587.0 bridge 0
512.0 540.0 608.0 556.0 608.0 564.0 511.0 548.0 bridge 0
69.0 145.0 99.0 155.0 97.0 159.0 67.0 149.0 bridge 0
461.0 9.0 465.0 6.0 478.0 28.0 474.0 30.0 bridge 0
560.0 423.0 608.0 444.0 608.0 470.0 550.0 445.0 bridge 0
324.0 63.0 338.0 59.0 344.0 81.0 330.0 85.0 bridge 0
118.0 13.0 157.0 2.0 169.0 43.0 130.0 54.0 bridge 0
265.0 116.0 307.0 116.0 307.0 252.0 265.0 252.0 bridge 0
307.0 103.0 347.0 103.0 347.0 243.0 307.0 243.0 bridge 0
46.0 82.0 90.0 65.0 96.0 80.0 51.0 97.0 bridge 0
1.0 298.0 263.0 343.0 261.0 359.0 1.0 314.0 bridge 0
587.0 119.0 608.0 230.0 564.0 351.0 489.0 323.0 bridge 0
514.0 466.0 522.0 461.0 548.0 504.0 540.0 509.0 bridge 0
434.0 488.0 450.0 488.0 451.0 503.0 434.0 504.0 bridge 0
428.0 602.0 450.0 603.0 449.0 608.0 427.0 608.0 bridge 0
136.0 470.0 158.0 473.0 153.0 511.0 132.0 509.0 bridge 0
134.0 100.0 157.0 103.0 154.0 128.0 131.0 125.0 bridge 0
549.0 84.0 564.0 78.0 566.0 83.0 551.0 89.0 bridge 0
330.0 314.0 360.0 313.0 360.0 349.0 331.0 349.0 bridge 0
348.0 410.0 394.0 398.0 405.0 438.0 359.0 450.0 bridge 0
467.0 504.0 514.0 504.0 514.0 514.0 467.0 514.0 bridge 0
483.0 561.0 532.0 561.0 532.0 587.0 483.0 587.0 bridge 0
159.0 554.0 171.0 545.0 203.0 592.0 191.0 600.0 bridge 0
193.0 551.0 205.0 542.0 238.0 589.0 226.0 597.0 bridge 0
106.0 58.0 114.0 53.0 140.0 96.0 132.0 101.0 bridge 0
593.0 350.0 598.0 352.0 589.0 373.0 584.0 371.0 bridge 0
103.0 446.0 130.0 438.0 135.0 453.0 108.0 461.0 bridge 0
46.0 536.0 53.0 533.0 66.0 564.0 59.0 567.0 bridge 0
461.0 233.0 465.0 230.0 478.0 252.0 474.0 254.0 bridge 0
406.0 146.0 441.0 152.0 421.0 287.0 385.0 281.0 bridge 0
450.0 158.0 488.0 164.0 469.0 291.0 431.0 285.0 bridge 0
518.0 182.0 565.0 189.0 547.0 317.0 500.0 310.0 bridge 0
14.0 519.0 254.0 472.0 257.0 490.0 17.0 537.0 bridge 0
550.0 133.0 588.0 158.0 571.0 184.0 533.0 159.0 bridge 0
96.0 556.0 102.0 556.0 102.0 571.0 96.0 571.0 bridge 0
1.0 148.0 71.0 130.0 77.0 151.0 1.0 171.0 bridge 0
26.0 80.0 42.0 80.0 43.0 95.0 26.0 96.0 bridge 0
219.0 212.0 246.0 213.0 246.0 231.0 219.0 230.0 bridge 0
231.0 456.0 273.0 442.0 287.0 484.0 245.0 498.0 bridge 0
1.0 270.0 110.0 187.0 131.0 214.0 1.0 313.0 bridge 0
472.0 493.0 482.0 501.0 471.0 517.0 461.0 509.0 bridge 0
1.0 493.0 259.0 297.0 269.0 311.0 1.0 515.0 bridge 0
154.0 235.0 161.0 233.0 164.0 244.0 157.0 246.0 bridge 0
461.0 131.0 471.0 130.0 472.0 152.0 462.0 152.0 bridge 0
442.0 249.0 608.0 204.0 608.0 227.0 448.0 270.0 bridge 0
429.0 46.0 451.0 44.0 453.0 67.0 431.0 69.0 bridge 0
494.0 30.0 508.0 28.0 510.0 57.0 496.0 59.0 bridge 0
288.0 533.0 332.0 538.0 323.0 608.0 280.0 608.0 bridge 0
19.0 295.0 159.0 324.0 155.0 346.0 14.0 318.0 bridge 0
49.0 263.0 189.0 292.0 185.0 314.0 44.0 286.0 bridge 0
255.0 515.0 280.0 515.0 280.0 535.0 255.0 535.0 bridge 0
552.0 470.0 574.0 473.0 569.0 511.0 548.0 509.0 bridge 0
550.0 100.0 573.0 103.0 570.0 128.0 547.0 125.0 bridge 0
460.0 569.0 493.0 569.0 494.0 599.0 461.0 600.0 bridge 0
105.0 400.0 608.0 19.0 608.0 62.0 126.0 428.0 bridge 0
52.0 177.0 92.0 192.0 70.0 250.0 30.0 235.0 bridge 0
43.0 427.0 57.0 423.0 59.0 430.0 46.0 434.0 bridge 0
15.0 472.0 18.0 470.0 25.0 486.0 21.0 487.0 bridge 0
499.0 337.0 502.0 336.0 506.0 344.0 504.0 346.0 bridge 0
57.0 50.0 62.0 50.0 63.0 67.0 58.0 67.0 bridge 0
390.0 6.0 396.0 6.0 398.0 24.0 392.0 24.0 bridge 0
408.0 59.0 425.0 57.0 426.0 65.0 409.0 67.0 bridge 0
403.0 69.0 429.0 66.0 431.0 82.0 405.0 86.0 bridge 0
408.0 86.0 429.0 84.0 430.0 90.0 409.0 92.0 bridge 0
63.0 270.0 70.0 270.0 72.0 286.0 64.0 287.0 bridge 0
418.0 227.0 429.0 226.0 430.0 237.0 419.0 238.0 bridge 0
451.0 219.0 458.0 218.0 459.0 232.0 452.0 233.0 bridge 0
13.0 505.0 19.0 504.0 24.0 535.0 17.0 536.0 bridge 0
521.0 100.0 529.0 99.0 531.0 112.0 523.0 113.0 bridge 0
152.0 15.0 530.0 184.0 520.0 206.0 142.0 37.0 bridge 0
55.0 24.0 66.0 21.0 75.0 50.0 65.0 53.0 bridge 0
106.0 359.0 608.0 579.0 602.0 608.0 93.0 387.0 bridge 0
31.0 425.0 85.0 426.0 84.0 462.0 31.0 461.0 bridge 0
577.0 297.0 604.0 322.0 595.0 331.0 569.0 306.0 bridge 0
578.0 271.0 608.0 298.0 606.0 311.0 570.0 280.0 bridge 0
559.0 64.0 603.0 64.0 603.0 129.0 559.0 129.0 bridge 0
564.0 484.0 604.0 484.0 604.0 525.0 564.0 525.0 bridge 0
1.0 422.0 45.0 431.0 38.0 464.0 1.0 456.0 bridge 0
151.0 280.0 195.0 280.0 195.0 345.0 151.0 345.0 bridge 0
271.0 336.0 293.0 336.0 293.0 368.0 271.0 368.0 bridge 0
274.0 546.0 294.0 546.0 294.0 566.0 274.0 566.0 bridge 0
249.0 232.0 290.0 222.0 307.0 289.0 266.0 300.0 bridge 0
580.0 81.0 608.0 65.0 608.0 128.0 607.0 129.0 bridge 0
248.0 576.0 266.0 562.0 301.0 608.0 273.0 608.0 bridge 0
38.0 197.0 56.0 187.0 260.0 554.0 243.0 564.0 bridge 0
52.0 331.0 75.0 331.0 75.0 339.0 52.0 339.0 bridge 0
49.0 345.0 75.0 344.0 76.0 359.0 50.0 360.0 bridge 0
52.0 324.0 74.0 324.0 74.0 330.0 52.0 330.0 bridge 0
53.0 220.0 112.0 219.0 113.0 291.0 54.0 291.0 bridge 0
89.0 413.0 180.0 388.0 202.0 468.0 111.0 493.0 bridge 0
1.0 296.0 58.0 296.0 58.0 317.0 1.0 317.0 bridge 0
26.0 1.0 41.0 1.0 34.0 12.0 23.0 5.0 bridge 0
1.0 402.0 14.0 397.0 29.0 436.0 1.0 446.0 bridge 0
271.0 29.0 300.0 29.0 300.0 33.0 271.0 33.0 bridge 0
103.0 38.0 130.0 30.0 135.0 45.0 108.0 53.0 bridge 0
46.0 128.0 53.0 125.0 66.0 156.0 59.0 159.0 bridge 0
369.0 552.0 391.0 543.0 395.0 553.0 373.0 562.0 bridge 0
13.0 89.0 19.0 88.0 24.0 119.0 17.0 120.0 bridge 0
38.0 435.0 53.0 433.0 54.0 442.0 39.0 443.0 bridge 0
512.0 556.0 518.0 556.0 518.0 571.0 512.0 571.0 bridge 0
205.0 147.0 275.0 162.0 273.0 173.0 203.0 159.0 bridge 0
220.0 131.0 290.0 146.0 288.0 157.0 218.0 143.0 bridge 0
1.0 83.0 311.0 220.0 299.0 248.0 1.0 117.0 bridge 0
69.0 553.0 99.0 563.0 97.0 567.0 67.0 557.0 bridge 0
256.0 200.0 520.0 1.0 549.0 1.0 267.0 214.0 bridge 0
560.0 15.0 608.0 36.0 608.0 62.0 550.0 37.0 bridge 0
587.0 128.0 606.0 130.0 606.0 140.0 586.0 139.0 bridge 0
345.0 426.0 405.0 419.0 412.0 475.0 351.0 482.0 bridge 0
434.0 72.0 450.0 72.0 451.0 87.0 434.0 88.0 bridge 0
300.0 1.0 318.0 1.0 294.0 78.0 277.0 73.0 bridge 0
338.0 1.0 352.0 1.0 331.0 81.0 315.0 76.0 bridge 0
299.0 89.0 319.0 78.0 333.0 104.0 314.0 115.0 bridge 0
514.0 58.0 522.0 53.0 548.0 96.0 540.0 101.0 bridge 0
380.0 109.0 421.0 75.0 426.0 81.0 385.0 115.0 bridge 0
106.0 466.0 114.0 461.0 140.0 504.0 132.0 509.0 bridge 0
46.0 490.0 90.0 473.0 96.0 488.0 51.0 505.0 bridge 0
248.0 352.0 266.0 338.0 462.0 590.0 444.0 604.0 bridge 0
53.0 1.0 76.0 1.0 260.0 330.0 243.0 340.0 bridge 0
54.0 608.0 171.0 595.0 173.0 606.0 155.0 608.0 bridge 0
329.0 1.0 387.0 57.0 378.0 66.0 312.0 1.0 bridge 0
542.0 549.0 580.0 574.0 563.0 600.0 525.0 575.0 bridge 0
339.0 324.0 345.0 322.0 349.0 337.0 344.0 338.0 bridge 0
380.0 517.0 421.0 483.0 426.0 489.0 385.0 523.0 bridge 0
1.0 279.0 1.0 264.0 23.0 297.0 16.0 302.0 bridge 0
102.0 333.0 360.0 316.0 361.0 326.0 103.0 342.0 bridge 0
541.0 85.0 606.0 84.0 608.0 118.0 548.0 129.0 bridge 0
29.0 56.0 59.0 32.0 324.0 367.0 294.0 390.0 bridge 0
74.0 35.0 104.0 11.0 369.0 346.0 339.0 369.0 bridge 0
104.0 255.0 151.0 255.0 151.0 270.0 104.0 270.0 bridge 0
99.0 283.0 151.0 281.0 152.0 311.0 101.0 313.0 bridge 0
104.0 241.0 149.0 241.0 149.0 252.0 104.0 252.0 bridge 0
141.0 438.0 163.0 438.0 163.0 466.0 141.0 466.0 bridge 0
436.0 449.0 458.0 449.0 457.0 476.0 436.0 476.0 bridge 0
436.0 186.0 458.0 187.0 457.0 208.0 435.0 207.0 bridge 0
144.0 54.0 166.0 57.0 161.0 95.0 140.0 93.0 bridge 0
0.0 59.0 17.0 57.0 18.0 65.0 1.0 67.0 bridge 0
1.0 68.0 21.0 66.0 23.0 82.0 1.0 85.0 bridge 0
0.0 86.0 21.0 84.0 22.0 90.0 1.0 92.0 bridge 0
10.0 227.0 21.0 226.0 22.0 237.0 11.0 238.0 bridge 0
43.0 219.0 50.0 218.0 51.0 232.0 44.0 233.0 bridge 0
113.0 100.0 121.0 99.0 123.0 112.0 115.0 113.0 bridge 0
211.0 288.0 235.0 288.0 235.0 349.0 211.0 349.0 bridge 0
283.0 269.0 327.0 269.0 327.0 324.0 283.0 324.0 bridge 0
51.0 512.0 98.0 512.0 98.0 522.0 51.0 522.0 bridge 0
67.0 569.0 116.0 569.0 116.0 595.0 67.0 595.0 bridge 0
391.0 267.0 396.0 264.0 405.0 281.0 400.0 284.0 bridge 0
467.0 512.0 514.0 512.0 514.0 522.0 467.0 522.0 bridge 0
483.0 569.0 532.0 569.0 532.0 595.0 483.0 595.0 bridge 0
159.0 562.0 171.0 553.0 203.0 600.0 191.0 608.0 bridge 0
193.0 559.0 205.0 550.0 238.0 597.0 226.0 605.0 bridge 0
549.0 76.0 564.0 70.0 566.0 75.0 551.0 81.0 bridge 0
330.0 306.0 360.0 305.0 360.0 341.0 331.0 341.0 bridge 0
348.0 402.0 394.0 390.0 405.0 430.0 359.0 442.0 bridge 0
76.0 262.0 107.0 259.0 109.0 276.0 78.0 279.0 bridge 0
269.0 220.0 328.0 219.0 329.0 291.0 270.0 291.0 bridge 0
305.0 413.0 396.0 388.0 418.0 468.0 327.0 493.0 bridge 0
0.0 412.0 343.0 374.0 346.0 396.0 3.0 435.0 bridge 0
134.0 59.0 193.0 59.0 193.0 66.0 134.0 66.0 bridge 0
98.0 100.0 158.0 88.0 164.0 119.0 104.0 131.0 bridge 0
198.0 292.0 209.0 292.0 209.0 329.0 198.0 329.0 bridge 0
49.0 254.0 79.0 248.0 82.0 263.0 52.0 269.0 bridge 0
99.0 350.0 104.0 350.0 104.0 368.0 99.0 368.0 bridge 0
26.0 488.0 42.0 488.0 43.0 503.0 26.0 504.0 bridge 0
273.0 136.0 301.0 136.0 301.0 163.0 272.0 163.0 bridge 0
550.0 141.0 588.0 166.0 571.0 192.0 533.0 167.0 bridge 0
133.0 85.0 197.0 75.0 204.0 118.0 140.0 129.0 bridge 0
326.0 42.0 338.0 39.0 345.0 67.0 333.0 70.0 bridge 0
161.0 297.0 188.0 322.0 179.0 331.0 153.0 306.0 bridge 0
162.0 271.0 197.0 304.0 189.0 313.0 154.0 280.0 bridge 0
67.0 15.0 83.0 25.0 56.0 64.0 40.0 54.0 bridge 0
124.0 177.0 161.0 177.0 161.0 187.0 124.0 187.0 bridge 0
118.0 421.0 157.0 410.0 169.0 451.0 130.0 462.0 bridge 0
265.0 290.0 298.0 290.0 298.0 338.0 265.0 338.0 bridge 0
302.0 288.0 335.0 288.0 335.0 333.0 302.0 333.0 bridge 0
265.0 524.0 307.0 524.0 307.0 608.0 265.0 608.0 bridge 0
307.0 511.0 347.0 511.0 347.0 608.0 307.0 608.0 bridge 0
96.0 564.0 102.0 564.0 102.0 579.0 96.0 579.0 bridge 0
477.0 283.0 553.0 333.0 519.0 385.0 443.0 335.0 bridge 0
383.0 340.0 397.0 332.0 401.0 338.0 387.0 347.0 bridge 0
549.0 492.0 564.0 486.0 566.0 491.0 551.0 497.0 bridge 0
310.0 410.0 326.0 415.0 302.0 494.0 285.0 489.0 bridge 0
347.0 413.0 364.0 418.0 339.0 497.0 323.0 492.0 bridge 0
512.0 255.0 559.0 255.0 559.0 270.0 512.0 270.0 bridge 0
507.0 283.0 559.0 281.0 560.0 311.0 509.0 313.0 bridge 0
512.0 241.0 557.0 241.0 557.0 252.0 512.0 252.0 bridge 0
588.0 213.0 608.0 216.0 608.0 247.0 583.0 243.0 bridge 0
43.0 19.0 57.0 15.0 59.0 22.0 46.0 26.0 bridge 0
15.0 64.0 18.0 62.0 25.0 78.0 21.0 79.0 bridge 0
176.0 276.0 187.0 271.0 189.0 276.0 178.0 281.0 bridge 0
222.0 365.0 233.0 361.0 235.0 366.0 224.0 370.0 bridge 0
306.0 532.0 319.0 527.0 320.0 531.0 308.0 535.0 bridge 0
443.0 479.0 445.0 478.0 451.0 487.0 448.0 489.0 bridge 0
422.0 111.0 608.0 74.0 608.0 93.0 425.0 129.0 bridge 0
475.0 15.0 491.0 25.0 464.0 64.0 448.0 54.0 bridge 0
532.0 177.0 569.0 177.0 569.0 187.0 532.0 187.0 bridge 0
526.0 421.0 565.0 410.0 577.0 451.0 538.0 462.0 bridge 0
1.0 556.0 71.0 538.0 77.0 559.0 1.0 579.0 bridge 0
56.0 591.0 133.0 599.0 132.0 608.0 54.0 608.0 bridge 0
67.0 560.0 142.0 568.0 140.0 588.0 65.0 580.0 bridge 0
172.0 81.0 217.0 56.0 244.0 103.0 199.0 129.0 bridge 0
1.0 46.0 24.0 34.0 31.0 53.0 4.0 63.0 bridge 0
55.0 212.0 84.0 201.0 93.0 225.0 64.0 236.0 bridge 0
32.0 247.0 49.0 242.0 57.0 267.0 40.0 272.0 bridge 0
193.0 517.0 211.0 510.0 218.0 530.0 200.0 536.0 bridge 0
110.0 220.0 125.0 215.0 132.0 239.0 118.0 244.0 bridge 0
305.0 139.0 319.0 140.0 316.0 170.0 302.0 168.0 bridge 0
458.0 150.0 471.0 145.0 499.0 218.0 486.0 223.0 bridge 0
481.0 142.0 494.0 137.0 521.0 210.0 508.0 215.0 bridge 0
202.0 278.0 231.0 281.0 225.0 340.0 196.0 337.0 bridge 0
509.0 301.0 535.0 291.0 591.0 436.0 565.0 446.0 bridge 0
554.0 285.0 580.0 275.0 608.0 348.0 608.0 427.0 bridge 0
390.0 207.0 430.0 215.0 427.0 232.0 386.0 224.0 bridge 0
114.0 101.0 125.0 101.0 127.0 135.0 116.0 135.0 bridge 0
126.0 541.0 141.0 540.0 144.0 573.0 129.0 574.0 bridge 0
437.0 56.0 467.0 32.0 608.0 210.0 608.0 271.0 bridge 0
482.0 35.0 512.0 11.0 608.0 132.0 608.0 193.0 bridge 0
381.0 286.0 411.0 262.0 457.0 320.0 427.0 344.0 bridge 0
362.0 341.0 393.0 315.0 429.0 358.0 399.0 384.0 bridge 0
1.0 501.0 49.0 477.0 62.0 515.0 9.0 534.0 bridge 0
271.0 24.0 282.0 21.0 291.0 50.0 281.0 53.0 bridge 0
369.0 81.0 428.0 79.0 430.0 112.0 370.0 114.0 bridge 0
405.0 352.0 437.0 352.0 437.0 362.0 405.0 362.0 bridge 0
434.0 183.0 439.0 187.0 425.0 210.0 419.0 206.0 bridge 0
407.0 147.0 431.0 146.0 431.0 157.0 408.0 158.0 bridge 0
402.0 44.0 421.0 43.0 421.0 53.0 402.0 53.0 bridge 0
314.0 262.0 335.0 261.0 337.0 305.0 316.0 305.0 bridge 0
515.0 377.0 532.0 380.0 522.0 447.0 504.0 444.0 bridge 0
537.0 383.0 556.0 386.0 546.0 449.0 527.0 446.0 bridge 0
571.0 395.0 594.0 398.0 585.0 462.0 562.0 459.0 bridge 0
353.0 248.0 363.0 243.0 370.0 256.0 361.0 261.0 bridge 0
283.0 56.0 320.0 70.0 282.0 175.0 244.0 161.0 bridge 0
271.0 344.0 293.0 344.0 293.0 376.0 271.0 376.0 bridge 0
274.0 554.0 294.0 554.0 294.0 574.0 274.0 574.0 bridge 0
26.0 1.0 44.0 1.0 33.0 19.0 20.0 11.0 bridge 0
134.0 467.0 193.0 467.0 193.0 474.0 134.0 474.0 bridge 0
104.0 132.0 335.0 171.0 334.0 179.0 103.0 140.0 bridge 0
369.0 144.0 391.0 135.0 395.0 145.0 373.0 154.0 bridge 0
460.0 323.0 483.0 314.0 487.0 324.0 464.0 333.0 bridge 0
98.0 508.0 158.0 496.0 164.0 527.0 104.0 539.0 bridge 0
484.0 415.0 608.0 470.0 608.0 484.0 479.0 426.0 bridge 0
90.0 1.0 181.0 1.0 141.0 109.0 61.0 79.0 bridge 0
427.0 295.0 567.0 324.0 563.0 346.0 422.0 318.0 bridge 0
457.0 263.0 597.0 292.0 593.0 314.0 452.0 286.0 bridge 0
110.0 17.0 162.0 1.0 187.0 43.0 128.0 65.0 bridge 0
65.0 87.0 98.0 76.0 115.0 126.0 81.0 137.0 bridge 0
221.0 33.0 250.0 23.0 265.0 70.0 236.0 80.0 bridge 0
13.0 97.0 19.0 96.0 24.0 127.0 17.0 128.0 bridge 0
38.0 443.0 53.0 441.0 54.0 450.0 39.0 451.0 bridge 0
512.0 564.0 518.0 564.0 518.0 579.0 512.0 579.0 bridge 0
1.0 279.0 15.0 281.0 9.0 340.0 1.0 339.0 bridge 0
293.0 301.0 319.0 291.0 375.0 436.0 349.0 446.0 bridge 0
338.0 285.0 364.0 275.0 419.0 420.0 393.0 430.0 bridge 0
434.0 80.0 450.0 80.0 451.0 95.0 434.0 96.0 bridge 0
345.0 362.0 352.0 366.0 320.0 417.0 314.0 413.0 bridge 0
546.0 291.0 606.0 311.0 603.0 319.0 543.0 299.0 bridge 0
271.0 437.0 300.0 437.0 300.0 441.0 271.0 441.0 bridge 0
302.0 2.0 318.0 7.0 294.0 86.0 277.0 81.0 bridge 0
339.0 5.0 356.0 10.0 331.0 89.0 315.0 84.0 bridge 0
395.0 296.0 404.0 293.0 412.0 319.0 403.0 322.0 bridge 0
526.0 13.0 565.0 2.0 577.0 43.0 538.0 54.0 bridge 0
121.0 153.0 157.0 132.0 184.0 178.0 148.0 199.0 bridge 0
162.0 137.0 193.0 118.0 219.0 162.0 188.0 181.0 bridge 0
1.0 4.0 36.0 1.0 240.0 1.0 3.0 27.0 bridge 0
502.0 347.0 517.0 335.0 540.0 364.0 525.0 376.0 bridge 0
493.0 374.0 508.0 361.0 526.0 383.0 511.0 396.0 bridge 0
218.0 28.0 233.0 16.0 366.0 183.0 351.0 195.0 bridge 0
241.0 17.0 256.0 5.0 388.0 173.0 373.0 184.0 bridge 0
1.0 448.0 16.0 442.0 23.0 461.0 1.0 469.0 bridge 0
297.0 547.0 311.0 548.0 308.0 578.0 294.0 576.0 bridge 0
450.0 558.0 463.0 553.0 484.0 608.0 469.0 608.0 bridge 0
473.0 550.0 486.0 545.0 509.0 608.0 494.0 608.0 bridge 0
269.0 41.0 285.0 36.0 293.0 56.0 277.0 62.0 bridge 0
266.0 1.0 284.0 1.0 273.0 19.0 260.0 11.0 bridge 0
570.0 205.0 608.0 191.0 608.0 237.0 585.0 246.0 bridge 0
365.0 283.0 396.0 272.0 409.0 309.0 378.0 320.0 bridge 0
24.0 412.0 52.0 402.0 64.0 435.0 36.0 445.0 bridge 0
339.0 316.0 345.0 314.0 349.0 329.0 344.0 330.0 bridge 0
221.0 124.0 443.0 65.0 446.0 75.0 224.0 135.0 bridge 0
278.0 551.0 283.0 548.0 294.0 567.0 289.0 570.0 bridge 0
1.0 93.0 49.0 69.0 62.0 107.0 9.0 126.0 bridge 0
110.0 425.0 169.0 402.0 187.0 451.0 128.0 473.0 bridge 0
65.0 495.0 98.0 484.0 115.0 534.0 81.0 545.0 bridge 0
221.0 441.0 250.0 431.0 265.0 478.0 236.0 488.0 bridge 0
221.0 290.0 278.0 277.0 287.0 317.0 230.0 330.0 bridge 0
232.0 335.0 300.0 320.0 306.0 346.0 237.0 361.0 bridge 0
256.0 359.0 292.0 351.0 295.0 364.0 259.0 372.0 bridge 0
147.0 83.0 179.0 72.0 194.0 113.0 162.0 125.0 bridge 0
26.0 72.0 42.0 72.0 43.0 87.0 26.0 88.0 bridge 0
219.0 204.0 246.0 205.0 246.0 223.0 219.0 222.0 bridge 0
464.0 291.0 508.0 291.0 507.0 345.0 464.0 345.0 bridge 0
189.0 356.0 218.0 361.0 215.0 374.0 187.0 368.0 bridge 0
186.0 342.0 215.0 348.0 213.0 356.0 185.0 351.0 bridge 0
518.0 17.0 570.0 1.0 595.0 43.0 536.0 65.0 bridge 0
473.0 87.0 506.0 76.0 523.0 126.0 489.0 137.0 bridge 0
162.0 205.0 203.0 190.0 218.0 231.0 177.0 246.0 bridge 0
472.0 501.0 482.0 509.0 471.0 525.0 461.0 517.0 bridge 0
500.0 573.0 589.0 539.0 600.0 568.0 511.0 602.0 bridge 0
323.0 316.0 336.0 324.0 273.0 427.0 260.0 419.0 bridge 0
52.0 185.0 92.0 200.0 70.0 258.0 30.0 243.0 bridge 0
83.0 316.0 96.0 324.0 33.0 427.0 20.0 419.0 bridge 0
1.0 74.0 35.0 65.0 38.0 75.0 1.0 85.0 bridge 0
339.0 186.0 392.0 236.0 375.0 254.0 322.0 204.0 bridge 0
340.0 135.0 411.0 200.0 395.0 218.0 324.0 153.0 bridge 0
555.0 83.0 587.0 72.0 602.0 113.0 570.0 125.0 bridge 0
491.0 169.0 521.0 157.0 525.0 166.0 495.0 178.0 bridge 0
247.0 48.0 277.0 72.0 268.0 84.0 237.0 61.0 bridge 0
1.0 129.0 122.0 184.0 112.0 206.0 1.0 155.0 bridge 0
514.0 359.0 608.0 400.0 608.0 433.0 501.0 387.0 bridge 0
231.0 48.0 273.0 34.0 287.0 76.0 245.0 90.0 bridge 0
403.0 496.0 457.0 477.0 470.0 515.0 417.0 534.0 bridge 0
0.0 119.0 34.0 115.0 36.0 131.0 2.0 134.0 bridge 0
1.0 137.0 43.0 132.0 47.0 165.0 1.0 171.0 bridge 0
1.0 172.0 42.0 168.0 44.0 181.0 3.0 185.0 bridge 0
21.0 454.0 43.0 452.0 45.0 475.0 23.0 477.0 bridge 0
86.0 438.0 100.0 436.0 102.0 465.0 88.0 467.0 bridge 0
227.0 200.0 243.0 198.0 246.0 224.0 230.0 226.0 bridge 0
188.0 346.0 366.0 523.0 349.0 540.0 171.0 363.0 bridge 0
285.0 200.0 331.0 206.0 325.0 256.0 279.0 250.0 bridge 0
248.0 389.0 292.0 391.0 291.0 432.0 247.0 431.0 bridge 0
212.0 413.0 245.0 423.0 196.0 581.0 163.0 571.0 bridge 0
287.0 418.0 320.0 428.0 271.0 586.0 238.0 576.0 bridge 0
307.0 432.0 347.0 436.0 339.0 511.0 299.0 507.0 bridge 0
294.0 310.0 318.0 314.0 315.0 329.0 291.0 325.0 bridge 0
316.0 98.0 332.0 89.0 344.0 111.0 328.0 120.0 bridge 0
334.0 91.0 350.0 81.0 364.0 104.0 347.0 114.0 bridge 0
459.0 19.0 473.0 15.0 475.0 22.0 462.0 26.0 bridge 0
431.0 64.0 434.0 62.0 441.0 78.0 437.0 79.0 bridge 0
592.0 276.0 603.0 271.0 605.0 276.0 594.0 281.0 bridge 0
60.0 76.0 78.0 66.0 92.0 89.0 74.0 99.0 bridge 0
81.0 68.0 96.0 59.0 109.0 81.0 94.0 90.0 bridge 0
314.0 145.0 343.0 138.0 347.0 158.0 319.0 165.0 bridge 0
320.0 167.0 354.0 160.0 357.0 173.0 322.0 180.0 bridge 0
332.0 179.0 350.0 175.0 351.0 182.0 333.0 186.0 bridge 0
316.0 506.0 332.0 497.0 344.0 519.0 328.0 528.0 bridge 0
334.0 499.0 350.0 489.0 364.0 512.0 347.0 522.0 bridge 0
459.0 427.0 473.0 423.0 475.0 430.0 462.0 434.0 bridge 0
431.0 472.0 434.0 470.0 441.0 486.0 437.0 487.0 bridge 0
597.0 356.0 608.0 358.0 608.0 371.0 595.0 368.0 bridge 0
594.0 342.0 608.0 345.0 608.0 353.0 593.0 351.0 bridge 0
86.0 97.0 147.0 144.0 128.0 169.0 67.0 122.0 bridge 0
1.0 558.0 1.0 529.0 47.0 595.0 33.0 605.0 bridge 0
376.0 417.0 406.0 413.0 410.0 441.0 379.0 445.0 bridge 0
318.0 500.0 342.0 483.0 407.0 576.0 383.0 593.0 bridge 0
387.0 494.0 411.0 477.0 476.0 570.0 452.0 587.0 bridge 0
53.0 587.0 99.0 608.0 61.0 608.0 46.0 601.0 bridge 0
31.0 17.0 85.0 18.0 84.0 54.0 31.0 53.0 bridge 0
18.0 72.0 34.0 72.0 35.0 87.0 18.0 88.0 bridge 0
211.0 204.0 238.0 205.0 238.0 223.0 211.0 222.0 bridge 0
34.0 249.0 479.0 130.0 485.0 151.0 40.0 270.0 bridge 0
89.0 337.0 125.0 309.0 357.0 608.0 300.0 608.0 bridge 0
1.0 172.0 1.0 89.0 113.0 292.0 78.0 312.0 bridge 0
480.0 501.0 490.0 509.0 479.0 525.0 469.0 517.0 bridge 0
372.0 7.0 453.0 23.0 446.0 56.0 365.0 40.0 bridge 0
334.0 1.0 364.0 1.0 375.0 28.0 349.0 38.0 bridge 0
384.0 1.0 414.0 1.0 419.0 12.0 393.0 22.0 bridge 0
283.0 485.0 327.0 485.0 327.0 540.0 283.0 540.0 bridge 0
1.0 79.0 20.0 79.0 22.0 112.0 1.0 112.0 bridge 0
1.0 352.0 29.0 352.0 29.0 362.0 1.0 362.0 bridge 0
26.0 183.0 31.0 187.0 17.0 210.0 11.0 206.0 bridge 0
1.0 146.0 23.0 146.0 23.0 157.0 1.0 158.0 bridge 0
1.0 43.0 13.0 43.0 13.0 53.0 1.0 53.0 bridge 0
76.0 478.0 107.0 475.0 109.0 492.0 78.0 495.0 bridge 0
269.0 4.0 328.0 3.0 329.0 75.0 270.0 75.0 bridge 0
305.0 197.0 396.0 172.0 418.0 252.0 327.0 277.0 bridge 0
1.0 491.0 265.0 608.0 189.0 608.0 1.0 525.0 bridge 0
0.0 206.0 171.0 187.0 173.0 198.0 1.0 217.0 bridge 0
243.0 453.0 307.0 432.0 324.0 483.0 261.0 504.0 bridge 0
405.0 36.0 432.0 26.0 439.0 45.0 412.0 55.0 bridge 0
463.0 204.0 492.0 193.0 501.0 217.0 472.0 228.0 bridge 0
440.0 239.0 457.0 234.0 465.0 259.0 448.0 264.0 bridge 0
285.0 298.0 305.0 291.0 313.0 311.0 292.0 319.0 bridge 0
182.0 337.0 198.0 332.0 204.0 350.0 189.0 356.0 bridge 0
12.0 402.0 26.0 397.0 32.0 413.0 18.0 418.0 bridge 0
518.0 212.0 533.0 207.0 540.0 231.0 526.0 236.0 bridge 0
310.0 2.0 326.0 7.0 302.0 86.0 285.0 81.0 bridge 0
347.0 5.0 364.0 10.0 339.0 89.0 323.0 84.0 bridge 0
569.0 362.0 576.0 366.0 544.0 417.0 538.0 413.0 bridge 0
340.0 272.0 354.0 272.0 354.0 285.0 340.0 285.0 bridge 0
217.0 1.0 608.0 171.0 608.0 204.0 140.0 1.0 bridge 0
209.0 504.0 220.0 504.0 220.0 535.0 209.0 535.0 bridge 0
299.0 497.0 319.0 486.0 333.0 512.0 314.0 523.0 bridge 0
158.0 112.0 233.0 140.0 156.0 351.0 81.0 323.0 bridge 0
1.0 86.0 13.0 75.0 18.0 81.0 1.0 96.0 bridge 0
331.0 316.0 337.0 314.0 341.0 329.0 336.0 330.0 bridge 0
271.0 240.0 282.0 237.0 291.0 266.0 281.0 269.0 bridge 0
76.0 415.0 265.0 500.0 260.0 511.0 71.0 426.0 bridge 0
461.0 587.0 507.0 608.0 469.0 608.0 454.0 601.0 bridge 0
279.0 344.0 301.0 344.0 301.0 376.0 279.0 376.0 bridge 0
282.0 554.0 302.0 554.0 302.0 574.0 282.0 574.0 bridge 0
38.0 605.0 56.0 595.0 62.0 608.0 39.0 608.0 bridge 2
340.0 543.0 411.0 608.0 375.0 608.0 324.0 561.0 bridge 0
307.0 24.0 347.0 28.0 339.0 103.0 299.0 99.0 bridge 0
261.0 373.0 295.0 380.0 258.0 558.0 224.0 551.0 bridge 0
169.0 369.0 183.0 372.0 148.0 549.0 134.0 546.0 bridge 0
374.0 273.0 403.0 256.0 411.0 269.0 383.0 287.0 bridge 0
243.0 45.0 307.0 24.0 324.0 75.0 261.0 96.0 bridge 0
6.0 169.0 18.0 180.0 1.0 201.0 1.0 176.0 bridge 0
232.0 499.0 270.0 503.0 268.0 523.0 230.0 519.0 bridge 0
233.0 526.0 271.0 530.0 270.0 540.0 232.0 536.0 bridge 0
237.0 484.0 275.0 488.0 274.0 498.0 236.0 494.0 bridge 0
88.0 450.0 108.0 435.0 147.0 486.0 127.0 501.0 bridge 0
115.0 420.0 134.0 405.0 177.0 457.0 159.0 472.0 bridge 0
542.0 467.0 601.0 467.0 601.0 474.0 542.0 474.0 bridge 0
194.0 35.0 247.0 32.0 249.0 71.0 196.0 74.0 bridge 0
172.0 297.0 217.0 272.0 244.0 319.0 199.0 345.0 bridge 0
104.0 371.0 184.0 401.0 141.0 517.0 61.0 487.0 bridge 0
436.0 602.0 458.0 603.0 457.0 608.0 435.0 608.0 bridge 0
144.0 470.0 166.0 473.0 161.0 511.0 140.0 509.0 bridge 0
142.0 100.0 165.0 103.0 162.0 128.0 139.0 125.0 bridge 0
71.0 10.0 104.0 20.0 55.0 178.0 22.0 168.0 bridge 0
1.0 14.0 45.0 23.0 38.0 56.0 1.0 48.0 bridge 0
336.0 379.0 357.0 394.0 334.0 426.0 314.0 411.0 bridge 0
1.0 211.0 22.0 215.0 19.0 232.0 1.0 228.0 bridge 0
51.0 427.0 65.0 423.0 67.0 430.0 54.0 434.0 bridge 0
23.0 472.0 26.0 470.0 33.0 486.0 29.0 487.0 bridge 0
507.0 337.0 510.0 336.0 514.0 344.0 512.0 346.0 bridge 0
1.0 150.0 1.0 121.0 47.0 187.0 33.0 197.0 bridge 0
205.0 258.0 608.0 232.0 608.0 251.0 206.0 277.0 bridge 0
250.0 1.0 366.0 115.0 349.0 132.0 216.0 1.0 bridge 0
256.0 608.0 608.0 342.0 608.0 363.0 285.0 608.0 bridge 0
44.0 225.0 54.0 217.0 73.0 243.0 63.0 250.0 bridge 0
57.0 210.0 67.0 202.0 88.0 228.0 79.0 236.0 bridge 0
574.0 1.0 608.0 1.0 608.0 21.0 585.0 30.0 bridge 0
365.0 67.0 396.0 56.0 409.0 93.0 378.0 104.0 bridge 0
24.0 196.0 52.0 186.0 64.0 219.0 36.0 229.0 bridge 0
507.0 377.0 524.0 380.0 514.0 447.0 496.0 444.0 bridge 0
529.0 383.0 548.0 386.0 538.0 449.0 519.0 446.0 bridge 0
563.0 395.0 586.0 398.0 577.0 462.0 554.0 459.0 bridge 0
464.0 183.0 541.0 191.0 537.0 230.0 460.0 222.0 bridge 0
466.0 236.0 542.0 244.0 540.0 264.0 464.0 256.0 bridge 0
475.0 152.0 550.0 160.0 548.0 180.0 473.0 172.0 bridge 0
1.0 506.0 1.0 433.0 108.0 572.0 73.0 600.0 bridge 0
353.0 218.0 435.0 151.0 445.0 163.0 363.0 230.0 bridge 0
330.0 163.0 449.0 158.0 452.0 224.0 332.0 229.0 bridge 0
460.0 367.0 471.0 374.0 442.0 420.0 431.0 413.0 bridge 0
407.0 294.0 454.0 293.0 454.0 315.0 408.0 316.0 bridge 0
396.0 88.0 434.0 87.0 435.0 106.0 396.0 107.0 bridge 0
460.0 331.0 483.0 331.0 483.0 339.0 460.0 339.0 bridge 0
457.0 345.0 483.0 344.0 484.0 359.0 458.0 360.0 bridge 0
460.0 324.0 482.0 324.0 482.0 330.0 460.0 330.0 bridge 0
51.0 19.0 65.0 15.0 67.0 22.0 54.0 26.0 bridge 0
23.0 64.0 26.0 62.0 33.0 78.0 29.0 79.0 bridge 0
184.0 276.0 195.0 271.0 197.0 276.0 186.0 281.0 bridge 0
230.0 365.0 241.0 361.0 243.0 366.0 232.0 370.0 bridge 0
314.0 532.0 327.0 527.0 328.0 531.0 316.0 535.0 bridge 0
451.0 479.0 453.0 478.0 459.0 487.0 456.0 489.0 bridge 0
158.0 273.0 187.0 256.0 195.0 269.0 167.0 287.0 bridge 0
491.0 577.0 521.0 565.0 525.0 574.0 495.0 586.0 bridge 0
460.0 107.0 483.0 98.0 487.0 108.0 464.0 117.0 bridge 0
325.0 218.0 357.0 208.0 366.0 233.0 334.0 244.0 bridge 0
1.0 537.0 122.0 592.0 106.0 608.0 1.0 563.0 bridge 0
162.0 235.0 169.0 233.0 172.0 244.0 165.0 246.0 bridge 0
469.0 131.0 479.0 130.0 480.0 152.0 470.0 152.0 bridge 0
403.0 88.0 457.0 69.0 470.0 107.0 417.0 126.0 bridge 0
518.0 425.0 577.0 402.0 595.0 451.0 536.0 473.0 bridge 0
473.0 495.0 506.0 484.0 523.0 534.0 489.0 545.0 bridge 0
92.0 165.0 181.0 131.0 192.0 160.0 103.0 194.0 bridge 0
387.0 411.0 422.0 397.0 437.0 436.0 401.0 449.0 bridge 0
212.0 5.0 245.0 15.0 196.0 173.0 163.0 163.0 bridge 0
287.0 10.0 320.0 20.0 271.0 178.0 238.0 168.0 bridge 0
1.0 40.0 16.0 34.0 23.0 53.0 1.0 61.0 bridge 0
47.0 212.0 76.0 201.0 85.0 225.0 56.0 236.0 bridge 0
24.0 247.0 41.0 242.0 49.0 267.0 32.0 272.0 bridge 0
185.0 517.0 203.0 510.0 210.0 530.0 192.0 536.0 bridge 0
102.0 220.0 117.0 215.0 124.0 239.0 110.0 244.0 bridge 0
297.0 139.0 311.0 140.0 308.0 170.0 294.0 168.0 bridge 0
450.0 150.0 463.0 145.0 491.0 218.0 478.0 223.0 bridge 0
473.0 142.0 486.0 137.0 513.0 210.0 500.0 215.0 bridge 0
595.0 128.0 608.0 129.0 608.0 140.0 594.0 139.0 bridge 0
375.0 608.0 435.0 559.0 445.0 571.0 399.0 608.0 bridge 0
1.0 245.0 313.0 225.0 314.0 244.0 1.0 264.0 bridge 0
6.0 577.0 18.0 588.0 1.0 608.0 1.0 584.0 bridge 0
542.0 59.0 601.0 59.0 601.0 66.0 542.0 66.0 bridge 0
464.0 389.0 508.0 391.0 507.0 432.0 463.0 431.0 bridge 0
71.0 418.0 104.0 428.0 55.0 586.0 22.0 576.0 bridge 0
542.0 141.0 580.0 166.0 563.0 192.0 525.0 167.0 bridge 0
207.0 84.0 213.0 90.0 188.0 120.0 181.0 114.0 bridge 0
566.0 257.0 605.0 260.0 604.0 281.0 565.0 279.0 bridge 0
422.0 519.0 608.0 482.0 608.0 501.0 425.0 537.0 bridge 0
550.0 549.0 588.0 574.0 571.0 600.0 533.0 575.0 bridge 0
104.0 564.0 110.0 564.0 110.0 579.0 104.0 579.0 bridge 0
237.0 7.0 245.0 12.0 232.0 32.0 224.0 27.0 bridge 0
266.0 88.0 284.0 88.0 284.0 93.0 266.0 93.0 bridge 0
263.0 210.0 282.0 205.0 288.0 225.0 269.0 231.0 bridge 0
336.0 145.0 353.0 145.0 353.0 169.0 336.0 169.0 bridge 0
355.0 144.0 371.0 144.0 371.0 166.0 355.0 166.0 bridge 0
336.0 262.0 357.0 262.0 357.0 330.0 336.0 330.0 bridge 0
357.0 255.0 377.0 255.0 377.0 325.0 357.0 325.0 bridge 0
153.0 420.0 173.0 422.0 169.0 459.0 149.0 457.0 bridge 0
130.0 594.0 147.0 598.0 145.0 608.0 127.0 608.0 bridge 0
232.0 91.0 270.0 95.0 268.0 115.0 230.0 111.0 bridge 0
84.0 592.0 91.0 594.0 88.0 608.0 81.0 608.0 bridge 0
233.0 118.0 271.0 122.0 270.0 132.0 232.0 128.0 bridge 0
237.0 76.0 275.0 80.0 274.0 90.0 236.0 86.0 bridge 0
5.0 440.0 30.0 431.0 33.0 438.0 8.0 447.0 bridge 0
278.0 335.0 283.0 332.0 294.0 351.0 289.0 354.0 bridge 0
464.0 507.0 508.0 507.0 507.0 561.0 464.0 561.0 bridge 0
463.0 1.0 507.0 1.0 507.0 24.0 463.0 23.0 bridge 0
133.0 438.0 155.0 438.0 155.0 466.0 133.0 466.0 bridge 0
428.0 449.0 450.0 449.0 449.0 476.0 428.0 476.0 bridge 0
428.0 186.0 450.0 187.0 449.0 208.0 427.0 207.0 bridge 0
136.0 54.0 158.0 57.0 153.0 95.0 132.0 93.0 bridge 0
270.0 42.0 302.0 37.0 306.0 59.0 274.0 64.0 bridge 0
367.0 21.0 373.0 19.0 376.0 33.0 370.0 35.0 bridge 0
307.0 311.0 340.0 306.0 343.0 328.0 311.0 333.0 bridge 0
197.0 352.0 202.0 350.0 206.0 363.0 201.0 365.0 bridge 0
570.0 235.0 577.0 233.0 580.0 244.0 573.0 246.0 bridge 0
255.0 107.0 280.0 107.0 280.0 127.0 255.0 127.0 bridge 0
301.0 221.0 327.0 220.0 328.0 239.0 302.0 241.0 bridge 0
124.0 428.0 145.0 423.0 153.0 456.0 133.0 462.0 bridge 0
290.0 352.0 312.0 340.0 326.0 363.0 303.0 376.0 bridge 0
549.0 446.0 571.0 446.0 571.0 474.0 549.0 474.0 bridge 0
552.0 62.0 574.0 65.0 569.0 103.0 548.0 101.0 bridge 0
89.0 97.0 125.0 69.0 516.0 572.0 481.0 600.0 bridge 0
37.0 1.0 83.0 1.0 113.0 52.0 78.0 72.0 bridge 2
59.0 512.0 106.0 512.0 106.0 522.0 59.0 522.0 bridge 0
75.0 569.0 124.0 569.0 124.0 595.0 75.0 595.0 bridge 0
166.0 1.0 212.0 1.0 218.0 15.0 177.0 30.0 bridge 0
1.0 580.0 1.0 497.0 61.0 608.0 15.0 608.0 bridge 2
379.0 304.0 436.0 315.0 431.0 340.0 374.0 329.0 bridge 0
373.0 277.0 430.0 288.0 427.0 305.0 370.0 294.0 bridge 0
557.0 76.0 572.0 70.0 574.0 75.0 559.0 81.0 bridge 0
338.0 306.0 368.0 305.0 368.0 341.0 339.0 341.0 bridge 0
356.0 402.0 402.0 390.0 413.0 430.0 367.0 442.0 bridge 0
213.0 147.0 283.0 162.0 281.0 173.0 211.0 159.0 bridge 0
228.0 131.0 298.0 146.0 296.0 157.0 226.0 143.0 bridge 0
