v-20 0.253322809935 45.6 1137.8 45.6 1171.0 11.6 1171.0 11.6 1137.8
v-20 0.190382316709 1183.6 969.2 1198.6 990.8 1178.4 1005.2 1163.4 983.6
v-20 0.128225758672 1373.4 1183.2 1373.4 1222.2 1324.2 1222.2 1324.2 1183.2
v-5 0.592120707035 1105.2 924.6 1105.2 966.2 1060.2 966.2 1060.2 924.6
v-5 0.411703377962 304.0 1061.0 304.0 1089.6 276.8 1089.6 276.8 1061.0
v-5 0.340148568153 1027.4 1330.6 1027.4 1362.8 997.0 1362.8 997.0 1330.6
v-5 0.155469954014 872.4 1623.4 891.4 1648.4 864.6 1666.6 845.6 1641.8
v-5 0.139820158482 1146.8 836.8 1146.8 868.8 1113.8 868.8 1113.8 836.8
v-7 0.314290046692 842.0 895.2 842.0 925.4 812.4 925.4 812.4 895.2
v-7 0.238874793053 135.2 30.4 135.2 71.8 82.0 71.8 82.0 30.4
v-7 0.16049721837 1637.2 402.0 1637.2 437.8 1604.0 437.8 1604.0 402.0
v-7 0.157408848405 1207.4 1440.6 1207.4 1479.8 1172.6 1479.8 1172.6 1440.6
v-7 0.10652371496 594.4 1829.4 594.4 1858.0 566.8 1858.0 566.8 1829.4
v-4 0.140084505081 34.2 1450.2 34.2 1484.4 4.4 1484.4 4.4 1450.2
v-4 0.126144438982 504.2 1697.4 524.2 1755.0 446.0 1781.2 426.0 1723.6
v-4 0.118766024709 296.8 1437.0 320.0 1477.6 284.2 1500.2 261.0 1459.4
v-4 0.115115687251 886.7 1828.4 886.7 1846.7 868.2 1846.7 868.2 1828.4
v-6 0.119770757854 2018.8 1994.2 2018.8 2031.0 1990.6 2031.0 1990.6 1994.2
v-2 0.13109883666 1041.0 545.4 1041.0 577.6 1010.6 577.6 1010.6 545.4
v-3 0.440639108419 1911.2 871.6 1911.2 946.4 1842.4 946.4 1842.4 871.6
v-3 0.232244029641 1905.8 1525.4 1905.8 1569.4 1862.0 1569.4 1862.0 1525.4
v-3 0.205333471298 1531.0 1500.0 1531.0 1565.0 1469.6 1565.0 1469.6 1500.0
v-3 0.187073796988 1899.4 1917.6 1899.4 1962.0 1854.2 1962.0 1854.2 1917.6
v-3 0.138950452209 1197.4 1927.4 1197.4 1970.4 1144.4 1970.4 1144.4 1927.4
v-12 0.251457393169 831.8 1090.8 831.8 1127.4 796.0 1127.4 796.0 1090.8
v-12 0.191254645586 821.2 1911.2 821.2 1941.6 790.6 1941.6 790.6 1911.2
v-8 0.117829337716 2026.2 267.8 2026.2 332.8 2001.8 332.8 2001.8 267.8
v-9 0.326860874891 1141.8 1878.0 1141.8 1926.8 1093.8 1926.8 1093.8 1878.0
v-9 0.309837251902 1453.4 624.8 1453.4 659.4 1419.0 659.4 1419.0 624.8
v-9 0.272540390491 1054.2 424.6 1054.2 463.2 1015.8 463.2 1015.8 424.6
v-9 0.232233777642 1472.6 712.4 1488.6 739.0 1459.4 754.0 1443.6 727.4
v-9 0.186234280467 187.0 1926.2 187.0 1971.8 125.4 1971.8 125.4 1926.2
v-9 0.182331055403 1480.9 1492.1 1480.9 1512.2 1461.0 1512.2 1461.0 1492.1
v-9 0.168512523174 84.2 254.8 94.6 292.2 69.8 298.8 59.2 261.4
v-9 0.161932960153 1399.8 444.8 1399.8 478.8 1363.6 478.8 1363.6 444.8
v-9 0.144870728254 1787.6 1845.4 1787.6 1894.0 1736.2 1894.0 1736.2 1845.4
v-9 0.133654430509 863.0 1932.2 863.0 1952.2 843.1 1952.2 843.1 1932.2
v-9 0.123372912407 1567.6 1988.2 1567.6 1999.9 1524.0 1999.9 1524.0 1988.2
v-9 0.113430149853 1215.2 486.6 1215.2 525.4 1178.2 525.4 1178.2 486.6
v-9 0.113085195422 1451.9 1445.8 1451.9 1463.9 1434.2 1463.9 1434.2 1445.8
v-9 0.105279669166 1056.9 1858.8 1056.9 1880.6 1035.7 1880.6 1035.7 1858.8
v-9 0.10466580838 823.6 1923.6 823.6 1959.6 787.2 1959.6 787.2 1923.6
v-11 0.149996683002 233.0 85.0 233.0 113.8 205.0 113.8 205.0 85.0
v-11 0.104311168194 1996.2 171.5 1996.2 240.2 1984.6 240.2 1984.6 171.5
v-14 0.223538458347 1854.6 29.6 1854.6 96.4 1783.8 96.4 1783.8 29.6
v-15 0.196096032858 307.0 6.8 307.0 45.8 264.8 45.8 264.8 6.8
v-15 0.17716306448 532.9 1883.1 532.9 1912.4 504.0 1912.4 504.0 1883.1
v-15 0.167066976428 1215.8 1399.4 1215.8 1440.4 1181.4 1440.4 1181.4 1399.4
v-15 0.157236143947 506.9 1716.6 506.9 1736.8 487.3 1736.8 487.3 1716.6
v-15 0.14463326335 146.2 201.2 146.2 285.2 68.6 285.2 68.6 201.2
v-15 0.118861585855 1747.6 313.2 1761.6 335.8 1744.4 346.4 1730.2 323.8
v-10 0.264847487211 4100.8 2816.4 4100.8 2854.4 4064.6 2854.4 4064.6 2816.4
v-10 0.201246157289 3521.5 2555.7 3521.5 2570.7 3506.5 2570.7 3506.5 2555.7
v-10 0.200712755322 299.4 5065.6 299.4 5098.4 266.6 5098.4 266.6 5065.6
v-10 0.195485547185 37.6 1889.8 37.6 1925.2 6.0 1925.2 6.0 1889.8
v-10 0.177393645048 4237.0 3165.2 4261.4 3185.6 4239.6 3211.4 4215.4 3191.0
v-10 0.159022778273 455.2 3852.3 455.2 3872.5 412.0 3872.5 412.0 3852.3
v-10 0.155481800437 52.4 2560.6 52.4 2598.2 17.6 2598.2 17.6 2560.6
v-10 0.143223196268 430.2 3769.4 430.2 3806.2 395.0 3806.2 395.0 3769.4
v-10 0.140378877521 1127.0 2443.2 1191.2 2540.6 1090.2 2607.2 1026.0 2509.6
v-10 0.136021211743 1210.2 1699.6 1235.8 1739.0 1194.8 1765.6 1169.0 1726.4
v-10 0.134187161922 1214.8 1605.0 1214.8 1654.2 1163.8 1654.2 1163.8 1605.0
v-10 0.133893504739 1048.2 1801.6 1048.2 1841.6 1006.4 1841.6 1006.4 1801.6
v-10 0.124335736036 762.2 702.6 762.2 733.2 731.6 733.2 731.6 702.6
v-10 0.117489635944 69.7 3655.5 69.7 3670.0 53.2 3670.0 53.2 3655.5
v-10 0.117051996291 176.2 4303.3 176.2 4324.3 155.6 4324.3 155.6 4303.3
v-10 0.111926577985 249.0 6704.3 249.0 6725.5 228.2 6725.5 228.2 6704.3
v-10 0.110788494349 3089.4 3005.8 3089.4 3035.2 3059.0 3035.2 3059.0 3005.8
v-10 0.110503561795 1418.8 1442.4 1418.8 1474.8 1387.2 1474.8 1387.2 1442.4
v-10 0.109425224364 2714.2 3231.4 2714.2 3257.6 2687.0 3257.6 2687.0 3231.4
v-10 0.103646494448 3542.5 2552.5 3542.5 2570.6 3524.3 2570.6 3524.3 2552.5
v-10 0.103077493608 215.2 3701.8 215.2 3861.7 100.2 3861.7 100.2 3701.8
v-18 0.181862935424 1165.8 1472.2 1165.8 1509.4 1129.0 1509.4 1129.0 1472.2
v-18 0.154022470117 1969.4 551.4 1969.4 590.0 1926.8 590.0 1926.8 551.4
v-19 0.622740507126 3520.2 151.4 3543.0 215.4 3478.4 237.8 3455.6 173.8
v-19 0.36289152503 2188.8 3688.2 2188.8 3710.5 2166.2 3710.5 2166.2 3688.2
v-19 0.35096681118 1182.0 6256.4 1182.0 6295.2 1146.0 6295.2 1146.0 6256.4
v-19 0.266311347485 517.2 4479.0 535.6 4504.2 513.4 4520.8 495.0 4495.8
v-19 0.250590771437 6992.8 7855.8 6992.8 7894.8 6951.0 7894.8 6951.0 7855.8
v-19 0.240519762039 3299.8 3852.8 3299.8 3886.8 3264.4 3886.8 3264.4 3852.8
v-19 0.211066827178 4510.5 574.2 4510.5 605.2 4485.9 605.2 4485.9 574.2
v-19 0.169544279575 2639.4 1935.4 2639.4 1974.2 2600.0 1974.2 2600.0 1935.4
v-19 0.164353623986 7211.6 4708.0 7211.6 4737.0 7180.0 4737.0 7180.0 4708.0
v-19 0.163837954402 5694.2 3610.0 5694.2 3646.4 5654.4 3646.4 5654.4 3610.0
v-19 0.15894639492 3283.3 4020.1 3283.3 4039.3 3265.4 4039.3 3265.4 4020.1
v-19 0.153025567532 3274.2 4035.0 3274.2 4067.6 3245.8 4067.6 3245.8 4035.0
v-19 0.140146240592 5434.7 2153.7 5434.7 2171.0 5417.3 2171.0 5417.3 2153.7
v-19 0.135391831398 968.5 4769.6 987.6 4784.7 971.5 4801.5 952.4 4786.3
v-19 0.132628574967 3302.8 3902.8 3302.8 3929.6 3264.6 3929.6 3264.6 3902.8
v-19 0.123153567314 3346.6 3865.0 3346.6 3933.6 3286.0 3933.6 3286.0 3865.0
v-19 0.112882420421 6082.8 3288.0 6129.0 3313.4 6102.6 3360.8 6056.4 3335.4
v-19 0.108030535281 4455.2 3697.8 4468.8 3716.4 4446.8 3731.2 4433.2 3712.6
v-19 0.107084661722 4192.6 3509.0 4210.8 3533.4 4185.6 3552.8 4167.2 3528.4
