v-5 0.129255890846 520.6 1584.6 527.6 1597.1 491.1 1619.4 484.1 1606.9
v-6 0.337021797895 552.1 1951.2 585.6 1971.5 580.2 1980.1 546.7 1959.8
v-6 0.333607316017 276.6 1967.0 276.6 1978.2 228.2 1978.2 228.2 1967.0
v-6 0.29214528203 338.8 1965.6 338.8 1979.2 294.4 1979.2 294.4 1965.6
v-6 0.286547333002 219.8 1976.3 225.4 1981.4 198.6 2010.4 193.0 2005.4
v-6 0.241183131933 593.1 1978.5 602.6 1997.5 596.7 2000.8 587.2 1981.8
v-6 0.181785747409 200.0 1978.0 200.0 1994.2 160.0 1994.2 160.0 1978.0
v-6 0.164037823677 604.6 1988.0 613.9 2005.7 609.1 2008.3 599.7 1990.5
v-6 0.16200876236 906.9 1959.7 906.9 1973.1 856.1 1973.1 856.1 1959.7
v-6 0.150126561522 713.4 1963.4 713.4 1969.2 690.3 1969.2 690.3 1963.4
v-6 0.149601697922 1305.2 1972.3 1305.2 1983.9 1275.2 1983.9 1275.2 1972.3
v-6 0.148122131824 689.9 1957.3 689.9 1967.8 674.0 1967.8 674.0 1957.3
v-6 0.144474387169 420.4 1917.4 446.4 1936.4 437.2 1946.0 411.2 1927.0
v-6 0.139855161309 393.0 1949.4 417.0 1985.4 400.8 1994.4 376.8 1958.6
v-6 0.13932877779 1249.5 1966.0 1249.5 1973.8 1233.6 1973.8 1233.6 1966.0
v-6 0.136713042855 460.6 2011.2 468.9 2019.8 464.4 2024.2 456.1 2015.6
v-6 0.134850293398 317.4 1957.8 317.4 1969.6 266.8 1969.6 266.8 1957.8
v-6 0.116022840142 1258.1 1906.6 1258.1 1920.9 1251.8 1920.9 1251.8 1906.6
v-6 0.101349025965 1315.1 1965.1 1315.1 1973.9 1297.5 1973.9 1297.5 1965.1
v-2 0.46348297596 1646.5 444.6 1654.6 447.0 1645.6 478.6 1637.5 476.3
v-2 0.421608775854 1414.6 920.5 1424.4 923.3 1411.2 965.3 1401.3 962.6
v-2 0.379114001989 1353.2 1103.4 1362.0 1106.6 1348.4 1146.4 1339.8 1143.2
v-2 0.308853387833 1242.0 759.9 1257.1 768.4 1256.1 772.4 1241.0 763.9
v-2 0.295556545258 1240.1 763.4 1254.4 772.2 1251.7 777.0 1237.4 768.2
v-2 0.288669526577 1296.7 757.8 1296.7 764.9 1276.8 764.9 1276.8 757.8
v-2 0.276039093733 972.4 1384.7 978.1 1407.9 969.9 1409.5 964.3 1386.3
v-2 0.269790768623 1675.8 351.8 1685.8 354.6 1671.0 395.4 1661.0 392.6
v-2 0.26412242651 1284.3 729.6 1284.3 737.4 1262.4 737.4 1262.4 729.6
v-2 0.26160928607 1032.3 905.4 1032.3 914.3 1011.8 914.3 1011.8 905.4
v-2 0.213895380497 1258.4 737.2 1269.6 742.9 1266.9 746.4 1255.8 740.7
v-2 0.205392062664 890.8 924.8 890.8 939.4 845.6 939.4 845.6 924.8
v-2 0.203528180718 1296.3 790.9 1296.3 797.2 1282.0 797.2 1282.0 790.9
v-2 0.199804499745 1012.8 902.4 1012.8 914.0 963.8 914.0 963.8 902.4
v-2 0.196274578571 1247.4 751.1 1255.6 756.6 1251.2 763.9 1243.0 758.4
v-2 0.18243868649 1296.3 775.3 1296.3 780.8 1281.9 780.8 1281.9 775.3
v-2 0.173589155078 1833.8 943.2 1860.0 947.8 1858.9 955.3 1832.8 950.7
v-2 0.162056535482 963.2 706.0 963.2 715.1 945.5 715.1 945.5 706.0
v-2 0.160955160856 959.2 1097.8 959.2 1120.8 948.3 1120.8 948.3 1097.8
v-2 0.150145292282 1712.8 553.9 1719.3 556.5 1713.6 571.3 1707.1 568.8
v-2 0.146831318736 1114.3 936.7 1114.3 947.2 1097.6 947.2 1097.6 936.7
v-2 0.145086437464 1299.6 1560.0 1308.0 1560.8 1297.6 1597.8 1289.0 1597.0
v-2 0.14235663414 964.4 733.1 964.4 744.4 941.8 744.4 941.8 733.1
v-2 0.142193868756 1307.0 643.5 1307.0 664.8 1297.6 664.8 1297.6 643.5
v-2 0.140761911869 1275.6 700.0 1275.6 711.6 1264.7 711.6 1264.7 700.0
v-2 0.140295177698 1404.7 914.7 1412.6 918.3 1398.6 961.5 1390.7 957.9
v-2 0.139323711395 1909.8 930.6 1909.8 946.6 1873.6 946.6 1873.6 930.6
v-2 0.133445680141 983.6 1199.1 1003.9 1223.5 998.3 1228.0 978.0 1203.6
v-2 0.131420329213 1916.9 503.5 1946.0 510.6 1944.8 517.1 1915.7 510.0
v-2 0.12902764976 1248.8 1684.4 1260.2 1687.8 1250.8 1715.4 1239.4 1712.0
v-2 0.125564739108 1628.9 534.8 1635.1 536.8 1630.4 550.9 1624.2 548.9
v-2 0.119050182402 961.4 725.9 961.4 734.5 940.2 734.5 940.2 725.9
v-2 0.117737345397 1297.8 766.9 1297.8 773.3 1279.6 773.3 1279.6 766.9
v-2 0.113236002624 1296.1 751.5 1296.1 757.0 1276.8 757.0 1276.8 751.5
v-2 0.109311044216 883.8 550.4 883.8 572.8 872.9 572.8 872.9 550.4
v-2 0.107020802796 1563.8 498.0 1571.4 499.6 1567.1 515.1 1559.5 513.5
v-2 0.106915779412 964.0 625.3 964.0 634.5 944.1 634.5 944.1 625.3
v-2 0.106081292033 1200.2 1258.0 1204.6 1265.0 1175.2 1280.2 1170.8 1273.2
v-2 0.10587798059 1060.6 1260.1 1074.0 1265.1 1071.7 1270.8 1058.3 1265.7
v-2 0.100746721029 1294.9 781.3 1294.9 788.4 1279.5 788.4 1279.5 781.3
v-4 0.431576162577 762.3 1126.3 777.8 1155.1 771.2 1158.7 755.8 1129.9
v-4 0.362141609192 1142.1 1780.9 1151.4 1797.9 1145.3 1801.5 1136.0 1784.5
v-4 0.29956355691 1070.9 1665.8 1083.1 1687.1 1075.4 1691.2 1063.3 1670.0
v-4 0.181123048067 901.2 1381.8 908.6 1396.0 903.6 1397.6 896.2 1383.5
v-4 0.137333855033 1236.1 1599.1 1237.5 1602.7 1216.1 1613.0 1214.7 1609.4
v-4 0.124309912324 1337.6 1905.7 1338.9 1913.7 1315.4 1919.3 1314.1 1911.4
v-4 0.122815422714 807.8 1157.6 817.3 1173.3 812.3 1176.0 802.9 1160.3
v-4 0.121037364006 1303.8 1534.5 1307.5 1543.2 1275.8 1558.4 1272.1 1549.7
v-4 0.114471010864 1137.3 1800.5 1146.0 1815.6 1139.7 1819.6 1131.0 1804.5
v-3 0.195382639766 645.1 96.0 645.1 107.3 607.8 107.3 607.8 96.0
v-3 0.174041479826 1615.3 1315.6 1615.3 1328.1 1589.4 1328.1 1589.4 1315.6
v-3 0.140104338527 487.1 319.9 487.1 341.8 475.4 341.8 475.4 319.9
v-3 0.137895286083 1251.1 1817.8 1251.1 1826.9 1234.1 1826.9 1234.1 1817.8
v-3 0.126361936331 1348.3 1741.3 1348.3 1751.5 1329.9 1751.5 1329.9 1741.3
v-3 0.122520886362 186.2 562.6 190.0 570.7 171.6 577.3 167.7 569.2
v-3 0.119235873222 1327.8 1760.0 1327.8 1780.7 1315.7 1780.7 1315.7 1760.0
v-3 0.11271597445 202.6 522.1 202.6 539.9 192.4 539.9 192.4 522.1
v-3 0.110678456724 1421.4 1776.2 1421.4 1817.6 1400.8 1817.6 1400.8 1776.2
v-3 0.109472453594 1131.2 1809.9 1131.2 1819.5 1113.7 1819.5 1113.7 1809.9
v-3 0.10269126296 1263.2 901.6 1269.2 925.2 1161.2 963.8 1155.0 940.2
v-3 0.102244004607 304.1 432.8 304.1 444.4 285.2 444.4 285.2 432.8
v-7 0.138223782182 627.0 253.5 631.2 279.1 623.6 280.3 619.5 254.7
v-7 0.13030475378 1662.8 1275.6 1696.4 1299.4 1689.8 1308.6 1656.2 1285.0
v-7 0.124528408051 1644.4 1292.8 1651.8 1302.4 1629.2 1326.8 1622.0 1317.4
v-7 0.117746956646 1258.2 324.5 1261.3 351.1 1249.8 352.2 1246.8 325.6
v-7 0.107743650675 1654.2 1255.2 1676.2 1267.2 1664.6 1283.0 1642.6 1271.0
v-7 0.104650706053 914.8 435.8 919.3 471.1 905.7 471.9 901.1 436.6
v-8 0.283144652843 964.1 368.5 992.3 395.3 984.9 403.2 956.7 376.3
v-8 0.238731235266 542.8 24.8 562.6 45.4 554.8 53.2 535.0 32.6
v-8 0.134301289916 1431.2 813.4 1462.2 838.0 1455.6 846.2 1424.6 821.8
v-8 0.111588135362 1059.7 513.7 1069.9 527.4 1064.3 531.5 1054.2 517.7
v-9 0.469506710768 920.6 590.4 923.6 601.2 879.0 619.0 875.8 608.2
v-9 0.180813059211 996.2 267.6 998.2 273.8 962.4 290.4 960.2 284.2
v-9 0.142842784524 744.2 1757.1 746.6 1761.6 732.9 1768.9 730.6 1764.4
v-9 0.11193870753 1428.2 1095.0 1452.8 1097.8 1443.6 1168.4 1419.0 1165.6
v-9 0.105341866612 1271.2 162.9 1275.7 172.3 1236.8 186.8 1232.3 177.5
v-11 0.354049444199 555.1 1755.3 565.3 1766.6 520.5 1809.0 510.4 1797.7
v-11 0.169069230556 1455.6 1355.1 1462.2 1374.5 1453.1 1377.3 1446.5 1357.8
v-11 0.15766903758 1635.8 1529.6 1642.4 1550.8 1632.9 1553.2 1626.2 1531.9
v-11 0.141179218888 901.0 1460.2 903.0 1480.2 819.0 1493.6 817.2 1473.6
v-11 0.133202493191 1151.1 459.0 1161.9 493.4 1148.5 497.4 1137.7 463.0
v-11 0.128510087729 1503.8 1460.3 1513.1 1492.0 1502.0 1495.3 1492.7 1463.7
v-11 0.120389759541 1294.9 1962.7 1295.7 1968.6 1260.6 1978.7 1259.8 1972.8
v-11 0.108798190951 70.9 0.2 73.4 8.7 54.1 13.8 51.6 5.3
v-14 0.568877756596 1684.1 13.5 1688.5 19.4 1656.6 45.2 1652.1 39.2
v-14 0.183897569776 849.9 64.8 849.9 83.0 840.6 83.0 840.6 64.8
v-14 0.13874207437 1736.0 264.9 1742.1 281.5 1733.7 284.4 1727.6 267.8
v-14 0.119148567319 1630.1 494.2 1630.1 510.0 1620.4 510.0 1620.4 494.2
v-14 0.119073472917 944.5 234.2 944.5 243.6 930.5 243.6 930.5 234.2
v-14 0.117926128209 1421.6 218.4 1425.5 223.0 1412.5 233.4 1408.6 228.8
v-14 0.110922709107 894.3 328.6 901.6 342.0 894.8 345.4 887.6 331.9
v-14 0.106925323606 1477.7 172.0 1481.5 176.7 1471.0 185.5 1467.1 180.9
v-14 0.104795895517 847.2 86.3 847.2 102.4 837.8 102.4 837.8 86.3
v-13 0.210187032819 1320.4 33.2 1329.1 44.9 1323.7 48.6 1315.0 36.9
v-13 0.204137116671 1650.1 427.2 1664.2 444.4 1658.4 449.0 1644.3 431.8
v-15 0.191068410873 251.9 1844.2 255.4 1851.4 222.6 1871.9 219.1 1864.7
v-15 0.173720538616 111.4 1949.5 113.3 1955.1 92.3 1966.0 90.4 1960.3
v-15 0.172287508845 95.6 1933.3 99.7 1941.3 69.0 1959.0 65.0 1951.1
v-15 0.142664387822 162.1 1919.9 164.1 1925.5 144.6 1935.1 142.6 1929.5
v-15 0.133294552565 329.0 1615.6 329.0 1637.4 290.4 1637.4 290.4 1615.6
v-15 0.122932329774 211.8 1868.8 213.5 1873.1 199.3 1881.1 197.7 1876.8
v-15 0.105519659817 338.3 898.1 385.6 903.4 385.4 914.0 338.2 908.7
v-17 0.456862032413 49.4 1357.3 56.9 1360.6 42.5 1392.9 35.0 1389.6
v-17 0.140648275614 700.9 446.7 709.2 466.9 701.9 469.4 693.6 449.1
v-17 0.139894008636 1100.2 860.0 1100.2 891.8 1081.8 891.8 1081.8 860.0
v-16 0.468446582556 1998.2 1398.6 2009.9 1399.8 2005.4 1438.3 1993.7 1437.1
v-16 0.440391272306 1925.3 1922.6 1934.6 1924.8 1928.2 1960.3 1918.8 1958.2
v-16 0.435429334641 2010.4 1331.1 2019.6 1332.7 2015.9 1361.9 2006.7 1360.2
v-16 0.367238521576 1871.5 1769.6 1881.0 1771.8 1875.9 1803.0 1866.4 1800.8
v-16 0.284613996744 1931.7 1429.4 1931.7 1453.0 1920.4 1453.0 1920.4 1429.4
v-16 0.244893863797 1856.6 1942.1 1863.9 1944.0 1860.3 1965.9 1853.0 1964.0
v-16 0.207424655557 1849.0 1991.5 1849.0 2011.1 1836.8 2011.1 1836.8 1991.5
v-16 0.133855327964 1927.7 1893.4 1935.1 1893.7 1930.9 1920.1 1923.4 1919.8
v-16 0.112047329545 1137.2 858.2 1137.2 891.8 1124.2 891.8 1124.2 858.2
v-16 0.10999032855 2009.0 1376.9 2016.2 1378.4 2011.9 1404.0 2004.8 1402.5
v-16 0.106573417783 1122.8 859.4 1122.8 891.8 1107.2 891.8 1107.2 859.4
v-18 0.381966292858 1621.5 1619.7 1623.4 1626.8 1584.0 1637.6 1582.1 1630.5
v-18 0.254267394543 702.5 1043.2 704.0 1047.9 684.9 1058.0 683.4 1053.3
v-18 0.249895617366 1599.7 1648.0 1601.5 1654.7 1580.2 1659.5 1578.4 1652.8
v-18 0.20202344656 1474.5 1668.3 1475.2 1673.8 1456.6 1677.9 1455.8 1672.4
v-18 0.192467704415 356.0 1529.0 365.2 1567.6 353.8 1570.4 344.6 1531.6
v-18 0.192250475287 44.2 1480.0 60.2 1513.0 47.4 1516.8 31.2 1483.8
v-18 0.183494091034 926.0 1391.4 926.0 1403.0 889.0 1403.0 889.0 1391.4
v-18 0.175108551979 936.0 1418.2 936.0 1426.4 898.2 1426.4 898.2 1418.2
v-18 0.172255024314 944.4 1470.7 944.4 1477.7 922.9 1477.7 922.9 1470.7
v-18 0.16937699914 301.2 1819.6 349.2 1827.6 348.6 1836.6 300.6 1828.4
v-18 0.165163129568 1677.7 1621.4 1679.2 1626.7 1663.3 1630.6 1661.8 1625.2
v-18 0.163358584046 1668.4 1656.2 1668.4 1661.8 1646.0 1667.6 1646.0 1662.0
v-18 0.14862459898 915.1 1382.5 930.2 1386.1 928.5 1391.7 913.4 1388.1
v-18 0.144767180085 995.1 1453.8 995.1 1461.3 969.7 1461.3 969.7 1453.8
v-18 0.144064575434 664.6 1002.1 674.1 1024.1 668.0 1027.0 658.5 1005.0
v-18 0.134225904942 1531.5 1683.9 1533.3 1690.8 1512.8 1696.6 1511.0 1689.7
v-18 0.131971687078 948.0 1089.4 951.0 1097.2 916.2 1111.4 913.4 1103.4
v-18 0.129150003195 1834.0 1461.7 1834.0 1470.4 1810.9 1470.4 1810.9 1461.7
v-18 0.124686405063 1729.0 1654.9 1733.5 1663.3 1716.0 1668.0 1711.5 1659.6
v-18 0.122983470559 1052.0 1456.0 1052.0 1461.4 1020.6 1461.4 1020.6 1456.0
v-18 0.120940119028 1510.8 733.9 1515.2 739.8 1500.5 751.3 1496.1 745.4
v-18 0.119782924652 750.3 1360.4 756.2 1377.3 750.0 1379.5 744.1 1362.6
v-18 0.119338601828 1389.0 246.6 1395.8 271.4 1290.8 302.0 1284.2 277.4
v-18 0.111511871219 437.0 1358.0 437.0 1402.4 417.2 1402.4 417.2 1358.0
v-18 0.110728085041 1619.0 1676.9 1620.7 1680.5 1601.6 1687.6 1599.9 1684.0
v-18 0.109517365694 1519.2 1668.9 1520.7 1676.5 1501.6 1680.3 1500.0 1672.8
v-18 0.104931630194 389.4 1607.8 402.6 1641.8 391.6 1644.8 378.6 1610.8
v-10 0.265749007463 17.4 6600.6 17.4 6619.2 10.0 6619.2 10.0 6600.6
v-10 0.192014440894 1495.4 7540.4 1506.6 7553.4 1453.0 7604.2 1441.8 7591.0
v-10 0.160135641694 58.8 6687.8 58.8 6692.9 41.4 6692.9 41.4 6687.8
v-10 0.148036807775 596.2 3500.5 596.2 3513.5 567.0 3513.5 567.0 3500.5
v-10 0.129404813051 10.5 6620.4 10.5 6640.2 2.6 6640.2 2.6 6620.4
v-10 0.122783847153 2906.6 146.2 2906.7 150.6 2890.1 154.0 2890.1 149.5
v-10 0.115985289216 1577.8 1714.0 1577.8 1735.6 1530.0 1735.6 1530.0 1714.0
v-10 0.112573608756 4554.2 980.1 4572.9 987.8 4570.6 994.3 4551.9 986.7
v-10 0.111814185977 1990.8 7309.2 2004.0 7314.4 1964.8 7384.4 1951.6 7379.2
v-10 0.111694343388 4347.8 2657.8 4347.8 2680.2 4314.8 2680.2 4314.8 2657.8
v-10 0.108055189252 3697.2 3432.0 3698.2 3438.1 3681.7 3442.9 3680.7 3436.8
v-19 0.195291683078 890.0 1542.4 904.8 1577.8 890.4 1582.6 875.6 1547.2
v-19 0.188767284155 4230.0 1290.3 4230.0 1307.0 4222.3 1307.0 4222.3 1290.3
v-19 0.158007159829 1120.0 1802.2 1120.0 1820.2 1081.2 1820.2 1081.2 1802.2
v-19 0.154507294297 1128.8 1829.2 1128.8 1846.2 1088.0 1846.2 1088.0 1829.2
v-19 0.146087065339 929.4 1556.6 940.2 1579.6 931.4 1583.8 920.8 1560.8
v-19 0.137680739164 1011.8 1723.8 1018.6 1733.6 995.4 1752.8 988.4 1743.0
v-19 0.123139537871 1082.0 1702.6 1090.6 1713.4 1069.4 1732.8 1060.6 1722.0
v-19 0.122699648142 7654.2 4066.6 7688.2 4091.6 7682.6 4098.4 7648.6 4073.4
v-19 0.121850281954 1034.2 1668.6 1051.2 1684.2 1037.8 1696.6 1020.8 1681.0
v-19 0.11593656987 996.4 1687.2 1003.2 1696.8 977.8 1716.0 971.0 1706.4
v-19 0.112466670573 1005.8 1701.8 1013.8 1712.6 988.0 1733.6 979.8 1722.8
v-19 0.11127538234 1070.8 1812.6 1070.8 1829.2 1031.2 1829.2 1031.2 1812.6
v-19 0.111047618091 1678.2 6062.0 1678.2 6107.0 1655.2 6107.0 1655.2 6062.0
v-19 0.109881713986 4250.5 806.5 4250.5 822.1 4242.2 822.1 4242.2 806.5
v-19 0.107650265098 2794.4 432.4 2797.6 436.0 2781.4 451.8 2778.0 448.4
v-19 0.10446292907 1054.2 1771.0 1054.2 1804.0 1031.4 1804.0 1031.4 1771.0
v-19 0.103660315275 5492.6 2054.4 5505.1 2074.0 5496.6 2079.6 5484.2 2060.0
v-12 0.118075624108 964.9 1616.8 964.9 1627.6 949.6 1627.6 949.6 1616.8
