v-5 0.310451984406 906.0 1528.6 906.0 1571.6 859.6 1571.6 859.6 1528.6
v-7 0.175758853555 905.8 1555.2 905.8 1570.5 891.7 1570.5 891.7 1555.2
v-7 0.14669726789 594.4 1829.4 594.4 1858.0 566.8 1858.0 566.8 1829.4
v-7 0.123504914343 841.4 901.5 841.4 925.1 817.4 925.1 817.4 901.5
v-4 0.159496322274 1999.0 162.8 1999.0 195.8 1965.0 195.8 1965.0 162.8
v-4 0.136985018849 1041.4 521.8 1041.4 536.8 1027.6 536.8 1027.6 521.8
v-4 0.132586866617 1022.9 530.7 1022.9 546.8 1007.0 546.8 1007.0 530.7
v-4 0.127543359995 1698.3 1618.9 1698.3 1634.3 1683.2 1634.3 1683.2 1618.9
v-4 0.108823895454 1081.0 627.4 1093.6 645.6 1072.6 659.4 1060.0 641.2
v-12 0.540095388889 1084.4 1368.4 1084.4 1406.2 1049.4 1406.2 1049.4 1368.4
v-12 0.49482640624 1062.0 1428.4 1062.0 1461.4 1029.0 1461.4 1029.0 1428.4
v-12 0.477971822023 1005.0 1536.2 1005.0 1573.0 968.8 1573.0 968.8 1536.2
v-12 0.466041654348 1074.0 1459.2 1074.0 1489.8 1042.2 1489.8 1042.2 1459.2
v-12 0.461615651846 1077.2 1535.6 1077.2 1572.2 1041.2 1572.2 1041.2 1535.6
v-12 0.458839684725 1093.2 1506.0 1093.2 1541.0 1060.0 1541.0 1060.0 1506.0
v-12 0.457927644253 1195.4 1347.0 1195.4 1380.2 1161.2 1380.2 1161.2 1347.0
v-12 0.451789468527 1084.0 1402.2 1084.0 1437.8 1048.0 1437.8 1048.0 1402.2
v-12 0.449308902025 1046.6 1538.0 1046.6 1573.2 1010.2 1573.2 1010.2 1538.0
v-12 0.443389207125 1063.8 1488.0 1063.8 1525.0 1026.2 1525.0 1026.2 1488.0
v-12 0.440173566341 973.2 1507.0 973.2 1543.0 934.8 1543.0 934.8 1507.0
v-12 0.425949990749 1143.2 1394.4 1143.2 1430.6 1106.4 1430.6 1106.4 1394.4
v-12 0.424887150526 1116.0 1538.4 1116.0 1573.2 1082.0 1573.2 1082.0 1538.4
v-12 0.419043928385 965.2 1325.8 965.2 1358.6 932.6 1358.6 932.6 1325.8
v-12 0.401888072491 1163.4 1436.4 1163.4 1466.6 1130.4 1466.6 1130.4 1436.4
v-12 0.39914855361 1164.0 1317.4 1164.0 1351.0 1129.4 1351.0 1129.4 1317.4
v-12 0.384747922421 1174.8 1404.2 1174.8 1438.2 1139.6 1438.2 1139.6 1404.2
v-12 0.376861214638 967.0 1364.6 967.0 1395.2 932.4 1395.2 932.4 1364.6
v-12 0.360339254141 1058.2 1356.2 1058.2 1389.0 1026.0 1389.0 1026.0 1356.2
v-12 0.359699368477 968.0 1423.0 968.0 1453.6 933.2 1453.6 933.2 1423.0
v-12 0.352100044489 1027.6 1427.0 1027.6 1460.4 991.6 1460.4 991.6 1427.0
v-12 0.348238140345 1199.0 1314.0 1199.0 1350.8 1159.4 1350.8 1159.4 1314.0
v-12 0.3401299119 1032.6 1484.2 1032.6 1518.6 995.8 1518.6 995.8 1484.2
v-12 0.327693402767 967.8 1390.8 967.8 1421.8 932.2 1421.8 932.2 1390.8
v-12 0.326341480017 1131.8 1428.8 1131.8 1462.6 1096.2 1462.6 1096.2 1428.8
v-12 0.315874874592 1149.0 1509.6 1149.0 1541.6 1112.6 1541.6 1112.6 1509.6
v-12 0.310562103987 962.6 1542.4 962.6 1570.6 933.0 1570.6 933.0 1542.4
v-12 0.303759396076 976.0 1450.2 976.0 1485.8 932.0 1485.8 932.0 1450.2
v-12 0.300056576729 989.4 1307.4 989.4 1340.8 955.0 1340.8 955.0 1307.4
v-12 0.298669844866 1181.2 1379.2 1181.2 1410.4 1147.0 1410.4 1147.0 1379.2
v-12 0.266824990511 1025.8 1398.4 1025.8 1430.0 986.0 1430.0 986.0 1398.4
v-12 0.265053778887 1147.4 1543.8 1147.4 1570.2 1116.2 1570.2 1116.2 1543.8
v-12 0.25582587719 1101.0 1474.2 1101.0 1510.4 1063.6 1510.4 1063.6 1474.2
v-12 0.250131487846 1027.6 1365.0 1027.6 1399.0 991.6 1399.0 991.6 1365.0
v-12 0.223262265325 1112.6 1311.4 1112.6 1352.0 1069.2 1352.0 1069.2 1311.4
v-12 0.183848083019 1054.8 1320.8 1054.8 1356.8 1015.0 1356.8 1015.0 1320.8
v-12 0.156041219831 1151.8 1462.0 1151.8 1493.6 1115.8 1493.6 1115.8 1462.0
v-9 0.364961206913 1732.0 539.4 1732.0 559.8 1712.1 559.8 1712.1 539.4
v-9 0.362196207047 888.0 1697.0 888.0 1751.6 829.8 1751.6 829.8 1697.0
v-9 0.341087013483 1717.0 555.4 1717.0 577.3 1695.1 577.3 1695.1 555.4
v-9 0.313672542572 891.2 441.8 891.2 459.2 873.7 459.2 873.7 441.8
v-9 0.264955818653 862.9 1932.6 862.9 1951.9 843.3 1951.9 843.3 1932.6
v-9 0.260635674 1743.3 563.6 1743.3 585.5 1717.6 585.5 1717.6 563.6
v-9 0.245971590281 1454.3 1444.6 1454.3 1464.4 1437.8 1464.4 1437.8 1444.6
v-9 0.222124874592 943.0 1885.9 943.0 1912.4 915.0 1912.4 915.0 1885.9
v-9 0.218118980527 861.3 1919.1 861.3 1933.2 847.6 1933.2 847.6 1919.1
v-9 0.212679177523 1826.6 831.8 1826.6 856.8 1801.2 856.8 1801.2 831.8
v-9 0.20536069572 1917.8 1820.0 1925.0 1841.4 1897.2 1851.0 1889.8 1829.6
v-9 0.190655991435 1481.1 1492.2 1481.1 1512.2 1460.8 1512.2 1460.8 1492.2
v-9 0.181110188365 902.1 450.2 902.1 467.6 885.5 467.6 885.5 450.2
v-9 0.143240764737 1746.5 546.3 1746.5 561.6 1731.6 561.6 1731.6 546.3
v-9 0.117712698877 1386.3 298.7 1386.3 321.3 1362.9 321.3 1362.9 298.7
v-9 0.11378826946 1567.6 1988.2 1567.6 1999.9 1524.0 1999.9 1524.0 1988.2
v-9 0.112325020134 1728.8 591.1 1728.8 604.5 1715.9 604.5 1715.9 591.1
v-9 0.106661118567 1973.0 1404.0 1973.0 1449.8 1925.0 1449.8 1925.0 1404.0
v-9 0.106423504651 1786.8 1846.2 1786.8 1893.6 1737.2 1893.6 1737.2 1846.2
v-14 0.530999362469 1831.4 37.0 1831.4 94.5 1780.3 94.5 1780.3 37.0
v-15 0.24179290235 1603.1 1950.0 1603.1 1968.1 1585.3 1968.1 1585.3 1950.0
v-15 0.138382717967 1229.2 1125.1 1247.1 1136.1 1238.6 1150.6 1220.8 1139.6
v-15 0.117107726634 1624.4 1920.6 1624.4 1946.6 1598.4 1946.6 1598.4 1920.6
v-15 0.113161310554 371.3 815.5 371.3 828.4 353.6 828.4 353.6 815.5
v-15 0.100732833147 719.1 1978.1 719.1 1994.7 702.0 1994.7 702.0 1978.1
v-10 0.283107370138 3433.5 2652.3 3433.5 2686.2 3401.5 2686.2 3401.5 2652.3
v-10 0.259354889393 235.7 3125.0 235.7 3143.3 217.9 3143.3 217.9 3125.0
v-10 0.242388427258 3442.9 2672.7 3442.9 2691.8 3423.8 2691.8 3423.8 2672.7
v-10 0.237865000963 4678.2 2262.2 4678.2 2278.1 4662.5 2278.1 4662.5 2262.2
v-10 0.232768699527 1125.8 2449.8 1190.4 2544.8 1091.0 2611.6 1026.6 2516.6
v-10 0.220013365149 5137.5 1621.1 5146.4 1630.6 5136.6 1639.0 5127.8 1629.5
v-10 0.214773923159 4692.5 2274.1 4692.5 2289.8 4677.3 2289.8 4677.3 2274.1
v-10 0.192396253347 455.5 1803.7 455.5 1832.2 427.3 1832.2 427.3 1803.7
v-10 0.164974451065 3438.6 2439.4 3450.6 2471.2 3422.8 2482.4 3410.8 2450.6
v-10 0.164365276694 1142.6 1758.1 1142.6 1775.4 1125.9 1775.4 1125.9 1758.1
v-10 0.164023190737 3960.8 2959.8 3986.2 2992.2 3951.6 3017.0 3926.2 2984.6
v-10 0.162860423326 1017.2 2040.5 1017.2 2058.6 1002.3 2058.6 1002.3 2040.5
v-10 0.155886113644 391.0 2854.6 400.9 2867.6 387.8 2877.1 377.9 2864.1
v-10 0.155729025602 3665.6 2449.5 3665.6 2459.7 3601.7 2459.7 3601.7 2449.5
v-10 0.14557056129 3447.2 2691.0 3447.2 2705.6 3429.2 2705.6 3429.2 2691.0
v-10 0.145059108734 2488.9 471.3 2488.9 500.0 2458.4 500.0 2458.4 471.3
v-10 0.136854454875 2969.4 1162.6 2969.4 1192.0 2940.2 1192.0 2940.2 1162.6
v-10 0.13253505528 289.8 2971.2 304.1 2988.3 290.2 2999.1 275.9 2982.0
v-10 0.117227807641 3893.4 3026.4 3909.6 3045.6 3889.2 3062.8 3873.0 3043.8
v-10 0.106033980846 5408.3 1276.9 5419.5 1286.7 5410.7 1296.4 5399.5 1286.6
v-10 0.102712288499 373.5 2987.9 385.9 2999.6 374.2 3010.8 361.8 2999.1
v-19 0.497364789248 2469.7 3979.5 2477.2 3987.8 2469.3 3994.8 2461.8 3986.5
v-19 0.34958922863 110.2 4443.0 131.2 4465.2 105.2 4492.6 84.2 4470.4
v-19 0.276935517788 505.3 4881.9 514.5 4891.5 505.2 4900.3 496.0 4890.7
v-19 0.257053881884 87.2 4410.4 107.6 4432.6 80.0 4461.0 59.6 4438.8
v-19 0.235436603427 445.1 4708.9 457.6 4720.3 446.7 4733.7 434.2 4722.4
v-19 0.234829872847 34.8 4600.0 52.2 4613.8 33.8 4640.8 16.4 4626.8
v-19 0.230185627937 2484.2 3954.4 2490.7 3963.7 2481.5 3970.3 2475.1 3960.9
v-19 0.211515754461 120.2 4605.4 143.8 4628.2 109.4 4666.2 85.8 4643.4
v-19 0.2110748142 2493.7 3964.0 2503.8 3975.4 2493.5 3984.2 2483.4 3972.8
v-19 0.207267642021 4838.2 589.0 4857.0 610.4 4835.4 630.8 4816.6 609.4
v-19 0.202349513769 2454.6 3982.4 2462.6 3991.3 2452.5 3999.5 2444.4 3990.6
v-19 0.200127497315 601.6 5131.8 611.7 5139.0 603.6 5150.8 593.5 5143.6
v-19 0.193978011608 167.2 4704.4 184.2 4723.4 162.6 4743.2 145.6 4724.2
v-19 0.190311595798 154.0 4433.0 154.0 4473.2 121.4 4473.2 121.4 4433.0
v-19 0.188205987215 7454.6 7065.5 7454.6 7081.5 7438.9 7081.5 7438.9 7065.5
v-19 0.184149250388 232.4 4594.2 251.2 4610.0 222.4 4645.4 203.6 4629.8
v-19 0.180407389998 108.2 4407.0 125.8 4417.6 112.6 4446.0 95.2 4435.6
v-19 0.180083528161 2474.1 3964.6 2482.3 3974.1 2473.6 3981.5 2465.3 3971.9
v-19 0.179234653711 544.5 5306.4 555.4 5316.0 547.0 5323.1 536.2 5313.4
v-19 0.171594828367 2461.9 3993.5 2468.8 4001.7 2460.1 4009.1 2453.3 4000.9
v-19 0.167713925242 576.8 5187.9 589.0 5197.9 578.3 5209.9 566.0 5199.9
v-19 0.164363473654 7437.5 4602.8 7445.4 4610.9 7437.7 4617.8 7429.7 4609.7
v-19 0.1631103158 108.5 5463.0 119.3 5470.8 111.2 5485.0 100.5 5477.2
v-19 0.152089864016 2238.1 4160.5 2249.6 4168.7 2237.7 4180.5 2226.2 4172.2
v-19 0.147355616093 133.6 4474.8 155.2 4494.0 132.8 4528.0 111.2 4508.8
v-19 0.14722058177 27.0 4551.8 46.0 4566.6 28.0 4595.0 9.0 4580.2
v-19 0.146686866879 1689.3 1802.2 1705.2 1815.7 1690.8 1833.5 1674.9 1820.0
v-19 0.146520122886 92.8 4567.0 118.4 4589.2 75.8 4640.4 50.2 4618.2
v-19 0.145928502083 131.2 4646.4 152.8 4666.4 119.8 4704.6 98.4 4684.4
v-19 0.142709761858 4353.1 812.0 4362.3 830.6 4349.7 837.9 4340.5 819.3
v-19 0.141327962279 99.0 4684.2 118.4 4698.8 96.6 4732.8 77.2 4718.2
v-19 0.140962138772 7108.6 4427.2 7127.4 4445.4 7112.2 4461.8 7093.4 4443.6
v-19 0.137941017747 507.2 4842.9 515.5 4851.6 507.0 4859.0 498.7 4850.4
v-19 0.136307656765 5064.0 3637.4 5064.0 3665.0 5023.4 3665.0 5023.4 3637.4
v-19 0.135734200478 2233.6 4149.0 2243.9 4158.2 2234.1 4168.0 2223.8 4158.8
v-19 0.13540263474 145.8 4676.4 162.8 4696.2 136.6 4721.0 119.6 4701.2
v-19 0.135232940316 186.2 4606.0 210.4 4629.0 174.4 4667.0 150.2 4644.2
v-19 0.134738609195 124.4 5450.9 137.6 5460.2 127.5 5473.8 114.2 5464.4
v-19 0.124771043658 88.0 4367.8 107.4 4381.8 92.0 4409.6 72.6 4395.4
v-19 0.12244399637 183.8 4532.4 202.6 4544.2 179.0 4581.2 160.2 4569.6
v-19 0.121013253927 25.4 5556.4 35.3 5565.3 27.0 5573.8 17.1 5564.9
v-19 0.120710231364 1606.2 6295.7 1613.0 6303.2 1605.3 6310.6 1598.4 6303.2
v-19 0.117286100984 77.8 4506.2 77.8 4560.0 41.0 4560.0 41.0 4506.2
v-19 0.115146368742 2198.8 4168.9 2207.9 4179.8 2198.3 4187.6 2189.2 4176.7
v-19 0.112276867032 5943.7 2463.6 5943.7 2477.8 5931.0 2477.8 5931.0 2463.6
v-19 0.11023953557 514.6 4853.6 522.7 4862.9 514.6 4870.2 506.4 4860.9
v-19 0.109090045094 517.7 4806.0 534.8 4820.1 519.6 4838.7 502.5 4824.6
v-19 0.107563972473 5981.6 3627.6 6016.0 3652.6 5991.6 3676.2 5957.2 3651.2
v-19 0.107379771769 7469.8 7104.8 7479.6 7112.6 7471.6 7123.0 7461.8 7115.2
v-19 0.107306562364 486.6 6779.9 500.4 6794.0 484.5 6808.9 470.6 6794.8
v-19 0.103970170021 156.4 4464.8 172.6 4475.2 159.4 4504.2 143.2 4494.0
v-19 0.100029438734 1701.3 1774.0 1701.3 1789.1 1686.2 1789.1 1686.2 1774.0
v-1 0.139603152871 1830.4 1929.4 1830.4 1946.1 1814.1 1946.1 1814.1 1929.4
v-2 0.26634773612 1988.8 648.9 1988.8 667.9 1969.4 667.9 1969.4 648.9
v-3 0.114872269332 1820.3 1436.7 1820.3 1455.8 1801.8 1455.8 1801.8 1436.7
v-11 0.133929103613 465.2 642.4 465.2 656.0 451.6 656.0 451.6 642.4
v-11 0.114356257021 537.9 1967.4 537.9 1982.3 514.0 1982.3 514.0 1967.4
v-11 0.103372246027 1996.3 178.7 1996.3 240.8 1984.7 240.8 1984.7 178.7
v-11 0.100412048399 1597.1 1381.3 1602.8 1392.7 1591.2 1399.1 1585.6 1387.8
v-18 0.252946853638 1923.8 820.1 1923.8 840.2 1905.1 840.2 1905.1 820.1
v-18 0.109803825617 1981.7 1668.0 1981.7 1682.0 1966.2 1682.0 1966.2 1668.0
v-20 0.149708345532 349.5 284.8 349.5 312.6 318.6 312.6 318.6 284.8
