v-20 0.358642011881 712.8 1358.2 712.8 1385.8 671.2 1385.8 671.2 1358.2
v-20 0.191043093801 222.4 337.6 236.4 353.6 200.6 391.2 186.4 375.2
v-20 0.14987334609 473.4 1358.8 473.4 1383.0 448.2 1383.0 448.2 1358.8
v-6 0.153905361891 421.0 1931.0 489.6 2004.4 435.2 2042.8 366.6 1969.4
v-6 0.152838915586 359.5 1936.0 396.8 1997.4 356.9 2020.0 319.6 1958.5
v-2 0.243525475264 1504.2 831.6 1543.0 838.0 1510.6 968.4 1471.8 961.8
v-2 0.217693611979 1424.8 819.0 1470.4 829.0 1431.0 981.2 1385.4 971.2
v-2 0.140252873302 1469.3 922.5 1469.3 939.1 1439.0 939.1 1439.0 922.5
v-2 0.110408633947 1419.6 861.4 1431.6 865.2 1417.5 918.9 1405.6 915.1
v-4 0.514460682869 1833.7 667.1 1844.3 693.2 1836.1 696.4 1825.4 670.2
v-4 0.486974895 1304.9 1534.4 1308.7 1543.5 1274.9 1558.9 1271.2 1549.8
v-4 0.467220842838 1212.3 1356.6 1216.3 1366.1 1183.8 1382.4 1179.8 1373.0
v-4 0.463417828083 1473.0 1867.2 1475.7 1875.9 1444.5 1888.1 1441.8 1879.4
v-4 0.425555169582 1727.8 1771.8 1738.6 1797.2 1731.0 1800.5 1720.2 1775.1
v-4 0.411967694759 829.2 595.0 831.1 601.8 798.4 617.2 796.5 610.5
v-4 0.337831914425 690.1 971.6 730.1 1043.9 681.8 1072.6 641.7 1000.3
v-4 0.305579185486 194.7 114.6 219.1 164.9 161.6 193.2 137.1 142.9
v-4 0.301860779524 967.0 157.9 979.5 187.2 974.3 189.7 961.7 160.4
v-4 0.278676450253 941.8 847.4 945.6 860.1 919.5 868.8 915.6 856.2
v-4 0.263047248125 1498.8 275.0 1502.8 286.6 1471.2 295.0 1467.2 283.4
v-4 0.245212987065 872.4 944.6 885.4 975.6 874.4 980.1 861.3 949.1
v-4 0.140957340598 711.4 311.6 718.8 348.2 636.8 365.0 629.4 328.4
v-4 0.118309468031 706.2 979.8 727.0 1022.2 710.4 1029.8 689.6 987.4
v-4 0.112744629383 649.8 1001.0 670.6 1044.6 650.8 1054.2 630.2 1010.6
v-3 0.555144190788 563.5 415.7 570.6 448.3 529.0 460.1 522.0 427.6
v-3 0.505702853203 578.2 176.7 578.2 187.4 530.3 187.4 530.3 176.7
v-3 0.321230173111 1428.7 1927.6 1428.7 1957.0 1374.8 1957.0 1374.8 1927.6
v-3 0.26966047287 752.2 472.4 752.2 671.4 680.0 671.4 680.0 472.4
v-3 0.196337580681 479.8 -2.4 488.6 3.1 476.5 22.2 467.7 16.7
v-3 0.195147514343 1435.4 1533.0 1435.4 1563.8 1372.2 1563.8 1372.2 1533.0
v-3 0.188932821155 482.1 20.0 493.2 26.8 464.5 71.8 453.4 64.9
v-3 0.148350358009 491.1 6.2 499.1 10.9 490.4 22.0 482.4 17.3
v-3 0.115923441947 1432.4 1501.8 1432.4 1530.4 1374.2 1530.4 1374.2 1501.8
v-7 0.513152360916 107.0 1699.3 108.5 1714.9 72.8 1719.6 71.3 1704.0
v-7 0.502236306667 859.8 123.1 867.6 167.6 815.9 177.2 808.1 132.7
v-7 0.484293967485 1032.8 1944.5 1037.2 1978.9 1028.0 1979.9 1023.5 1945.5
v-7 0.438898593187 914.9 436.3 919.2 470.5 905.7 471.2 901.5 437.0
v-7 0.436311334372 857.3 451.6 860.0 479.4 842.8 481.1 840.2 453.3
v-7 0.430488973856 38.2 1010.8 46.4 1075.8 33.4 1076.2 25.2 1011.2
v-7 0.403158992529 121.3 100.8 125.7 134.6 115.3 134.7 110.9 100.9
v-7 0.321799427271 139.0 539.4 142.8 568.6 129.6 569.7 125.8 540.5
v-7 0.287994027138 535.6 493.0 535.6 518.1 522.8 518.1 522.8 493.0
v-7 0.28541263938 1052.1 -2.2 1055.9 27.5 1041.6 29.4 1037.8 -0.3
v-7 0.276646316051 1272.0 866.8 1282.2 913.2 1266.6 916.4 1256.4 870.0
v-7 0.23781169951 32.5 1230.6 33.2 1239.8 2.6 1244.0 2.0 1234.7
v-7 0.233018189669 1057.7 194.8 1061.6 232.4 1048.0 233.6 1044.1 195.9
v-7 0.21535231173 10.3 1015.9 16.9 1076.3 8.9 1076.2 2.3 1015.8
v-7 0.212674960494 797.8 7.6 797.8 51.6 777.8 51.6 777.8 7.6
v-7 0.190921217203 854.8 113.1 855.2 125.0 805.6 131.0 805.2 119.2
v-7 0.126329153776 1335.6 650.6 1335.6 687.0 1314.0 687.0 1314.0 650.6
v-7 0.105733387172 1723.6 1850.0 1723.6 1884.2 1708.0 1884.2 1708.0 1850.0
v-8 0.174535915256 1153.2 594.6 1206.4 646.6 1192.0 660.6 1138.8 608.6
v-12 0.476668477058 1321.4 1246.6 1321.4 1274.6 1246.0 1274.6 1246.0 1246.6
v-12 0.422737985849 900.4 974.1 900.4 1006.0 871.9 1006.0 871.9 974.1
v-12 0.174163982272 1241.0 1695.0 1241.0 1736.8 1199.6 1736.8 1199.6 1695.0
v-9 0.62806636095 911.2 1296.4 930.9 1352.2 901.0 1363.6 881.3 1307.9
v-9 0.624934196472 869.4 887.4 879.8 918.7 815.2 941.2 804.7 909.9
v-9 0.609803318977 606.7 1407.2 626.8 1465.9 596.2 1477.3 576.1 1418.6
v-9 0.604047417641 388.1 1492.9 408.8 1540.0 384.3 1551.4 363.7 1504.3
v-9 0.547818243504 1428.0 1097.6 1453.2 1101.2 1444.2 1165.2 1419.0 1161.6
v-9 0.534792244434 1405.8 74.6 1418.4 117.4 1384.6 127.2 1372.0 84.4
v-9 0.522711575031 1057.0 1238.6 1073.4 1292.2 1048.8 1299.6 1032.2 1246.0
v-9 0.513127624989 1250.2 1837.2 1260.3 1866.1 1201.4 1886.8 1191.2 1857.9
v-9 0.447448164225 998.2 1227.0 1005.0 1248.0 930.6 1275.2 923.6 1254.2
v-9 0.41925790906 693.9 444.0 703.3 470.5 637.7 496.1 628.3 469.5
v-9 0.415514707565 1760.4 1091.0 1816.2 1259.4 1785.2 1269.8 1729.4 1101.4
v-9 0.361751079559 1972.6 1656.6 2000.2 1733.4 1970.6 1742.4 1943.2 1665.8
v-9 0.361106127501 1802.0 1080.4 1856.0 1238.4 1824.8 1248.4 1770.8 1090.4
v-9 0.360919684172 1008.8 1245.6 1013.6 1264.2 933.8 1293.8 928.8 1275.2
v-9 0.353852778673 42.2 1627.3 54.5 1665.2 34.3 1672.1 22.0 1634.2
v-9 0.339915961027 984.0 1215.4 991.0 1234.0 931.0 1256.0 924.0 1237.4
v-9 0.290956407785 1987.2 1607.6 2010.0 1710.0 1991.8 1712.2 1969.0 1609.6
v-9 0.151462063193 1785.4 649.8 1797.8 652.4 1790.4 719.6 1778.0 717.0
v-9 0.124266676605 750.7 1809.0 759.5 1831.3 748.4 1834.9 739.6 1812.7
v-9 0.115416936576 1625.2 1789.4 1637.4 1827.4 1615.2 1833.4 1603.0 1795.2
v-9 0.100323162973 546.6 1219.8 551.0 1233.0 530.6 1240.2 526.1 1227.0
v-11 0.482399106026 1503.7 1459.9 1513.2 1493.0 1502.2 1496.1 1492.7 1463.0
v-11 0.481485664845 1543.4 327.2 1556.0 379.9 1525.4 388.8 1512.8 336.1
v-11 0.475509315729 1151.1 459.0 1161.9 493.4 1148.5 497.4 1137.7 463.0
v-11 0.450649648905 401.8 693.9 412.2 731.6 403.6 733.9 393.1 696.3
v-11 0.402911543846 1771.0 257.2 1775.6 312.6 1754.6 314.5 1750.0 259.1
v-11 0.363046199083 43.8 511.8 57.2 552.3 0.3 573.0 -13.2 532.5
v-11 0.362392246723 744.3 35.9 753.8 68.5 741.5 72.0 732.0 39.4
v-11 0.262977451086 671.8 593.7 685.8 668.4 628.4 682.1 614.3 607.4
v-11 0.256835460663 939.1 1247.5 939.1 1268.6 920.5 1268.6 920.5 1247.5
v-11 0.243637934327 808.8 1636.4 819.3 1711.1 770.3 1719.4 759.8 1644.8
v-11 0.171998098493 1393.9 132.8 1393.9 158.4 1386.9 158.4 1386.9 132.8
v-11 0.130124896765 1996.3 178.7 1996.3 240.8 1984.7 240.8 1984.7 178.7
v-11 0.128346130252 1162.4 484.8 1180.0 544.2 1165.2 546.4 1147.6 487.0
v-11 0.114712230861 1790.8 833.4 1802.4 864.6 1784.0 869.4 1772.4 838.2
v-11 0.108549118042 1003.3 124.1 1005.9 130.9 985.5 136.4 982.9 129.5
v-13 0.429594218731 1820.0 703.2 1863.6 760.6 1838.2 778.2 1794.4 720.8
v-13 0.243151038885 1853.4 682.4 1896.6 742.6 1865.8 765.0 1822.6 704.8
v-13 0.176533654332 1300.0 -47.8 1591.8 325.6 1525.0 376.0 1233.2 2.6
v-15 0.661434948444 666.6 1258.1 666.6 1299.0 577.4 1299.0 577.4 1258.1
v-15 0.652044475079 1729.8 1712.2 1729.8 1801.8 1686.8 1801.8 1686.8 1712.2
v-15 0.651655077934 613.2 1489.2 649.2 1553.8 610.6 1575.8 574.8 1511.0
v-15 0.639763176441 1730.8 1192.7 1730.8 1259.1 1687.9 1259.1 1687.9 1192.7
v-15 0.624041616917 1141.6 1692.3 1141.6 1775.6 1102.5 1775.6 1102.5 1692.3
v-15 0.607658982277 557.9 1016.2 557.9 1083.7 510.3 1083.7 510.3 1016.2
v-15 0.596389710903 288.8 1647.2 309.6 1741.4 265.4 1751.6 244.6 1657.4
v-15 0.539884984493 1144.1 204.6 1144.1 256.4 1098.9 256.4 1098.9 204.6
v-15 0.252243280411 1105.0 942.2 1152.8 948.6 1145.2 1018.0 1097.2 1011.6
v-15 0.160769477487 240.6 951.0 250.8 984.8 228.8 992.8 218.6 959.0
v-15 0.104113407433 562.4 829.6 562.4 861.6 516.4 861.6 516.4 829.6
v-15 0.103720091283 1120.0 1340.6 1120.0 1385.8 1092.4 1385.8 1092.4 1340.6
v-10 0.605209410191 3429.0 2940.5 3435.7 2978.0 3358.8 2991.1 3352.2 2953.7
v-10 0.573828458786 307.4 4094.6 346.9 4097.9 337.1 4189.3 297.6 4186.0
v-10 0.38673889637 3198.0 3695.0 3202.7 3704.8 3166.7 3723.9 3162.1 3714.1
v-10 0.380540817976 266.7 4449.4 296.4 4456.2 257.2 4634.6 227.4 4627.8
v-10 0.354235261679 4.6 4203.7 31.0 4222.6 24.1 4231.7 -2.3 4212.8
v-10 0.326235949993 432.7 3434.7 598.7 3456.4 595.0 3489.2 429.1 3467.5
v-10 0.314742475748 1011.7 1497.5 1011.7 1523.3 912.2 1523.3 912.2 1497.5
v-10 0.301917463541 395.3 5086.2 406.3 5094.1 368.8 5141.1 357.7 5133.1
v-10 0.286411970854 5022.2 2038.7 5031.1 2084.5 5023.1 2085.5 5014.2 2039.7
v-10 0.278717428446 4977.7 2054.3 4996.4 2089.3 4987.1 2093.8 4968.5 2058.8
v-10 0.276680529118 121.6 6936.4 770.0 8079.4 749.2 8096.0 100.6 6953.0
v-10 0.275333404541 1018.6 1522.4 1018.6 1538.2 924.2 1538.2 924.2 1522.4
v-10 0.270323067904 1013.2 1475.8 1013.2 1496.2 910.4 1496.2 910.4 1475.8
v-10 0.264009833336 172.4 4434.1 187.8 4436.6 151.2 4625.5 135.9 4623.0
v-10 0.255741208792 1056.4 2557.8 1063.6 2567.4 1043.2 2582.2 1036.0 2572.4
v-10 0.251501768827 468.8 3411.5 528.5 3419.5 527.2 3432.9 467.5 3424.8
v-10 0.246898278594 980.5 1463.9 980.5 1475.3 911.7 1475.3 911.7 1463.9
v-10 0.230069160461 459.6 3498.6 546.4 3510.7 544.6 3529.5 457.7 3517.4
v-10 0.228925436735 845.5 87.9 845.5 108.0 815.3 108.0 815.3 87.9
v-10 0.223544865847 3149.8 3270.0 3175.1 3278.4 3173.0 3286.2 3147.7 3277.8
v-10 0.222456246614 4488.2 2347.6 4520.1 2353.9 4516.0 2376.0 4484.1 2369.7
v-10 0.216471627355 3186.1 3674.5 3191.4 3686.0 3154.3 3704.8 3149.0 3693.3
v-10 0.213644459844 571.8 2251.6 659.3 2263.7 656.1 2296.1 568.6 2284.0
v-10 0.205735176802 3470.8 3146.9 3470.8 3184.0 3461.1 3184.0 3461.1 3146.9
v-10 0.199000358582 536.7 3377.7 536.7 3387.2 482.6 3387.2 482.6 3377.7
v-10 0.19519944489 410.1 7447.1 462.5 7536.7 442.4 7548.7 390.1 7459.1
v-10 0.193218141794 3275.7 3374.7 3282.1 3380.6 3264.8 3397.8 3258.5 3391.8
v-10 0.187870740891 3191.0 2489.7 3194.1 2500.1 3172.2 2507.3 3169.1 2496.9
v-10 0.187668070197 579.2 3615.2 579.2 3629.1 512.5 3629.1 512.5 3615.2
v-10 0.160329848528 881.4 704.0 881.4 723.6 826.5 723.6 826.5 704.0
v-10 0.153373420238 395.8 4126.9 402.3 4127.3 393.2 4180.2 386.7 4179.8
v-10 0.151269257069 341.7 4181.6 383.6 4184.3 382.2 4191.3 340.3 4188.5
v-10 0.124500341713 186.3 4441.7 249.0 4453.6 217.6 4641.6 154.9 4629.7
v-10 0.122095681727 3180.2 3380.2 3180.2 3391.2 3152.9 3391.2 3152.9 3380.2
v-10 0.122047357261 953.8 2088.4 953.8 2109.3 944.4 2109.3 944.4 2088.4
v-10 0.110079392791 865.3 298.5 865.3 313.7 826.9 313.7 826.9 298.5
v-10 0.109775774181 819.0 8047.2 941.5 8188.7 912.9 8212.0 790.5 8070.5
v-10 0.107778571546 924.8 1473.4 924.8 1509.0 890.8 1509.0 890.8 1473.4
v-17 0.111497357488 833.4 478.2 844.2 502.6 805.4 519.8 794.6 495.4
v-17 0.104627504945 383.5 1706.7 389.7 1709.8 372.5 1736.5 366.2 1733.5
v-18 0.53799945116 1624.8 665.1 1632.8 679.9 1601.9 697.1 1593.9 682.3
v-18 0.509490787983 1962.6 972.6 1965.3 981.0 1936.5 991.2 1933.8 982.9
v-18 0.33105173707 707.6 1241.1 729.9 1311.9 672.5 1330.9 650.2 1260.0
v-18 0.258563399315 1547.4 1465.4 1547.4 1498.4 1488.5 1498.4 1488.5 1465.4
v-18 0.172764420509 1534.2 1444.5 1534.2 1456.4 1484.7 1456.4 1484.7 1444.5
v-18 0.118442930281 250.8 1839.2 254.6 1852.2 189.8 1865.2 186.2 1852.2
v-19 0.484931349754 5273.0 2325.8 5283.2 2334.2 5262.4 2370.8 5252.2 2362.2
v-19 0.430335789919 7994.6 4461.4 7994.6 4472.4 7937.1 4478.2 7937.1 4467.2
v-19 0.426325887442 1749.0 5263.6 1840.8 5303.1 1831.4 5324.2 1739.5 5284.7
v-19 0.413894981146 3152.7 3896.4 3153.7 3913.3 2850.7 3938.5 2849.8 3921.7
v-19 0.412309736013 4675.4 872.7 4675.4 883.4 4624.7 883.4 4624.7 872.7
v-19 0.395479500294 2345.4 3632.8 2481.6 3834.2 2460.4 3848.0 2324.2 3646.6
v-19 0.375885367393 7454.2 6985.8 7486.4 7031.2 7477.0 7037.4 7444.8 6992.0
v-19 0.372923612595 2234.8 1141.5 2254.1 1167.1 2185.2 1222.0 2165.9 1196.4
v-19 0.365175336599 6707.2 3417.8 6717.8 3424.6 6690.0 3469.6 6679.4 3462.8
v-19 0.358156293631 7652.3 4006.8 7668.0 4015.8 7631.4 4077.4 7615.8 4068.4
v-19 0.351478338242 4940.0 52.0 4944.0 63.2 4826.0 129.4 4822.0 118.2
v-19 0.349122315645 1775.5 1923.5 1831.2 1943.7 1828.7 1950.6 1773.0 1930.5
v-19 0.323047727346 2329.0 3621.6 2351.2 3655.8 2335.0 3665.2 2313.0 3631.0
v-19 0.314062058926 7788.0 6735.7 7793.3 6769.9 7785.6 6771.6 7780.4 6737.4
v-19 0.296438097954 5947.4 2598.4 5954.6 2602.4 5935.2 2636.8 5928.1 2632.7
v-19 0.286892533302 2045.9 5384.1 2338.7 5524.0 2326.2 5547.6 2033.3 5407.7
v-19 0.254167705774 2827.6 697.0 2847.4 726.0 2573.8 927.4 2554.0 898.6
v-19 0.251662611961 2944.6 612.0 2959.0 633.4 2887.0 689.8 2872.4 668.4
v-19 0.242042914033 1433.9 6192.3 1435.2 6215.1 1233.9 6251.9 1232.6 6229.1
v-19 0.241976812482 1692.8 6657.6 1697.9 6676.4 1631.3 6698.2 1626.2 6679.5
v-19 0.228415682912 972.1 4909.9 1023.7 4935.3 1008.0 4966.7 956.3 4941.3
v-19 0.221166864038 585.5 5642.2 602.3 5658.7 594.8 5665.7 578.0 5649.2
v-19 0.214662566781 1281.4 7070.8 1288.7 7078.1 1258.4 7107.7 1251.1 7100.4
v-19 0.214610204101 1725.4 6654.4 1730.6 6679.2 1275.4 6794.4 1270.2 6769.6
v-19 0.209174364805 463.2 5445.9 471.0 5452.5 460.4 5462.1 452.6 5455.6
v-19 0.204970136285 218.1 6915.1 219.3 6937.9 -6.0 6968.7 -7.3 6946.0
v-19 0.203944206238 1023.4 4886.6 1370.0 5075.0 1351.8 5121.4 1005.2 4933.0
v-19 0.203126356006 2518.6 921.2 2533.2 942.4 2433.6 1022.6 2419.0 1001.4
v-19 0.202695414424 4660.8 158.8 4665.4 167.0 4628.2 186.4 4623.4 178.2
v-19 0.198059365153 1251.2 2140.6 1251.2 2171.8 1219.6 2171.8 1219.6 2140.6
v-19 0.166842401028 7581.2 7132.4 7601.0 7149.1 7591.1 7159.9 7571.3 7143.2
v-19 0.163305863738 4253.2 741.5 4253.2 806.5 4230.5 806.5 4230.5 741.5
v-19 0.158057332039 5917.1 2512.6 5922.5 2546.3 5912.5 2547.8 5907.0 2514.2
v-19 0.157376691699 7127.2 4169.6 7194.0 4211.0 7186.0 4219.6 7119.2 4178.2
v-19 0.147114664316 1597.7 4624.1 1610.0 4639.4 1605.8 4642.9 1593.5 4627.6
v-19 0.142651736736 7869.7 4124.5 7884.0 4138.6 7879.3 4144.1 7865.0 4130.0
v-19 0.142585590482 861.1 4867.7 912.6 4891.1 903.5 4912.5 852.0 4889.1
v-19 0.142101988196 850.5 4859.0 856.9 4862.3 849.5 4874.0 843.1 4870.7
v-19 0.132985219359 462.0 6890.1 462.6 6908.8 413.9 6913.9 413.3 6895.3
v-19 0.128130510449 2601.2 858.8 2610.6 871.4 2530.8 941.4 2521.4 928.8
v-19 0.126354306936 2842.0 3920.2 2844.6 3941.8 2669.6 3955.8 2667.0 3934.0
v-19 0.117260895669 8039.7 4584.0 8051.1 4600.0 8046.1 4603.3 8034.7 4587.3
v-19 0.111495219171 917.4 4886.0 944.2 4903.0 930.0 4929.4 903.2 4912.4
v-19 0.111261002719 3288.2 4230.2 3298.8 4240.4 3264.6 4272.2 3254.0 4262.2
v-19 0.111035645008 2416.5 5562.3 2450.3 5575.5 2443.5 5593.5 2409.6 5580.3
v-19 0.110923178494 1926.0 5164.2 1932.8 5178.8 1906.8 5195.6 1900.2 5181.0
v-19 0.109876334667 4314.2 334.6 4316.6 342.6 4285.6 358.6 4283.4 350.6
v-19 0.109753012657 380.2 5297.0 403.5 5303.7 392.2 5339.4 368.9 5332.7
v-19 0.106619127095 1243.8 6779.1 1247.7 6795.8 1224.5 6800.9 1220.6 6784.2
v-19 0.103985741735 4789.3 435.9 4793.9 462.0 4783.9 463.9 4779.3 437.9
v-1 0.186700761318 2005.5 256.0 2048.6 259.4 2046.0 284.2 2002.9 280.8
