v-20 0.494093060493 409.1 558.1 420.3 569.2 416.9 573.7 405.7 562.5
v-20 0.469401329756 372.6 514.2 383.8 526.1 378.5 530.9 367.3 519.0
v-20 0.437264144421 996.8 1284.8 1004.8 1291.0 983.8 1315.8 975.8 1309.4
v-20 0.358589023352 47.8 1987.6 69.0 2014.6 58.8 2021.6 37.6 1994.6
v-20 0.343975186348 676.9 1198.7 676.9 1222.8 665.0 1222.8 665.0 1198.7
v-20 0.340047806501 452.2 1951.4 462.6 1975.2 450.8 1980.0 440.6 1956.2
v-20 0.333744883537 676.4 1166.7 676.4 1182.9 666.8 1182.9 666.8 1166.7
v-20 0.326949894428 1000.7 993.0 1010.9 1007.3 1004.1 1011.2 993.8 997.0
v-20 0.326259791851 670.6 806.6 670.6 834.0 649.8 834.0 649.8 806.6
v-20 0.30841511488 685.7 1325.4 685.7 1341.5 677.1 1341.5 677.1 1325.4
v-20 0.282667964697 863.8 1854.4 863.8 1872.8 826.0 1872.8 826.0 1854.4
v-20 0.276281833649 344.0 1400.0 344.0 1872.2 255.4 1872.2 255.4 1400.0
v-20 0.275213390589 243.0 372.8 259.4 376.5 258.0 382.2 241.6 378.5
v-20 0.273625522852 445.4 1162.3 445.4 1178.4 436.6 1178.4 436.6 1162.3
v-20 0.263087004423 906.4 1611.0 906.4 1626.6 896.6 1626.6 896.6 1611.0
v-20 0.256401896477 988.3 975.0 999.1 989.7 992.7 994.8 982.0 980.1
v-20 0.254315406084 494.7 823.2 494.7 838.5 485.3 838.5 485.3 823.2
v-20 0.249249607325 724.1 1096.1 724.1 1114.1 713.8 1114.1 713.8 1096.1
v-20 0.246874153614 810.4 1397.6 810.4 1857.0 716.6 1857.0 716.6 1397.6
v-20 0.24026042223 978.9 1349.3 978.9 1365.0 968.1 1365.0 968.1 1349.3
v-20 0.234883248806 674.8 1813.4 674.8 1842.4 658.4 1842.4 658.4 1813.4
v-20 0.228481426835 655.2 1398.0 655.2 1841.0 584.6 1841.0 584.6 1398.0
v-20 0.222916916013 978.9 928.0 990.9 943.7 983.5 949.7 971.5 934.1
v-20 0.220253124833 446.5 1659.3 446.5 1678.9 435.4 1678.9 435.4 1659.3
v-20 0.212774857879 451.2 1401.5 461.2 1405.1 454.9 1424.8 444.9 1421.2
v-20 0.211339861155 723.1 1146.4 723.1 1161.0 714.0 1161.0 714.0 1146.4
v-20 0.210828527808 301.9 518.1 309.1 530.1 303.0 533.4 295.8 521.4
v-20 0.207746759057 446.8 1396.0 446.8 1875.2 343.4 1875.2 343.4 1396.0
v-20 0.206758916378 491.5 1053.0 491.5 1070.1 482.5 1070.1 482.5 1053.0
v-20 0.206004455686 728.2 1197.4 728.2 1214.5 715.7 1214.5 715.7 1197.4
v-20 0.197647720575 444.1 1233.1 444.1 1258.4 433.3 1258.4 433.3 1233.1
v-20 0.188364073634 900.1 1809.0 900.1 1827.7 888.6 1827.7 888.6 1809.0
v-20 0.187692791224 209.2 1853.2 209.2 1885.6 196.0 1885.6 196.0 1853.2
v-20 0.182998597622 448.6 597.2 467.6 614.4 460.8 622.8 441.8 605.6
v-20 0.182786673307 679.4 819.3 679.4 834.2 669.2 834.2 669.2 819.3
v-20 0.175876572728 638.8 764.8 638.8 795.8 616.6 795.8 616.6 764.8
v-20 0.175130873919 675.1 1528.0 675.1 1547.6 664.0 1547.6 664.0 1528.0
v-20 0.174220666289 56.0 1969.4 74.6 2000.0 61.4 2006.0 42.8 1975.6
v-20 0.16713398695 895.4 1294.2 895.4 1323.4 873.4 1323.4 873.4 1294.2
v-20 0.165977537632 354.6 1915.2 354.6 1935.0 323.2 1935.0 323.2 1915.2
v-20 0.164172455668 742.4 1278.4 742.4 1305.4 722.4 1305.4 722.4 1278.4
v-20 0.161662399769 364.0 1878.6 364.0 1892.6 332.2 1892.6 332.2 1878.6
v-20 0.161277845502 678.6 934.6 678.6 956.9 668.2 956.9 668.2 934.6
v-20 0.156184211373 909.6 1526.0 909.6 1555.8 889.8 1555.8 889.8 1526.0
v-20 0.154378756881 450.3 1035.8 450.3 1047.8 440.3 1047.8 440.3 1035.8
v-20 0.153837785125 673.7 1488.4 673.7 1506.4 664.7 1506.4 664.7 1488.4
v-20 0.147891044617 861.4 802.0 882.4 818.6 877.4 824.8 856.6 808.4
v-20 0.146193116903 1248.4 1926.6 1248.4 1955.0 1224.4 1955.0 1224.4 1926.6
v-20 0.146087497473 914.6 754.2 914.6 1238.6 756.8 1238.6 756.8 754.2
v-20 0.142821207643 1220.6 1867.2 1231.4 1892.6 1220.6 1898.6 1209.8 1873.2
v-20 0.139735653996 684.6 886.0 684.6 914.8 668.6 914.8 668.6 886.0
v-20 0.137884825468 279.5 493.8 288.2 504.1 282.8 508.3 274.1 498.0
v-20 0.13750167191 494.8 864.9 494.8 882.0 484.4 882.0 484.4 864.9
v-20 0.137131527066 630.0 740.0 630.0 753.8 593.2 753.8 593.2 740.0
v-20 0.136459112167 678.0 1007.1 678.0 1027.0 668.2 1027.0 668.2 1007.1
v-20 0.135427802801 501.6 754.0 501.6 789.2 482.8 789.2 482.8 754.0
v-20 0.130694746971 491.1 1265.5 491.1 1284.2 481.6 1284.2 481.6 1265.5
v-20 0.130085363984 907.1 1100.1 907.1 1120.9 896.9 1120.9 896.9 1100.1
v-20 0.129959270358 490.4 1011.0 490.4 1031.6 480.9 1031.6 480.9 1011.0
v-20 0.129854694009 1005.6 1397.4 1005.6 1426.2 986.6 1426.2 986.6 1397.4
v-20 0.129844278097 909.6 1208.2 909.6 1233.6 890.6 1233.6 890.6 1208.2
v-20 0.127213925123 671.3 1765.4 671.3 1781.4 660.5 1781.4 660.5 1765.4
v-20 0.1271366328 724.0 993.2 724.0 1009.0 713.5 1009.0 713.5 993.2
v-20 0.127074569464 670.2 1638.4 670.2 1653.9 659.7 1653.9 659.7 1638.4
v-20 0.126834735274 720.6 1287.4 720.6 1301.8 708.6 1301.8 708.6 1287.4
v-20 0.125362932682 425.3 1228.3 425.3 1248.6 410.2 1248.6 410.2 1228.3
v-20 0.124219581485 887.2 1408.6 887.2 1435.4 866.8 1435.4 866.8 1408.6
v-20 0.123910441995 727.3 1020.6 727.3 1040.4 717.3 1040.4 717.3 1020.6
v-20 0.12093744427 678.4 972.8 678.4 991.9 667.9 991.9 667.9 972.8
v-20 0.119932383299 894.0 1810.6 894.0 1844.8 843.6 1844.8 843.6 1810.6
v-20 0.117113374174 1039.4 1629.2 1039.4 1655.6 1021.2 1655.6 1021.2 1629.2
v-20 0.116461351514 375.6 486.8 396.6 498.8 386.2 512.4 365.4 500.6
v-20 0.116339445114 672.0 1673.1 672.0 1690.7 660.6 1690.7 660.6 1673.1
v-20 0.115019403398 854.4 821.4 867.6 834.0 850.6 850.8 837.2 838.2
v-20 0.115015596151 586.8 1751.8 586.8 1763.5 577.7 1763.5 577.7 1751.8
v-20 0.113138303161 979.7 1452.3 979.7 1469.9 969.1 1469.9 969.1 1452.3
v-20 0.110404722393 671.4 1717.9 671.4 1733.7 659.8 1733.7 659.8 1717.9
v-20 0.102170087397 141.8 1426.6 141.8 1442.8 107.8 1442.8 107.8 1426.6
v-20 0.102125257254 756.0 1831.8 756.0 1854.6 725.8 1854.6 725.8 1831.8
v-20 0.101930871606 981.2 1398.8 981.2 1426.6 966.0 1426.6 966.0 1398.8
v-20 0.101654656231 37.4 1869.6 37.4 1896.4 20.2 1896.4 20.2 1869.6
v-5 0.229231208563 748.4 1437.6 763.2 1459.0 751.2 1468.8 736.4 1447.4
v-5 0.155889168382 520.6 1584.6 527.6 1597.1 491.1 1619.4 484.1 1606.9
v-6 0.31094533205 726.0 839.2 730.6 847.6 705.8 866.2 701.2 857.6
v-6 0.291944950819 729.0 855.0 735.0 863.0 705.6 886.6 699.6 878.6
v-6 0.272332072258 728.6 967.6 731.4 973.8 702.8 992.4 700.0 986.2
v-6 0.225190445781 723.8 820.2 729.6 830.6 707.4 847.6 701.6 837.2
v-6 0.193979948759 719.2 951.2 723.8 957.8 696.0 977.6 691.4 971.0
v-6 0.163814768195 437.4 1206.6 459.6 1226.4 453.8 1232.2 431.8 1212.4
v-6 0.162235289812 728.6 985.6 732.0 992.0 706.4 1007.0 703.0 1000.6
v-6 0.158867269754 656.8 961.0 681.0 976.8 677.8 982.6 653.6 966.8
v-6 0.157782405615 720.6 918.0 724.6 923.4 696.0 944.4 692.2 939.2
v-6 0.148129716516 727.0 880.4 730.8 886.2 705.8 902.6 702.0 896.8
v-6 0.131382256746 1387.4 920.8 1387.4 942.2 1342.6 942.2 1342.6 920.8
v-6 0.12348973006 681.8 838.2 698.4 863.8 688.8 867.2 672.2 841.4
v-6 0.121821567416 685.8 815.2 693.4 836.0 681.0 841.2 673.4 820.2
v-6 0.116594411433 1395.4 946.6 1395.4 968.2 1345.6 968.2 1345.6 946.6
v-6 0.111625388265 729.0 896.6 732.8 903.4 703.8 920.6 699.8 913.8
v-6 0.107267305255 727.0 1018.0 732.0 1024.0 707.6 1042.8 702.6 1036.8
v-1 0.174603402615 1975.0 320.4 1975.0 344.8 1936.0 344.8 1936.0 320.4
v-7 0.321685671806 1009.9 23.9 1016.5 71.4 834.5 100.3 827.9 52.8
v-7 0.139278829098 851.4 48.4 851.4 87.2 833.8 87.2 833.8 48.4
v-7 0.101341083646 873.0 969.6 873.5 981.3 825.8 985.3 825.3 973.6
v-12 0.488051235676 1509.7 1403.5 1510.8 1411.6 1486.8 1415.3 1485.7 1407.2
v-12 0.335685938597 1443.6 1626.7 1449.6 1638.6 1443.1 1642.5 1437.1 1630.6
v-12 0.322443544865 1325.8 39.6 1336.6 46.0 1319.2 77.0 1308.4 70.6
v-12 0.312649458647 1411.2 908.4 1411.2 927.2 1400.0 927.2 1400.0 908.4
v-12 0.309221565723 1416.8 403.6 1424.6 413.8 1404.2 431.8 1396.4 421.6
v-12 0.265333771706 1198.5 1467.9 1204.2 1469.3 1198.0 1486.9 1192.3 1485.5
v-12 0.259955346584 1974.0 1301.6 1977.2 1312.8 1940.6 1326.6 1937.6 1315.4
v-12 0.257320433855 1420.6 1777.8 1420.6 1787.4 1401.2 1787.4 1401.2 1777.8
v-12 0.252694636583 1225.8 1729.7 1225.8 1738.2 1208.6 1738.2 1208.6 1729.7
v-12 0.204400256276 1384.2 438.0 1391.8 448.4 1373.8 463.4 1366.2 453.0
v-12 0.203719630837 1427.8 10.0 1427.8 28.8 1395.4 28.8 1395.4 10.0
v-12 0.196276575327 1266.3 987.2 1273.9 995.6 1267.9 1000.8 1260.3 992.4
v-12 0.182501211762 1283.0 525.7 1293.7 536.6 1287.6 542.8 1276.9 531.8
v-12 0.182089373469 1214.4 972.7 1214.4 982.3 1198.0 982.3 1198.0 972.7
v-12 0.171569302678 2021.6 1295.6 2021.8 1305.6 1988.4 1319.0 1988.2 1308.8
v-12 0.16571803391 1509.8 78.6 1509.8 104.4 1489.0 104.4 1489.0 78.6
v-12 0.155086681247 261.6 1873.6 261.6 1894.6 241.8 1894.6 241.8 1873.6
v-12 0.150793284178 2041.6 1240.4 2041.6 1262.2 2014.8 1262.2 2014.8 1240.4
v-12 0.150762364268 1345.4 473.8 1352.0 483.4 1330.6 498.4 1324.0 488.8
v-12 0.144858166575 820.2 993.5 820.2 1004.8 800.4 1004.8 800.4 993.5
v-12 0.139016225934 1970.2 1231.4 1974.6 1247.6 1941.8 1260.0 1937.4 1244.0
v-12 0.137165978551 1502.4 238.0 1502.4 269.4 1481.0 269.4 1481.0 238.0
v-12 0.132533162832 1633.8 5.0 1633.8 34.4 1590.6 34.4 1590.6 5.0
v-12 0.129583328962 1414.0 25.6 1414.0 43.8 1363.8 43.8 1363.8 25.6
v-12 0.127223461866 1430.2 383.6 1439.8 390.8 1424.4 410.4 1414.8 403.2
v-12 0.127152860165 709.5 990.5 709.5 1006.4 686.3 1006.4 686.3 990.5
v-12 0.126717075706 1123.5 1004.6 1123.5 1006.7 1088.3 1006.7 1088.3 1004.6
v-12 0.119587615132 1629.8 436.4 1629.8 452.4 1595.0 452.4 1595.0 436.4
v-12 0.116263285279 1197.6 1492.3 1197.6 1511.2 1187.9 1511.2 1187.9 1492.3
v-12 0.112033933401 828.7 995.5 828.7 1008.8 817.0 1008.8 817.0 995.5
v-12 0.108744964004 1458.0 352.0 1470.4 359.2 1460.6 372.6 1448.0 365.6
v-12 0.106765463948 2043.4 1276.6 2050.0 1294.4 2028.4 1304.8 2021.8 1287.0
v-12 0.10618750006 1209.4 152.4 1209.4 174.2 1179.6 174.2 1179.6 152.4
v-12 0.104597456753 1172.0 941.8 1172.0 954.0 1142.2 954.0 1142.2 941.8
v-12 0.103460460901 528.6 1820.2 534.6 1835.4 501.4 1850.0 495.4 1835.0
v-12 0.101706057787 1267.6 134.2 1267.6 160.2 1251.2 160.2 1251.2 134.2
v-12 0.10167619586 699.8 930.0 699.8 939.6 681.7 939.6 681.7 930.0
v-9 0.132104724646 899.4 1155.8 918.8 1196.4 901.2 1204.6 881.8 1163.8
v-9 0.129908725619 1035.5 1255.5 1037.5 1263.7 1001.2 1275.2 999.3 1267.1
v-9 0.12787771225 75.8 1515.4 80.7 1527.1 55.7 1537.9 50.7 1526.1
v-9 0.126055285335 332.7 1461.5 335.7 1469.4 304.5 1478.6 301.6 1470.6
v-9 0.12549379468 79.6 1477.3 91.0 1504.3 75.8 1510.9 64.4 1483.9
v-9 0.120153695345 1798.7 1083.6 1859.7 1236.4 1830.2 1248.3 1769.3 1095.5
v-9 0.118327349424 342.1 1444.0 345.9 1457.7 317.6 1464.9 313.9 1451.2
v-9 0.109613858163 47.6 1227.6 53.4 1246.8 8.0 1259.4 2.2 1240.2
v-9 0.109242588282 1586.4 1066.3 1586.4 1080.4 1576.8 1080.4 1576.8 1066.3
v-11 0.249402880669 1473.1 1437.5 1480.6 1459.2 1473.2 1461.8 1465.8 1440.1
v-11 0.188514471054 1504.2 564.4 1512.8 596.2 1499.4 599.2 1490.8 567.6
v-11 0.179186224937 1576.1 1438.9 1579.8 1447.9 1556.6 1453.2 1552.8 1444.3
v-11 0.147306963801 1542.5 1431.8 1546.6 1443.4 1517.4 1453.9 1513.2 1442.3
v-11 0.130643978715 1483.8 1435.2 1491.9 1454.7 1482.2 1458.1 1474.1 1438.6
v-11 0.118239440024 1408.8 274.0 1412.7 305.2 1403.8 305.5 1399.9 274.3
v-11 0.112745843828 1551.3 1444.7 1549.9 1449.3 1516.9 1454.4 1518.3 1449.8
v-11 0.112480685115 1564.4 447.4 1568.6 464.2 1529.6 472.6 1525.2 455.8
v-15 0.173537492752 1155.5 1295.0 1163.8 1297.2 1153.5 1348.5 1145.1 1346.3
v-15 0.150345250964 870.2 1342.8 883.0 1357.6 853.0 1383.0 840.0 1368.2
v-15 0.150044083595 1181.2 1301.2 1191.8 1304.3 1182.9 1344.4 1172.4 1341.2
v-16 0.177741378546 1035.0 1174.6 1044.6 1178.0 1034.0 1204.8 1024.4 1201.4
v-18 0.595947623253 1713.7 912.2 1719.2 920.3 1682.5 946.3 1677.1 938.2
v-18 0.527332365513 1717.3 821.4 1739.4 863.4 1726.1 870.5 1704.0 828.5
v-18 0.363466501236 1701.1 834.8 1730.3 883.1 1720.3 889.2 1691.0 840.8
v-18 0.154721707106 1703.8 909.1 1708.2 916.7 1677.1 934.9 1672.8 927.3
v-18 0.111799620092 1510.8 733.9 1515.2 739.8 1500.5 751.3 1496.1 745.4
v-18 0.105469897389 12.0 1129.4 31.6 1176.6 15.4 1180.8 -4.2 1133.8
v-10 0.401045918465 1951.6 7100.4 1963.2 7111.4 1914.2 7163.0 1902.4 7152.2
v-10 0.365229547024 1530.2 7974.6 1537.6 7983.0 1504.8 8013.0 1497.4 8004.6
v-10 0.354550302029 1495.4 7540.4 1506.6 7553.4 1453.0 7604.2 1441.8 7591.0
v-10 0.34804853797 1249.6 7783.0 1258.8 7794.6 1202.6 7843.2 1193.4 7831.6
v-10 0.284247070551 1463.2 8040.0 1470.4 8047.2 1420.6 8098.0 1413.6 8090.6
v-10 0.278307110071 2023.6 7790.4 2030.6 7797.8 1963.8 7861.6 1956.6 7854.2
v-10 0.248990952969 1002.3 8025.7 1009.5 8033.0 963.0 8074.8 955.7 8067.5
v-10 0.247100904584 2006.6 7159.0 2016.2 7168.2 1973.4 7216.4 1963.8 7207.2
v-10 0.237169831991 3804.6 3200.4 3815.8 3236.8 3806.0 3240.2 3794.6 3203.8
v-10 0.234811976552 1317.8 8116.8 1322.6 8127.2 1269.8 8159.0 1265.0 8148.6
v-10 0.232339903712 1270.2 7809.0 1276.8 7820.6 1217.2 7858.8 1210.6 7847.2
v-10 0.229868814349 2017.0 7033.2 2039.8 7058.4 2027.0 7068.2 2004.4 7043.0
v-10 0.224776387215 1583.4 7496.2 1591.8 7507.6 1542.4 7548.2 1534.0 7537.0
v-10 0.208810865879 3464.9 3262.9 3464.9 3277.6 3450.8 3277.6 3450.8 3262.9
v-10 0.208205878735 1574.6 7482.8 1580.0 7495.8 1523.6 7525.0 1518.2 7512.0
v-10 0.208141684532 1347.2 7716.2 1355.0 7730.2 1300.0 7768.8 1292.0 7754.6
v-10 0.207188740373 1867.0 7474.4 1877.2 7483.2 1835.6 7528.0 1825.6 7519.2
v-10 0.205865740776 1331.0 8137.2 1334.6 8147.2 1282.4 8177.2 1278.6 8167.2
v-10 0.201341792941 3792.2 3095.6 3792.2 3115.0 3765.6 3115.0 3765.6 3095.6
v-10 0.180856496096 3789.4 3284.5 3789.4 3293.1 3772.8 3293.1 3772.8 3284.5
v-10 0.180695608258 3813.4 3192.8 3837.0 3224.6 3829.2 3230.8 3805.6 3199.2
v-10 0.177016377449 1942.8 7439.0 1950.6 7448.2 1916.0 7480.0 1908.0 7471.0
v-10 0.175701797009 429.2 3423.9 472.9 3429.9 471.3 3443.6 427.5 3437.6
v-10 0.166253998876 3847.4 3278.2 3852.3 3282.2 3844.6 3295.1 3839.6 3291.2
v-10 0.164009332657 1300.6 8076.8 1303.0 8084.6 1236.4 8107.2 1234.0 8099.4
v-10 0.15826536715 1210.6 7956.4 1222.2 7971.2 1161.2 8019.6 1149.6 8005.0
v-10 0.157152980566 1934.6 7677.0 1942.0 7681.2 1910.6 7722.0 1903.2 7717.6
v-10 0.151059389114 3337.2 3105.4 3337.2 3144.0 3262.4 3144.0 3262.4 3105.4
v-10 0.147946551442 1417.6 8043.8 1423.0 8049.8 1390.0 8079.8 1384.8 8073.8
v-10 0.147627800703 1058.2 7956.8 1068.8 7970.2 1013.4 8015.4 1002.8 8002.0
v-10 0.146274462342 2533.0 2733.0 2558.0 2749.8 2548.0 2764.2 2522.8 2747.4
v-10 0.144731983542 1356.2 7733.2 1367.4 7746.8 1311.0 7794.8 1299.6 7781.2
v-10 0.143495380878 1702.2 7637.8 1711.4 7645.4 1667.4 7696.0 1658.2 7688.4
v-10 0.141539141536 3505.8 3254.8 3505.8 3269.8 3467.0 3269.8 3467.0 3254.8
v-10 0.141227021813 1421.6 7624.2 1429.2 7638.2 1356.2 7683.6 1348.4 7669.6
v-10 0.139643162489 3450.4 3211.8 3450.4 3245.2 3422.0 3245.2 3422.0 3211.8
v-10 0.138750374317 2020.6 7595.2 2029.2 7601.2 1989.0 7647.8 1980.4 7641.8
v-10 0.138491228223 1663.2 7420.2 1671.6 7431.6 1628.4 7467.4 1620.0 7456.0
v-10 0.134818717837 1203.8 8156.4 1212.8 8174.4 1155.4 8205.6 1146.2 8187.6
v-10 0.134529352188 1015.2 7989.6 1021.3 7994.8 1011.1 8006.7 1005.0 8001.5
v-10 0.131680473685 3311.2 3424.4 3314.5 3428.1 3302.4 3437.6 3299.1 3433.9
v-10 0.131568714976 3558.6 3205.2 3576.2 3219.2 3551.8 3250.6 3534.2 3236.6
v-10 0.130675077438 1279.8 7827.0 1288.0 7843.2 1223.8 7874.6 1215.6 7858.4
v-10 0.129132717848 3700.7 3306.7 3700.7 3315.0 3686.8 3315.0 3686.8 3306.7
v-10 0.127834096551 3821.2 3279.4 3831.1 3284.6 3828.8 3291.3 3818.9 3286.1
v-10 0.127733126283 3748.6 3275.4 3748.6 3286.4 3737.4 3286.4 3737.4 3275.4
v-10 0.126384183764 843.8 2099.9 880.0 2122.0 840.3 2184.6 804.1 2162.5
v-10 0.124535739422 1638.4 1961.4 1638.4 1980.6 1603.8 1980.6 1603.8 1961.4
v-10 0.123424522579 3318.6 3211.2 3318.6 3246.2 3298.6 3246.2 3298.6 3211.2
v-10 0.122984148562 3707.6 3317.2 3716.2 3332.8 3693.0 3347.2 3684.4 3331.6
v-10 0.12258194387 3556.2 3147.3 3560.9 3150.9 3551.9 3162.6 3547.2 3159.0
v-10 0.122408822179 3354.6 3143.0 3379.4 3161.8 3374.4 3170.8 3349.4 3152.0
v-10 0.119327872992 1974.6 7132.4 1985.0 7142.2 1938.0 7193.6 1927.6 7184.0
v-10 0.11863668263 3363.8 3245.6 3386.4 3268.6 3380.0 3275.8 3357.4 3252.8
v-10 0.117316707969 3834.2 3239.8 3849.2 3252.0 3837.2 3260.6 3822.2 3248.4
v-10 0.116434447467 1927.2 7388.8 1941.4 7404.6 1889.2 7453.4 1875.0 7437.6
v-10 0.115514710546 3689.8 3298.0 3689.8 3315.4 3663.2 3315.4 3663.2 3298.0
v-10 0.113885730505 3747.4 3081.6 3758.6 3096.4 3733.0 3115.6 3721.8 3100.6
v-10 0.113850392401 3382.6 3284.0 3405.8 3306.6 3298.6 3412.4 3275.4 3389.8
v-10 0.111665390432 1013.2 8098.1 1022.9 8110.7 1008.1 8121.8 998.4 8109.2
v-10 0.11079441756 3329.2 3075.4 3329.2 3111.4 3271.4 3111.4 3271.4 3075.4
v-10 0.110405616462 3324.4 3160.2 3324.4 3201.2 3293.0 3201.2 3293.0 3160.2
v-10 0.104295320809 1866.2 7178.4 1878.4 7191.8 1819.2 7247.8 1807.0 7234.4
v-10 0.102636292577 375.8 7473.3 386.3 7487.3 381.3 7490.1 370.9 7476.1
v-10 0.101455613971 3301.8 3211.4 3301.8 3248.4 3284.0 3248.4 3284.0 3211.4
v-19 0.527394711971 822.6 5324.6 850.0 5352.3 843.8 5358.8 816.4 5331.0
v-19 0.501437962055 1003.2 5017.1 1010.3 5017.8 1002.5 5059.8 995.4 5059.1
v-19 0.483914911747 627.9 5345.0 633.2 5348.9 616.7 5369.4 611.4 5365.5
v-19 0.477639883757 403.2 7285.8 413.5 7323.8 402.2 7326.6 391.9 7288.6
v-19 0.442510217428 696.0 5371.4 702.9 5376.1 685.3 5402.2 678.4 5397.5
v-19 0.437641441822 153.0 4512.8 176.0 4528.8 129.4 4599.0 106.6 4583.2
v-19 0.436892479658 3269.4 2277.4 3287.6 2281.2 3266.8 2355.4 3248.6 2351.8
v-19 0.397871524096 721.0 5499.4 728.4 5506.5 699.9 5535.0 692.4 5527.9
v-19 0.381811022758 757.3 5462.8 764.5 5469.3 736.5 5499.5 729.2 5493.0
v-19 0.376558810472 605.6 5372.7 611.8 5376.3 596.0 5397.9 589.9 5394.2
v-19 0.371095210314 73.4 4660.6 92.0 4671.0 65.6 4721.6 47.0 4711.2
v-19 0.369392871857 2605.0 4598.2 2628.2 4605.8 2602.2 4675.0 2579.0 4667.4
v-19 0.368143707514 99.8 4686.2 118.2 4700.8 87.4 4744.4 69.0 4729.8
v-19 0.366938263178 139.4 4712.8 153.6 4728.8 92.8 4780.0 78.6 4764.0
v-19 0.365687191486 970.7 4942.7 1037.4 4969.3 1032.3 4982.2 965.6 4955.6
v-19 0.362045526505 703.2 5378.1 709.3 5382.2 695.2 5403.1 689.2 5399.0
v-19 0.361969619989 192.8 4497.6 192.8 4533.0 167.8 4533.0 167.8 4497.6
v-19 0.354942649603 254.8 4357.8 267.2 4371.8 233.0 4404.0 220.6 4390.0
v-19 0.352576285601 334.4 6944.6 343.1 6986.0 334.5 6987.3 325.8 6945.9
v-19 0.34677785635 2510.6 4866.8 2517.4 4869.0 2500.6 4900.2 2493.8 4897.8
v-19 0.342190474272 87.0 4482.0 111.2 4490.4 96.6 4551.6 72.2 4543.2
v-19 0.339808762074 2725.4 4301.6 2725.4 4381.2 2693.2 4381.2 2693.2 4301.6
v-19 0.328970462084 122.2 4487.8 142.2 4505.2 123.0 4540.2 103.0 4522.8
v-19 0.326077520847 814.7 5360.7 814.7 5401.4 803.8 5401.4 803.8 5360.7
v-19 0.315480053425 2451.3 5362.0 2471.2 5386.4 2463.8 5392.2 2443.9 5367.8
v-19 0.302134662867 2383.8 1404.2 2415.8 1429.4 2408.6 1439.4 2376.8 1414.2
v-19 0.296274602413 31.2 6204.6 39.0 6209.4 8.0 6252.8 0.2 6248.0
v-19 0.293867439032 140.2 4639.0 162.4 4658.2 125.6 4699.2 103.4 4680.0
v-19 0.293327003717 115.2 4609.0 139.4 4631.0 99.6 4675.8 75.4 4653.8
v-19 0.292207956314 1464.4 7042.0 1506.0 7076.0 1500.8 7082.6 1459.2 7048.6
v-19 0.28974545002 178.6 4537.6 202.4 4552.2 164.8 4621.8 140.8 4607.2
v-19 0.288537889719 2575.6 4687.4 2594.8 4697.6 2570.4 4744.0 2551.0 4733.8
v-19 0.285388052464 1377.2 4417.6 1382.0 4427.8 1347.8 4451.0 1343.0 4440.8
v-19 0.278768658638 2307.0 1529.2 2315.4 1537.6 2289.0 1565.8 2280.4 1557.4
v-19 0.276846647263 3189.8 4284.4 3189.8 4333.8 3168.2 4333.8 3168.2 4284.4
v-19 0.274971753359 1298.3 4472.2 1307.1 4486.8 1274.1 4510.0 1265.3 4495.4
v-19 0.274180799723 2273.6 1467.6 2281.0 1476.2 2260.4 1495.4 2253.0 1486.8
v-19 0.273217409849 1141.0 5797.6 1160.8 5818.2 1149.8 5826.2 1130.0 5805.8
v-19 0.26899689436 634.6 5770.7 649.7 5785.7 642.2 5793.4 627.1 5778.4
v-19 0.266839116812 2267.0 1451.8 2274.0 1461.4 2249.4 1482.2 2242.6 1472.6
v-19 0.26106441021 2896.3 4001.6 2896.3 4043.2 2884.9 4043.2 2884.9 4001.6
v-19 0.259442210197 92.8 4567.0 118.4 4589.2 75.8 4640.4 50.2 4618.2
v-19 0.259403526783 163.2 4733.2 174.0 4747.0 116.8 4794.6 106.2 4780.6
v-19 0.258595764637 52.6 4637.2 68.0 4645.8 52.4 4678.0 37.0 4669.4
v-19 0.258266299963 2639.4 1790.2 2639.4 1834.0 2618.0 1834.0 2618.0 1790.2
v-19 0.256236881018 53.2 6200.2 63.0 6207.8 50.6 6226.0 40.8 6218.4
v-19 0.255977094173 287.4 4634.4 302.0 4651.6 248.8 4698.2 234.4 4681.0
v-19 0.255060076714 404.6 5258.2 416.0 5268.4 386.6 5299.2 375.2 5289.2
v-19 0.25134396553 36.2 4602.6 52.6 4616.8 32.2 4649.6 15.6 4635.4
v-19 0.250375926495 15.2 4559.2 35.0 4574.4 8.6 4618.4 -11.2 4603.0
v-19 0.243436768651 4479.6 3960.0 4479.6 3982.0 4444.4 3982.0 4444.4 3960.0
v-19 0.242562308908 1920.4 5191.4 1927.6 5203.3 1922.4 5206.3 1915.2 5194.4
v-19 0.239006012678 3166.6 3259.0 3166.6 3292.2 3150.0 3292.2 3150.0 3259.0
v-19 0.235968247056 274.6 4382.6 287.0 4398.2 243.8 4428.8 231.2 4413.4
v-19 0.225746080279 156.8 4467.4 172.0 4478.8 158.4 4511.8 143.0 4500.4
v-19 0.2255012393 2241.8 7111.7 2241.8 7133.2 2225.9 7133.2 2225.9 7111.7
v-19 0.224187105894 1306.0 4223.8 1314.6 4237.2 1282.4 4262.8 1273.8 4249.2
v-19 0.223989844322 3204.8 3626.6 3204.8 3660.6 3185.4 3660.6 3185.4 3626.6
v-19 0.220837131143 940.6 5055.2 970.6 5075.2 965.2 5082.4 935.2 5062.4
v-19 0.218890607357 873.0 1403.8 873.0 1453.8 849.0 1453.8 849.0 1403.8
v-19 0.218068689108 637.4 5351.3 646.4 5358.4 631.5 5380.1 622.5 5373.0
v-19 0.217126756907 853.2 1362.6 853.2 1381.4 814.8 1381.4 814.8 1362.6
v-19 0.214506551623 854.4 1382.0 854.4 1407.2 814.8 1407.2 814.8 1382.0
v-19 0.214091479778 841.7 5283.9 872.4 5297.4 868.1 5305.8 837.4 5292.4
v-19 0.21052069962 2884.2 3998.8 2884.2 4043.4 2867.2 4043.4 2867.2 3998.8
v-19 0.209904372692 2548.4 5272.8 2562.4 5290.6 2549.4 5298.6 2535.2 5280.8
v-19 0.207777440548 52.6 4513.0 81.4 4523.4 66.4 4582.8 37.4 4572.4
v-19 0.207630589604 220.4 4548.4 230.4 4560.2 206.0 4580.0 196.0 4568.0
v-19 0.206948712468 2256.0 1489.0 2265.0 1498.2 2230.2 1531.4 2221.2 1522.4
v-19 0.206740900874 463.7 6289.5 472.3 6301.0 466.7 6305.2 458.1 6293.7
v-19 0.201925709844 631.2 5447.8 655.9 5469.8 605.1 5524.0 580.3 5502.0
v-19 0.201711758971 305.8 4724.4 321.8 4735.6 279.8 4788.0 263.8 4776.8
v-19 0.200527027249 232.0 4600.8 250.4 4616.8 221.8 4651.4 203.4 4635.4
v-19 0.197688192129 362.4 4103.8 371.2 4120.4 332.2 4144.6 323.6 4128.0
v-19 0.196164742112 185.4 4615.4 211.0 4639.6 172.6 4688.2 147.0 4664.0
v-19 0.190923497081 2606.8 4657.8 2622.6 4667.6 2616.6 4681.0 2600.8 4671.4
v-19 0.189997628331 251.8 4714.8 263.8 4727.2 236.8 4751.0 225.0 4738.6
v-19 0.188469663262 2092.6 1019.6 2101.6 1027.6 2075.0 1057.4 2066.0 1049.4
v-19 0.188411086798 137.0 4899.8 148.6 4912.0 124.6 4936.4 113.0 4924.2
v-19 0.18656270206 2679.2 4187.5 2705.9 4190.2 2693.3 4281.1 2666.7 4278.4
v-19 0.185738995671 639.2 5453.3 646.4 5459.6 627.8 5478.7 620.7 5472.3
v-19 0.18365778029 2208.0 5678.6 2211.2 5688.0 2181.2 5701.4 2178.0 5691.8
v-19 0.182931900024 2093.1 5723.7 2105.8 5731.8 2102.2 5737.6 2089.5 5729.5
v-19 0.179572209716 548.6 5443.9 566.9 5448.3 551.9 5504.8 533.7 5500.3
v-19 0.17896489799 414.5 7289.0 422.5 7319.2 413.9 7321.9 405.9 7291.7
v-19 0.175918772817 10.6 4625.0 32.4 4661.2 12.8 4675.6 -9.0 4639.4
v-19 0.175108507276 866.6 5222.2 900.6 5236.2 897.2 5250.6 863.2 5236.6
v-19 0.174661040306 853.8 1345.0 853.8 1363.2 814.4 1363.2 814.4 1345.0
v-19 0.174081265926 2280.6 1506.0 2291.4 1518.4 2241.0 1562.0 2230.4 1549.4
v-19 0.173961833119 1050.0 4740.2 1055.1 4743.4 1048.9 4758.4 1043.8 4755.3
v-19 0.17324924469 4479.2 3990.2 4479.2 4016.8 4441.8 4016.8 4441.8 3990.2
v-19 0.173091322184 689.2 5827.8 702.8 5843.7 697.6 5847.9 683.9 5832.0
v-19 0.172729432583 712.3 5850.2 729.5 5869.0 723.9 5873.9 706.8 5855.1
v-19 0.172677576542 1313.7 6834.4 1318.4 6849.2 1312.3 6850.9 1307.5 6836.0
v-19 0.172606229782 260.2 4622.4 275.0 4638.0 228.0 4681.0 213.4 4665.4
v-19 0.171946182847 2229.8 1464.0 2240.0 1472.4 2213.2 1501.8 2203.0 1493.4
v-19 0.170430138707 205.4 4400.4 230.2 4425.0 201.4 4455.6 176.6 4431.0
v-19 0.17041631043 2238.0 1480.6 2245.8 1489.4 2216.4 1515.6 2208.6 1506.6
v-19 0.169964075089 2328.9 1354.3 2345.3 1371.0 2338.6 1376.9 2322.3 1360.2
v-19 0.166787326336 639.8 5323.7 645.4 5326.8 637.0 5342.1 631.4 5339.1
v-19 0.165770173073 579.8 5257.6 592.0 5268.8 564.0 5297.8 551.6 5286.4
v-19 0.165171071887 2621.1 4221.0 2646.2 4224.4 2639.0 4280.5 2613.9 4277.1
v-19 0.164753705263 883.4 1705.2 883.4 1724.6 852.0 1724.6 852.0 1705.2
v-19 0.163666516542 359.4 6866.8 361.4 6872.8 349.0 6878.9 347.0 6872.9
v-19 0.16175404191 674.9 5422.3 678.6 5424.6 658.4 5445.7 654.7 5443.4
v-19 0.160090923309 3200.2 4281.4 3209.0 4317.6 3190.6 4335.0 3182.0 4298.8
v-19 0.158615678549 7654.2 4066.6 7688.2 4091.6 7682.6 4098.4 7648.6 4073.4
v-19 0.158212125301 882.4 1655.4 887.0 1668.4 852.6 1678.0 848.0 1665.0
v-19 0.156204983592 2482.3 3433.2 2489.2 3436.1 2479.3 3459.9 2472.3 3457.0
v-19 0.155722931027 2103.0 5728.0 2103.0 5750.4 2051.2 5750.4 2051.2 5728.0
v-19 0.152572467923 1831.8 24.6 1893.0 74.2 1874.4 97.4 1813.2 47.8
v-19 0.152551025152 202.8 4359.4 202.8 4398.2 174.8 4398.2 174.8 4359.4
v-19 0.152464017272 304.4 4663.8 316.8 4677.6 276.4 4718.0 263.8 4704.2
v-19 0.152298226953 2452.0 5431.8 2465.6 5435.2 2452.2 5473.8 2438.6 5470.4
v-19 0.15135063231 185.0 4687.6 200.6 4706.2 177.6 4728.4 162.2 4709.8
v-19 0.1507897228 1634.4 7150.0 1641.6 7158.4 1622.8 7172.4 1615.6 7164.2
v-19 0.150694638491 963.2 4885.6 990.4 4900.8 980.8 4916.2 953.4 4901.0
v-19 0.148125126958 1678.2 6062.0 1678.2 6107.0 1655.2 6107.0 1655.2 6062.0
v-19 0.147908732295 238.6 4569.6 250.6 4586.2 229.6 4602.0 217.6 4585.4
v-19 0.146096199751 881.2 5263.7 888.1 5265.8 876.0 5292.8 869.1 5290.6
v-19 0.145999088883 487.8 6807.8 497.4 6819.6 466.2 6847.6 456.6 6836.0
v-19 0.145080402493 84.6 4368.4 103.6 4378.8 89.0 4411.4 70.0 4401.0
v-19 0.143792077899 651.6 5789.1 671.8 5809.4 666.0 5815.9 645.9 5795.6
v-19 0.143756359816 1169.1 6120.6 1182.8 6132.5 1177.9 6139.2 1164.2 6127.3
v-19 0.142379462719 676.0 5392.1 687.9 5401.7 641.2 5467.9 629.2 5458.3
v-19 0.140831410885 180.2 4754.4 191.6 4769.6 130.2 4819.2 118.8 4804.0
v-19 0.140237748623 113.0 4399.6 132.8 4411.2 116.8 4442.2 97.0 4430.4
v-19 0.139928251505 38.4 4896.8 57.4 4908.0 37.2 4953.8 18.2 4942.8
v-19 0.139511868358 200.0 4656.8 219.8 4683.6 204.8 4696.4 185.0 4669.6
v-19 0.139237597585 349.4 4077.0 357.6 4089.8 330.8 4107.6 322.6 4094.8
v-19 0.139108330011 2461.2 2444.3 2474.6 2448.6 2469.4 2463.7 2455.9 2459.4
v-19 0.138165608048 4475.4 3869.8 4475.4 3897.2 4443.8 3897.2 4443.8 3869.8
v-19 0.137810349464 368.8 4131.8 389.2 4158.4 378.8 4165.0 358.6 4138.6
v-19 0.135653346777 2776.4 4278.0 2776.4 4323.4 2751.6 4323.4 2751.6 4278.0
v-19 0.13519397378 2255.6 1436.0 2263.4 1446.2 2234.8 1467.6 2227.0 1457.4
v-19 0.135188400745 3168.0 4710.4 3199.0 4731.4 3196.4 4736.6 3165.4 4715.4
v-19 0.134778320789 153.0 4436.6 153.0 4478.0 122.2 4478.0 122.2 4436.6
v-19 0.134726524353 28.2 4730.6 52.0 4750.4 13.0 4813.2 -10.8 4793.4
v-19 0.131974831223 3278.2 2354.6 3291.6 2357.0 3273.4 2406.6 3260.0 2404.2
v-19 0.131906509399 909.5 5202.0 909.5 5210.3 895.2 5210.3 895.2 5202.0
v-19 0.131833121181 263.8 4284.0 274.4 4297.0 256.8 4314.8 246.2 4301.8
v-19 0.131235778332 1105.2 1525.4 1105.2 1567.4 1079.0 1567.4 1079.0 1525.4
v-19 0.130847990513 1241.5 6310.1 1243.9 6322.8 1227.3 6326.2 1224.9 6313.5
v-19 0.130292072892 2430.6 4824.4 2447.0 4841.6 2379.2 4911.4 2362.8 4894.0
v-19 0.129828885198 227.0 4744.4 234.6 4754.0 182.4 4801.2 174.6 4791.6
v-19 0.129543676972 159.2 4327.6 184.2 4347.0 164.6 4399.8 139.6 4380.6
v-19 0.129285246134 449.6 7331.2 465.0 7363.8 454.2 7368.8 438.8 7336.2
v-19 0.129095390439 541.5 5015.8 556.5 5027.8 518.4 5077.0 503.4 5064.9
v-19 0.127861708403 1242.4 6278.2 1245.9 6290.8 1225.5 6294.6 1222.0 6281.9
v-19 0.127280443907 1462.8 4899.3 1466.3 4904.2 1455.2 4912.2 1451.7 4907.4
v-19 0.127099484205 886.2 1693.6 886.2 1708.4 850.0 1708.4 850.0 1693.6
v-19 0.125998497009 354.1 6791.0 354.1 6805.8 346.8 6805.8 346.8 6791.0
v-19 0.125946164131 848.2 1413.8 848.2 1457.6 824.0 1457.6 824.0 1413.8
v-19 0.124785669148 2470.7 3857.6 2478.1 3867.2 2468.3 3874.3 2460.9 3864.8
v-19 0.124148137867 837.8 1494.0 843.8 1510.8 817.4 1522.6 811.4 1506.0
v-19 0.122347079217 3351.0 3118.0 3364.4 3122.8 3358.0 3147.6 3344.8 3142.8
v-19 0.122187845409 776.6 5482.8 779.6 5485.0 770.4 5496.9 767.3 5494.6
v-19 0.122157692909 869.8 5287.4 880.9 5291.1 878.5 5299.8 867.4 5296.2
v-19 0.122068531811 850.6 1322.8 850.6 1339.4 817.0 1339.4 817.0 1322.8
v-19 0.121854186058 874.8 4948.6 892.8 4958.4 881.4 4981.4 863.4 4971.6
v-19 0.121273972094 1203.5 4962.8 1211.3 4967.6 1206.4 4978.1 1198.7 4973.4
v-19 0.120322175324 3180.5 4395.5 3181.7 4404.7 3145.6 4409.3 3144.5 4400.1
v-19 0.119754239917 2790.4 436.9 2794.3 440.6 2782.8 453.1 2778.8 449.4
v-19 0.11937430501 853.4 1460.0 862.6 1470.6 834.4 1492.6 825.4 1481.8
v-19 0.117834240198 878.8 1638.4 882.4 1654.6 840.2 1662.4 836.6 1646.2
v-19 0.117712289095 4631.6 2810.8 4647.4 2815.0 4638.8 2844.2 4623.0 2840.0
v-19 0.117651969194 889.2 1759.6 889.2 1784.4 862.6 1784.4 862.6 1759.6
v-19 0.116971492767 2450.5 3792.7 2496.3 3864.9 2481.2 3874.8 2435.4 3802.6
v-19 0.11657140404 447.7 7354.0 456.6 7367.5 453.1 7369.5 444.2 7356.0
v-19 0.115760616958 1997.6 1459.6 2009.6 1468.4 1993.4 1494.2 1981.4 1485.4
v-19 0.115758024156 2605.4 4213.6 2605.4 4274.8 2585.6 4274.8 2585.6 4213.6
v-19 0.11559767276 2530.6 4754.0 2544.2 4762.6 2532.2 4791.4 2518.6 4782.8
v-19 0.114680886269 3262.8 1389.6 3262.8 1418.0 3239.2 1418.0 3239.2 1389.6
v-19 0.114386536181 2427.4 5494.4 2438.0 5497.8 2414.0 5540.2 2403.2 5537.0
v-19 0.112381592393 611.1 5752.7 628.0 5767.1 622.8 5771.8 606.0 5757.4
v-19 0.112057857215 2289.0 3996.0 2292.9 3999.6 2283.5 4010.3 2279.7 4006.7
v-19 0.112013548613 578.1 5412.0 597.6 5417.5 577.7 5480.2 558.2 5474.7
v-19 0.111946500838 2842.0 3920.2 2844.6 3941.8 2669.6 3955.8 2667.0 3934.0
v-19 0.111022278666 35.0 4501.6 35.0 4562.0 3.8 4562.0 3.8 4501.6
v-19 0.110693976283 3324.6 2268.8 3329.0 2266.0 3307.2 2377.8 3302.6 2380.6
v-19 0.110418774188 2346.8 7134.8 2357.8 7144.6 2329.4 7178.6 2318.4 7168.6
v-19 0.11011556536 3174.2 3214.2 3174.2 3256.0 3156.2 3256.0 3156.2 3214.2
v-19 0.109932765365 1822.4 2010.4 1830.7 2016.6 1813.0 2039.5 1804.6 2033.3
v-19 0.109834589064 6827.0 2839.0 6827.6 2844.8 6797.2 2867.6 6796.6 2862.0
v-19 0.109830953181 229.4 4699.8 241.0 4716.0 196.0 4750.2 184.4 4734.0
v-19 0.108732074499 2812.1 2758.3 2903.4 2764.1 2903.8 2781.2 2812.6 2775.4
v-19 0.107587225735 2670.2 4080.8 2670.2 4167.2 2554.2 4167.2 2554.2 4080.8
v-19 0.107453145087 22.8 4439.2 41.0 4446.8 18.4 4512.6 0.2 4504.8
v-19 0.107262149453 2674.4 2708.8 2857.8 2739.2 2853.6 2769.6 2670.2 2739.2
v-19 0.106906585395 890.0 1542.4 904.8 1577.8 890.4 1582.6 875.6 1547.2
v-19 0.106713272631 3302.8 1792.4 3302.8 1815.4 3285.2 1815.4 3285.2 1792.4
v-19 0.105196669698 2369.4 1410.2 2387.1 1422.0 2379.6 1432.1 2361.8 1420.3
v-19 0.105086833239 2009.0 1483.8 2016.8 1490.8 1997.4 1513.2 1989.6 1506.2
v-19 0.10442493856 103.8 4335.8 123.8 4368.6 108.8 4377.2 88.8 4344.2
v-19 0.103510923684 396.4 4082.2 405.0 4096.2 380.8 4114.4 372.2 4100.4
v-19 0.102448396385 3232.0 4354.2 3232.0 4402.8 3212.6 4402.8 3212.6 4354.2
v-19 0.102272287011 2330.6 7131.0 2341.2 7139.4 2319.0 7169.8 2308.4 7161.2
v-19 0.101613692939 856.8 1741.8 863.8 1756.0 849.0 1768.4 842.2 1754.2
v-19 0.101518683136 286.2 4078.4 286.2 4107.2 262.0 4107.2 262.0 4078.4
v-19 0.101155087352 1531.0 7094.6 1543.8 7105.2 1532.6 7121.4 1519.8 7111.0
v-19 0.101035661995 613.7 5658.9 776.5 5832.7 750.0 5857.5 587.3 5683.7
v-19 0.100502967834 717.2 5340.2 726.8 5346.6 709.3 5375.5 699.8 5369.2
v-19 0.100407771766 892.0 1401.2 892.0 1438.2 875.0 1438.2 875.0 1401.2
v-19 0.100178003311 1901.6 5115.8 1914.4 5160.8 1900.0 5163.0 1887.2 5118.2
v-2 0.119989156723 1048.5 643.4 1054.8 645.1 1049.9 661.8 1043.5 660.1
v-2 0.119355306029 974.1 1385.1 979.6 1408.6 971.0 1410.2 965.6 1386.6
v-3 0.17827039957 868.1 411.1 875.5 428.2 824.1 450.0 816.7 432.9
v-3 0.154105499387 979.3 373.3 992.4 406.8 776.8 503.3 763.7 469.8
v-3 0.121683709323 1351.6 1741.4 1351.6 1752.0 1330.8 1752.0 1330.8 1741.4
v-4 0.36487737298 483.0 7.1 491.4 32.5 480.7 35.7 472.4 10.3
v-4 0.196601897478 1343.6 1559.2 1348.4 1570.0 1325.9 1580.9 1321.1 1570.1
v-4 0.149056077003 1331.6 1546.3 1336.8 1555.2 1314.4 1568.8 1309.2 1559.9
v-4 0.144442260265 900.8 818.4 910.1 837.8 901.2 841.4 892.0 822.0
v-4 0.132210820913 467.9 43.6 476.2 53.9 471.2 57.1 463.0 46.8
v-4 0.12260287255 1000.8 828.6 1001.6 833.1 988.2 839.7 987.4 835.2
v-4 0.122135981917 282.0 98.7 283.8 105.2 256.8 114.7 255.0 108.2
v-4 0.11682394892 1257.2 1522.7 1267.2 1539.1 1219.8 1568.9 1209.8 1552.5
v-4 0.110690236092 937.8 816.1 949.6 839.6 938.0 846.0 926.1 822.5
v-4 0.10639680177 461.6 45.1 468.9 56.7 460.9 63.1 453.7 51.6
v-13 0.15741443634 1650.1 427.2 1664.2 444.4 1658.4 449.0 1644.3 431.8
v-17 0.119864530861 49.4 1357.3 56.9 1360.6 42.5 1392.9 35.0 1389.6
