v-2 0.431172132492 1628.9 534.8 1635.1 536.8 1630.4 550.9 1624.2 548.9
v-2 0.365662992001 1576.7 666.8 1583.0 669.4 1578.6 683.1 1572.3 680.5
v-2 0.345544755459 1563.9 497.7 1571.8 499.6 1566.9 515.3 1559.1 513.4
v-2 0.34451764822 1624.9 519.4 1631.3 522.1 1625.4 540.2 1618.9 537.6
v-2 0.331138730049 1293.6 1326.7 1300.0 1329.5 1293.8 1343.2 1287.5 1340.4
v-2 0.317273497581 1576.5 713.3 1583.0 714.9 1579.1 729.8 1572.6 728.3
v-2 0.286373376846 1286.5 1322.0 1293.2 1325.1 1287.7 1338.8 1280.9 1335.7
v-2 0.266465395689 972.4 1384.7 978.1 1407.9 969.9 1409.5 964.3 1386.3
v-2 0.239409327507 1716.2 558.1 1716.2 572.9 1705.6 572.9 1705.6 558.1
v-2 0.228992417455 1316.5 1228.7 1323.2 1231.4 1317.6 1245.1 1310.9 1242.5
v-2 0.209464088082 1281.0 1407.1 1281.0 1422.4 1269.0 1422.4 1269.0 1407.1
v-2 0.180327698588 1558.3 789.5 1558.3 805.1 1548.8 805.1 1548.8 789.5
v-2 0.16864952445 1491.0 983.1 1491.0 997.8 1479.6 997.8 1479.6 983.1
v-2 0.128828898072 1258.4 737.2 1269.6 742.9 1266.9 746.4 1255.8 740.7
v-2 0.121517010033 1060.6 1260.1 1074.0 1265.1 1071.7 1270.8 1058.3 1265.7
v-2 0.11673181504 1248.8 1684.8 1259.8 1688.0 1250.4 1715.4 1239.4 1712.2
v-2 0.114861182868 959.2 1097.8 959.2 1120.8 948.3 1120.8 948.3 1097.8
v-2 0.112825542688 1646.2 442.2 1655.8 444.4 1644.8 479.2 1635.0 477.0
v-2 0.112579844892 1369.5 1064.5 1375.6 1065.4 1371.3 1077.3 1365.2 1076.4
v-2 0.110735468566 935.2 1240.0 935.2 1251.9 924.9 1251.9 924.9 1240.0
v-2 0.105116121471 1129.7 1274.6 1129.7 1284.4 1113.6 1284.4 1113.6 1274.6
v-7 0.151924520731 202.2 1695.4 202.2 1718.4 159.4 1718.4 159.4 1695.4
v-8 0.426678746939 1059.7 513.7 1069.9 527.4 1064.3 531.5 1054.2 517.7
v-8 0.236034452915 738.0 160.2 762.0 176.8 753.4 186.4 729.2 169.6
v-8 0.220877975225 904.9 371.8 914.1 379.4 909.4 384.4 900.2 376.8
v-8 0.210934609175 542.8 24.8 562.6 45.4 554.8 53.2 535.0 32.6
v-8 0.174815088511 1291.3 727.7 1302.0 740.9 1296.3 745.9 1285.6 732.7
v-8 0.172649368644 1088.4 539.1 1098.4 545.8 1093.0 552.5 1083.0 545.8
v-8 0.140378832817 930.1 387.9 939.9 396.1 936.5 400.4 926.6 392.2
v-8 0.134614884853 1369.8 808.4 1383.7 819.3 1376.8 827.2 1362.9 816.2
v-8 0.119524523616 1118.4 573.9 1129.6 582.7 1124.4 589.1 1113.1 580.3
v-13 0.253825008869 1319.7 30.8 1328.9 42.7 1323.4 46.7 1314.2 34.8
v-13 0.177426099777 2012.0 881.2 2019.8 892.8 2014.0 897.0 2006.1 885.4
v-13 0.15070232749 2012.9 910.8 2019.5 920.3 2014.4 924.4 2007.8 914.8
v-13 0.114617787302 1647.6 419.0 1668.8 442.4 1659.2 450.6 1638.2 427.2
v-15 0.406898349524 1380.9 210.1 1402.5 215.7 1399.1 226.1 1377.5 220.6
v-15 0.405842542648 1394.8 227.2 1413.2 231.8 1409.8 242.1 1391.4 237.4
v-15 0.403204411268 1377.4 218.7 1377.4 232.1 1354.6 232.1 1354.6 218.7
v-15 0.290680080652 1378.8 222.9 1397.3 228.9 1394.3 237.5 1375.9 231.5
v-15 0.234322980046 345.3 1793.2 345.3 1802.3 329.1 1802.3 329.1 1793.2
v-15 0.199189186096 1409.3 217.4 1423.0 221.9 1419.1 235.2 1405.4 230.7
v-15 0.157051190734 1377.8 231.6 1377.8 245.7 1354.5 245.7 1354.5 231.6
v-15 0.136661663651 1934.0 465.0 1934.0 486.4 1896.0 486.4 1896.0 465.0
v-15 0.119850218296 342.2 1830.1 342.2 1846.7 333.3 1846.7 333.3 1830.1
v-15 0.11973579973 1316.9 290.3 1316.9 313.5 1304.0 313.5 1304.0 290.3
v-15 0.112838581204 683.7 1616.2 693.1 1625.6 688.8 1629.9 679.4 1620.5
v-17 0.327599734068 387.6 574.6 395.4 577.2 390.9 590.5 383.0 587.9
v-17 0.30473190546 401.0 542.5 407.3 546.6 400.6 558.6 394.4 554.5
v-17 0.285377979279 175.5 1053.1 181.7 1056.1 176.1 1068.7 169.8 1065.7
v-17 0.267923414707 235.5 931.5 241.0 934.9 233.9 947.0 228.4 943.6
v-17 0.197531715035 46.2 1356.2 56.6 1362.2 42.2 1390.6 32.0 1384.6
v-17 0.154201358557 322.0 856.3 329.5 861.4 321.1 875.4 313.6 870.3
v-17 0.14580732584 255.2 889.9 260.8 893.4 254.0 905.4 248.4 901.9
v-16 0.212341055274 1942.6 1981.2 1942.6 1998.6 1933.0 1998.6 1933.0 1981.2
v-16 0.206608951092 1866.4 1982.9 1866.4 1997.3 1856.7 1997.3 1856.7 1982.9
v-16 0.196356222034 1856.6 1942.1 1863.9 1944.0 1860.3 1965.9 1853.0 1964.0
v-16 0.186441317201 1457.9 1516.5 1470.5 1521.9 1467.1 1528.8 1454.6 1523.4
v-16 0.183502733707 1849.0 1991.5 1849.0 2011.1 1836.8 2011.1 1836.8 1991.5
v-16 0.181583315134 1934.9 1965.3 1934.9 1982.2 1927.0 1982.2 1927.0 1965.3
v-16 0.159738749266 2040.0 1217.2 2040.0 1253.6 2020.2 1253.6 2020.2 1217.2
v-16 0.157783433795 2015.7 1337.3 2024.9 1338.9 2021.5 1363.9 2012.3 1362.4
v-16 0.137678846717 1931.7 1429.4 1931.7 1453.0 1920.4 1453.0 1920.4 1429.4
v-16 0.112863846123 1774.6 1531.1 1790.4 1541.0 1787.2 1546.7 1771.4 1536.8
v-16 0.111152522266 1925.2 1917.8 1933.8 1919.6 1929.4 1943.6 1920.7 1941.8
v-16 0.109730169177 2017.6 1282.9 2017.6 1296.0 2008.6 1296.0 2008.6 1282.9
v-16 0.107426986098 1871.2 1768.0 1880.6 1769.9 1877.2 1798.1 1867.8 1796.2
v-16 0.100169360638 1855.3 1970.4 1855.3 1986.5 1845.1 1986.5 1845.1 1970.4
v-19 0.49813747406 1006.0 1701.8 1014.0 1712.2 988.0 1733.8 979.8 1723.4
v-19 0.455266326666 1000.2 1760.2 1004.8 1773.6 974.2 1784.0 969.6 1770.8
v-19 0.45489320159 1057.6 1749.8 1072.2 1768.8 1060.2 1779.2 1045.6 1760.2
v-19 0.445215404034 1054.2 1771.0 1054.2 1804.0 1031.4 1804.0 1031.4 1771.0
v-19 0.421161293983 1011.8 1723.8 1018.6 1733.6 995.4 1752.8 988.4 1743.0
v-19 0.415786892176 1024.2 1679.4 1034.6 1690.8 1018.0 1707.0 1007.8 1695.4
v-19 0.414431840181 989.4 1745.8 989.4 1768.2 956.6 1768.2 956.6 1745.8
v-19 0.412612318993 1049.4 1692.2 1057.4 1700.0 1038.0 1721.2 1030.0 1713.4
v-19 0.398550510406 1089.4 1748.4 1097.0 1758.0 1078.2 1777.6 1070.6 1768.0
v-19 0.39014005661 1019.6 1812.0 1019.6 1828.0 988.6 1828.0 988.6 1812.0
v-19 0.386126726866 1088.0 1710.2 1098.0 1724.6 1082.6 1738.8 1072.4 1724.4
v-19 0.38238927722 1032.8 1759.4 1040.4 1770.8 1022.8 1784.2 1015.2 1772.8
v-19 0.380120903254 1121.8 1646.4 1129.2 1656.0 1107.8 1673.6 1100.4 1663.8
v-19 0.380009710789 1041.6 1733.0 1048.6 1742.4 1028.0 1761.6 1021.0 1752.2
v-19 0.378153771162 1039.6 1663.2 1059.2 1680.4 1049.6 1689.6 1030.0 1672.2
v-19 0.377066254616 1023.2 1768.4 1023.2 1793.8 999.6 1793.8 999.6 1768.4
v-19 0.376665115356 962.2 1793.0 962.2 1814.2 932.6 1814.2 932.6 1793.0
v-19 0.374170571566 1071.2 1734.6 1081.8 1746.8 1065.8 1762.0 1055.2 1750.0
v-19 0.371944010258 990.8 1691.2 997.8 1701.2 972.6 1722.8 965.6 1712.8
v-19 0.368301153183 1092.0 1669.8 1103.4 1686.0 1091.2 1696.0 1079.6 1679.8
v-19 0.361331164837 1075.2 1708.6 1083.8 1717.4 1061.8 1737.4 1053.2 1728.8
v-19 0.355097651482 989.2 1673.2 995.2 1683.6 970.6 1698.6 964.6 1688.2
v-19 0.341765880585 1011.4 1785.0 1011.4 1808.0 982.2 1808.0 982.2 1785.0
v-19 0.337485522032 1010.4 1663.6 1017.6 1674.0 997.8 1689.0 990.6 1678.6
v-19 0.332594960928 1098.8 1766.4 1106.0 1776.0 1086.8 1793.8 1079.6 1784.0
v-19 0.328449785709 1575.2 2789.8 1575.2 2817.4 1551.0 2817.4 1551.0 2789.8
v-19 0.322270452976 959.4 1767.2 959.4 1791.4 934.0 1791.4 934.0 1767.2
v-19 0.321257770061 1118.4 1694.6 1130.0 1714.8 1116.6 1723.2 1105.0 1703.2
v-19 0.316815853119 1082.8 1655.4 1091.6 1664.0 1073.8 1683.8 1065.0 1675.2
v-19 0.3140668571 963.0 1811.6 963.0 1830.6 933.0 1830.6 933.0 1811.6
v-19 0.311186730862 1121.6 1661.6 1128.6 1672.2 1109.8 1688.4 1103.0 1677.8
v-19 0.310641080141 1608.4 2791.8 1608.4 2814.4 1583.0 2814.4 1583.0 2791.8
v-19 0.309689640999 1081.0 1782.2 1087.8 1793.2 1070.8 1806.8 1064.0 1795.6
v-19 0.304713964462 1049.6 1709.6 1057.4 1716.8 1038.4 1737.2 1030.6 1730.0
v-19 0.300121933222 1140.8 1762.4 1140.8 1797.2 1122.0 1797.2 1122.0 1762.4
v-19 0.29288777709 987.2 1655.0 994.6 1667.2 971.6 1680.2 964.2 1668.0
v-19 0.288576811552 942.8 1716.6 942.8 1745.2 921.4 1745.2 921.4 1716.6
v-19 0.284935086966 1103.8 1630.8 1113.4 1640.2 1096.0 1659.0 1086.2 1649.8
v-19 0.284459531307 952.0 1745.2 952.0 1765.8 927.2 1765.8 927.2 1745.2
v-19 0.284448772669 1020.8 1833.0 1020.8 1854.6 984.4 1854.6 984.4 1833.0
v-19 0.283953398466 1061.6 1813.2 1061.6 1828.2 1028.8 1828.2 1028.8 1813.2
v-19 0.280767470598 1136.4 1662.2 1145.2 1679.0 1129.0 1688.2 1120.2 1671.4
v-19 0.279006034136 973.0 1710.2 973.0 1736.4 951.6 1736.4 951.6 1710.2
v-19 0.277065038681 925.0 1551.0 935.8 1574.8 925.8 1579.0 915.0 1555.2
v-19 0.275389611721 941.4 1516.4 947.8 1527.2 922.2 1543.8 915.8 1533.0
v-19 0.273901075125 927.4 1770.6 927.4 1787.6 902.8 1787.6 902.8 1770.6
v-19 0.273562759161 1552.2 2793.4 1552.2 2816.4 1526.0 2816.4 1526.0 2793.4
v-19 0.268016010523 1023.4 1648.0 1032.4 1659.4 1017.6 1672.2 1008.6 1660.8
v-19 0.255028486252 1599.2 2769.6 1603.4 2783.2 1578.6 2790.0 1574.4 2776.6
v-19 0.254863709211 384.8 4116.4 404.6 4143.0 394.2 4150.2 374.2 4123.6
v-19 0.247793540359 910.0 1548.8 919.4 1577.4 907.2 1579.6 897.6 1550.8
v-19 0.241196170449 958.6 1541.0 969.0 1558.2 951.6 1569.2 941.4 1552.2
v-19 0.240337356925 976.4 1639.8 984.6 1652.8 966.2 1665.2 958.0 1652.2
v-19 0.237203553319 1548.0 2777.4 1548.0 2798.2 1516.6 2798.2 1516.6 2777.4
v-19 0.236393451691 1120.0 1802.2 1120.0 1820.2 1081.2 1820.2 1081.2 1802.2
v-19 0.236351445317 1075.8 1637.2 1083.2 1647.6 1058.8 1665.4 1051.4 1655.0
v-19 0.232957258821 1141.8 1633.0 1148.0 1644.8 1124.6 1656.4 1118.6 1644.6
v-19 0.232145935297 1518.8 2797.2 1518.8 2826.4 1499.2 2826.4 1499.2 2797.2
v-19 0.23108792305 993.0 1808.6 993.0 1832.0 966.8 1832.0 966.8 1808.6
v-19 0.225323304534 920.8 1746.2 920.8 1765.2 893.4 1765.2 893.4 1746.2
v-19 0.222261369228 890.0 1542.4 904.8 1577.8 890.4 1582.6 875.6 1547.2
v-19 0.221542447805 1601.8 2810.4 1601.8 2831.4 1574.6 2831.4 1574.6 2810.4
v-19 0.217702373862 941.0 1589.8 941.0 1617.0 921.8 1617.0 921.8 1589.8
v-19 0.205139890313 987.8 1565.2 999.4 1581.0 985.8 1592.4 974.4 1576.6
v-19 0.204077675939 1148.6 1693.8 1158.6 1719.0 1144.8 1724.0 1134.8 1698.8
v-19 0.202092766762 1129.2 1829.2 1129.2 1846.4 1088.0 1846.4 1088.0 1829.2
v-19 0.195238724351 368.8 4131.8 389.2 4158.4 378.8 4165.0 358.6 4138.6
v-19 0.192162364721 897.6 1746.2 897.6 1765.0 868.4 1765.0 868.4 1746.2
v-19 0.19147837162 1630.8 2790.6 1630.8 2818.0 1610.4 2818.0 1610.4 2790.6
v-19 0.187981382012 1578.2 2818.0 1578.2 2836.6 1549.4 2836.6 1549.4 2818.0
v-19 0.185947969556 951.4 1670.6 957.2 1684.2 930.8 1698.4 925.0 1684.8
v-19 0.184419617057 914.0 1696.8 914.0 1721.0 886.8 1721.0 886.8 1696.8
v-19 0.184111595154 997.6 1528.6 1003.6 1538.0 979.6 1555.4 973.8 1545.8
v-19 0.184003412724 1009.4 1559.4 1017.4 1568.2 1000.6 1586.2 992.4 1577.4
v-19 0.183546423912 967.2 1573.6 983.8 1594.0 974.6 1600.4 958.2 1580.0
v-19 0.183490365744 957.4 1637.6 968.0 1647.2 953.6 1666.2 943.0 1656.6
v-19 0.176411271095 988.8 1620.4 999.4 1624.8 988.6 1652.0 978.2 1647.8
v-19 0.167435586452 971.0 1604.8 980.8 1607.6 971.2 1634.2 961.4 1631.4
v-19 0.164449259639 1493.8 2801.8 1493.8 2834.2 1475.6 2834.2 1475.6 2801.8
v-19 0.161403387785 1019.0 1627.6 1030.8 1645.2 1018.4 1659.0 1006.6 1641.4
v-19 0.159175187349 904.4 1718.4 912.4 1733.6 895.2 1743.6 887.0 1728.4
v-19 0.153780534863 862.6 1544.8 874.8 1570.8 856.2 1579.2 843.8 1553.2
v-19 0.152861952782 1529.2 2752.0 1529.2 2776.8 1503.4 2776.8 1503.4 2752.0
v-19 0.150657311082 1127.0 1855.6 1127.0 1876.6 1091.0 1876.6 1091.0 1855.6
v-19 0.148844212294 1800.4 3279.4 1808.8 3288.0 1794.2 3304.8 1785.6 3296.2
v-19 0.147950813174 930.2 1788.2 930.2 1803.4 902.6 1803.4 902.6 1788.2
v-19 0.146491616964 1554.8 2819.6 1554.8 2836.0 1525.8 2836.0 1525.8 2819.6
v-19 0.143533483148 1174.6 1646.8 1179.8 1660.0 1153.8 1672.6 1148.8 1659.4
v-19 0.134655937552 1509.8 2774.2 1509.8 2799.6 1489.2 2799.6 1489.2 2774.2
v-19 0.132542669773 1857.4 3300.0 1873.2 3325.6 1860.6 3332.8 1845.0 3307.2
v-19 0.1314471066 236.4 4297.2 242.4 4307.6 219.0 4323.6 213.0 4313.2
v-19 0.128347545862 894.8 1769.8 894.8 1789.2 870.6 1789.2 870.6 1769.8
v-19 0.126651674509 1659.2 2783.4 1666.8 2800.4 1645.4 2810.2 1637.8 2793.0
v-19 0.126077279449 1678.2 6062.0 1678.2 6107.0 1655.2 6107.0 1655.2 6062.0
v-19 0.12475027889 932.6 1679.8 932.6 1702.4 912.8 1702.4 912.8 1679.8
v-19 0.118634738028 2471.2 2747.2 2488.0 2752.0 2479.2 2778.8 2462.4 2773.8
v-19 0.116559885442 2140.2 2459.8 2140.2 2492.6 2121.2 2492.6 2121.2 2459.8
v-19 0.115397803485 1849.6 3604.6 1865.8 3624.6 1852.2 3634.0 1836.0 3614.0
v-19 0.114167526364 951.8 1595.8 959.2 1609.8 945.0 1629.4 937.8 1615.4
v-19 0.112420342863 1577.0 2750.2 1577.0 2774.4 1553.8 2774.4 1553.8 2750.2
v-19 0.109313569963 1979.7 2221.3 1979.7 2239.2 1968.2 2239.2 1968.2 2221.3
v-19 0.108197815716 992.8 1510.8 996.4 1519.0 968.0 1537.2 964.4 1529.0
v-19 0.106151461601 1981.9 2189.0 1981.9 2206.8 1972.5 2206.8 1972.5 2189.0
v-19 0.104758970439 2110.0 2489.2 2110.0 2530.4 2090.8 2530.4 2090.8 2489.2
v-19 0.104721836746 1074.6 1834.4 1074.6 1853.0 1031.4 1853.0 1031.4 1834.4
v-19 0.104702010751 1471.6 2803.0 1471.6 2834.6 1453.2 2834.6 1453.2 2803.0
v-19 0.104436710477 1017.8 1526.2 1026.6 1534.0 1007.8 1554.0 999.0 1546.2
v-19 0.104351557791 1694.4 3287.2 1694.4 3309.2 1671.0 3309.2 1671.0 3287.2
v-19 0.104106143117 2238.2 4308.4 2246.4 4317.6 2221.6 4343.4 2213.4 4334.2
v-19 0.103335089982 1041.0 1535.8 1050.0 1543.4 1033.4 1563.4 1024.2 1555.8
v-19 0.102824434638 964.0 4132.8 975.4 4145.2 950.0 4168.0 938.6 4155.6
v-19 0.101553685963 2008.5 1384.3 2014.8 1410.1 2003.7 1412.6 1997.4 1386.8
v-19 0.100498594344 1147.0 1731.2 1147.0 1751.4 1118.4 1751.4 1118.4 1731.2
v-1 0.102111488581 1268.3 1861.3 1268.3 1871.1 1255.4 1871.1 1255.4 1861.3
v-3 0.197308167815 247.5 200.9 247.5 212.0 230.0 212.0 230.0 200.9
v-3 0.176946952939 455.9 306.5 455.9 322.1 443.7 322.1 443.7 306.5
v-3 0.154548406601 1131.2 1809.9 1131.2 1819.5 1113.7 1819.5 1113.7 1809.9
v-3 0.145815998316 178.4 300.4 185.7 314.0 179.4 317.7 172.2 304.1
v-3 0.140316024423 268.9 176.0 268.9 188.1 247.5 188.1 247.5 176.0
v-3 0.123584158719 250.0 275.6 250.0 287.9 233.8 287.9 233.8 275.6
v-4 0.177001684904 974.2 1494.9 980.6 1504.9 975.4 1508.2 969.0 1498.2
v-4 0.123365238309 1499.5 1920.7 1504.6 1936.9 1497.9 1939.5 1492.8 1923.3
v-5 0.20772600174 396.3 1567.5 407.8 1582.4 401.4 1586.8 389.9 1571.9
v-5 0.153616651893 197.2 1385.4 207.0 1395.3 201.5 1400.4 191.8 1390.5
v-6 0.318769723177 76.5 1534.7 84.0 1545.3 79.6 1548.5 72.1 1537.9
v-6 0.216239497066 120.7 1666.5 129.0 1676.5 124.6 1680.4 116.3 1670.4
v-6 0.1587138623 1249.5 1966.0 1249.5 1973.8 1233.6 1973.8 1233.6 1966.0
v-6 0.119882896543 203.8 1775.6 212.3 1784.1 208.3 1787.8 199.8 1779.3
v-9 0.111993223429 1242.1 1409.8 1250.9 1422.8 1232.9 1432.9 1224.1 1419.9
v-10 0.127250611782 1063.3 1505.1 1063.3 1515.6 1044.1 1515.6 1044.1 1505.1
v-12 0.103784807026 1609.0 1231.3 1610.4 1239.3 1594.3 1243.4 1592.8 1235.3
v-14 0.215269014239 1477.7 172.0 1481.5 176.7 1471.0 185.5 1467.1 180.9
v-20 0.129797771573 30.5 438.3 42.1 444.3 38.8 451.2 27.1 445.2
v-20 0.106495648623 1997.2 1211.7 2009.1 1218.5 2005.3 1226.1 1993.3 1219.3
