v-5 0.564574539661 258.5 1568.2 282.0 1601.4 266.0 1612.5 242.5 1579.2
v-5 0.482585042715 201.2 1550.5 212.4 1568.5 202.0 1574.9 190.7 1556.9
v-5 0.440055072308 187.7 1558.7 199.2 1577.1 189.9 1583.1 178.3 1564.6
v-5 0.414648503065 216.9 1546.2 227.9 1563.1 217.1 1570.4 206.1 1553.5
v-5 0.295101433992 174.8 1566.6 188.2 1585.0 179.1 1591.4 165.7 1573.0
v-5 0.11324840039 493.0 1410.4 524.2 1459.8 438.0 1513.4 406.8 1464.0
v-4 0.102827727795 235.4 725.4 235.4 761.6 198.2 761.6 198.2 725.4
v-3 0.144088119268 641.8 139.8 641.8 196.8 613.6 196.8 613.6 139.8
v-20 0.702819705009 232.2 147.3 253.9 149.1 248.7 191.1 227.0 189.3
v-20 0.680443644524 261.3 150.2 281.3 151.1 278.4 193.8 258.4 192.9
v-20 0.545681059361 1309.4 1469.0 1309.4 1514.6 1286.6 1514.6 1286.6 1469.0
v-20 0.410735368729 1336.8 1463.6 1336.8 1508.0 1312.6 1508.0 1312.6 1463.6
v-20 0.234579741955 1288.8 1466.8 1288.8 1520.8 1258.4 1520.8 1258.4 1466.8
v-20 0.122820578516 1322.6 1403.2 1358.2 1440.4 1341.6 1456.2 1306.2 1419.2
v-20 0.112936802208 1685.2 1388.4 1711.8 1411.6 1691.4 1434.6 1665.0 1411.4
v-12 0.205171152949 1029.8 779.2 1029.8 835.2 999.6 835.2 999.6 779.2
v-12 0.144800290465 1065.0 791.4 1065.0 836.8 1031.8 836.8 1031.8 791.4
v-12 0.119036704302 844.5 1426.6 844.5 1454.9 814.8 1454.9 814.8 1426.6
v-12 0.104849889874 595.2 1113.4 595.2 1162.6 566.0 1162.6 566.0 1113.4
v-12 0.103673055768 455.2 1123.2 455.2 1168.8 430.6 1168.8 430.6 1123.2
v-11 0.319483041763 257.0 1291.8 272.4 1350.8 243.4 1357.0 228.2 1297.8
v-11 0.247582495213 293.4 1285.2 306.2 1339.2 278.6 1345.6 265.6 1291.6
v-11 0.107912391424 743.2 388.6 754.8 508.0 707.6 512.4 696.2 393.0
v-9 0.130474358797 274.2 1806.9 277.4 1827.3 192.3 1846.0 189.2 1825.6
v-9 0.124904081225 22.8 1684.6 36.4 1710.9 6.0 1727.6 -7.6 1701.3
v-9 0.10879085958 1197.4 1002.6 1207.0 1031.8 1092.2 1074.2 1082.6 1045.0
v-9 0.100845396519 424.0 1742.3 433.5 1777.4 411.2 1782.9 401.6 1747.8
v-10 0.567519843578 4682.7 1498.3 4682.7 1522.9 4671.5 1522.9 4671.5 1498.3
v-10 0.485106676817 4698.5 1497.8 4698.5 1521.7 4686.4 1521.7 4686.4 1497.8
v-10 0.421013653278 6067.6 831.8 6106.0 869.0 6085.0 890.4 6046.8 853.0
v-10 0.349645674229 4576.0 1688.1 4576.0 1720.5 4558.1 1720.5 4558.1 1688.1
v-10 0.32142585516 4594.6 1692.1 4594.6 1717.7 4581.4 1717.7 4581.4 1692.1
v-10 0.297557502985 4603.5 1639.7 4603.5 1664.3 4580.2 1664.3 4580.2 1639.7
v-10 0.262606143951 6048.2 851.0 6087.0 888.8 6071.0 904.4 6032.2 866.4
v-10 0.223510950804 5317.8 1848.0 5335.8 1938.6 5293.6 1946.2 5275.6 1855.4
v-10 0.214671671391 1352.6 895.3 1352.6 923.5 1337.9 923.5 1337.9 895.3
v-10 0.203637361526 212.6 3008.2 212.6 3049.2 167.0 3049.2 167.0 3008.2
v-10 0.186866432428 178.6 3133.3 178.6 3148.4 150.6 3148.4 150.6 3133.3
v-10 0.183620229363 532.4 1702.8 532.4 1748.8 511.2 1748.8 511.2 1702.8
v-10 0.175545558333 4324.8 892.2 4348.4 896.2 4333.6 947.2 4310.0 943.0
v-10 0.16203340888 4231.6 1521.2 4231.6 1545.4 4177.6 1545.4 4177.6 1521.2
v-10 0.157283648849 3365.1 2465.7 3365.1 2500.4 3343.5 2500.4 3343.5 2465.7
v-10 0.156984999776 4691.0 1590.7 4691.0 1615.9 4676.7 1615.9 4676.7 1590.7
v-10 0.148745909333 3657.8 220.0 3657.8 262.6 3628.2 262.6 3628.2 220.0
v-10 0.142668887973 4663.9 1637.9 4663.9 1665.9 4632.1 1665.9 4632.1 1637.9
v-10 0.142231851816 223.5 3641.1 251.6 3666.6 235.0 3685.6 206.9 3660.1
v-10 0.141106575727 5300.4 1928.4 5304.4 1956.8 5261.0 1963.2 5256.8 1935.0
v-10 0.140066847205 577.2 3320.6 607.2 3325.0 596.4 3391.6 566.4 3387.2
v-10 0.139366686344 4231.6 1546.2 4231.6 1569.0 4180.6 1569.0 4180.6 1546.2
v-10 0.138433456421 4372.2 2423.8 4372.2 2452.0 4330.4 2452.0 4330.4 2423.8
v-10 0.137422859669 3445.2 1819.0 3445.2 1857.6 3418.6 1857.6 3418.6 1819.0
v-10 0.134631097317 4640.4 1887.6 4640.4 1945.2 4599.2 1945.2 4599.2 1887.6
v-10 0.1310788095 4681.6 1682.0 4681.6 1783.8 4641.0 1783.8 4641.0 1682.0
v-10 0.130094885826 4643.6 1506.8 4643.6 1542.4 4578.4 1542.4 4578.4 1506.8
v-10 0.125824227929 175.9 3195.0 175.9 3219.1 162.0 3219.1 162.0 3195.0
v-10 0.125563964248 159.8 3195.3 159.8 3225.3 144.9 3225.3 144.9 3195.3
v-10 0.125399678946 4253.2 2521.0 4253.2 2569.0 4224.0 2569.0 4224.0 2521.0
v-10 0.123509787023 5063.6 2188.6 5070.2 2253.0 5047.4 2253.4 5040.8 2188.8
v-10 0.123465329409 1904.4 878.4 1910.0 906.4 1862.2 916.2 1856.4 888.2
v-10 0.121188051999 4308.3 2522.2 4311.3 2537.9 4295.0 2541.8 4292.0 2526.1
v-10 0.118831194937 4228.6 1498.4 4228.6 1521.2 4182.4 1521.2 4182.4 1498.4
v-10 0.117068879306 4229.2 2663.4 4229.2 2693.6 4188.8 2693.6 4188.8 2663.4
v-10 0.114811368287 4442.2 1267.2 4442.2 1331.4 4411.8 1331.4 4411.8 1267.2
v-10 0.111364945769 5133.2 1798.6 5136.0 1825.0 5108.0 1830.2 5105.2 1803.8
v-10 0.108113065362 4284.1 2514.9 4284.1 2536.2 4271.5 2536.2 4271.5 2514.9
v-10 0.105773501098 3656.2 138.8 3656.2 212.2 3613.8 212.2 3613.8 138.8
v-10 0.103897988796 5809.2 1473.8 5809.2 1513.8 5779.6 1513.8 5779.6 1473.8
v-10 0.103749647737 127.0 5472.0 127.0 5547.2 77.0 5547.2 77.0 5472.0
v-10 0.101758278906 4509.0 1532.6 4515.2 1556.8 4470.6 1569.2 4464.2 1545.0
v-10 0.101075001061 4632.4 1617.5 4632.4 1638.3 4606.8 1638.3 4606.8 1617.5
v-10 0.100885264575 5276.2 1866.6 5281.4 1924.8 5249.4 1929.0 5244.4 1870.8
v-10 0.100472196937 4324.6 1579.4 4324.6 1634.4 4297.0 1634.4 4297.0 1579.4
v-15 0.120116271079 1301.2 119.0 1301.2 147.6 1232.4 147.6 1232.4 119.0
v-19 0.430737167597 5272.4 3028.2 5300.6 3078.0 5272.6 3093.2 5244.4 3043.4
v-19 0.18541058898 1493.4 2183.7 1501.8 2192.6 1483.7 2209.2 1475.4 2200.3
v-19 0.161926791072 1504.4 2193.5 1512.5 2202.6 1492.7 2221.0 1484.6 2211.9
v-19 0.156713083386 3925.8 3512.0 3931.0 3574.0 3895.2 3578.0 3890.0 3516.0
v-19 0.148875907063 3871.6 3504.4 3880.6 3578.6 3849.2 3581.6 3840.2 3507.4
v-19 0.145936816931 4146.0 1807.4 4146.0 1873.0 4116.8 1873.0 4116.8 1807.4
v-19 0.124231122434 7492.8 4459.2 7509.4 4468.2 7490.2 4506.0 7473.6 4497.0
v-19 0.11974786222 4702.4 2305.6 4719.6 2352.2 4696.6 2362.2 4679.4 2315.8
v-19 0.113368295133 4872.6 2151.6 4891.0 2169.0 4838.4 2223.8 4820.0 2206.4
v-19 0.112783819437 6871.8 2178.0 6895.8 2231.8 6866.0 2245.0 6842.0 2191.2
v-19 0.109625019133 7336.2 4803.0 7336.2 4859.4 7303.8 4859.4 7303.8 4803.0
v-19 0.107003457844 7508.6 4465.0 7524.6 4472.0 7504.4 4512.6 7488.4 4505.6
v-19 0.106184706092 6421.0 1801.4 6477.0 1873.2 6436.2 1908.0 6380.2 1836.2
v-19 0.105345033109 931.0 992.4 931.0 1019.4 871.4 1019.4 871.4 992.4
v-19 0.104229442775 6155.0 3568.8 6181.6 3576.6 6171.6 3619.8 6145.0 3611.8
v-19 0.101861447096 7151.2 7020.4 7151.2 7068.2 7119.0 7068.2 7119.0 7020.4
v-19 0.100563108921 4314.2 2241.4 4314.2 2308.6 4277.6 2308.6 4277.6 2241.4
v-2 0.253345966339 1217.0 661.8 1217.0 718.6 1180.9 718.6 1180.9 661.8
v-17 0.116660490632 310.3 1108.9 310.3 1134.8 268.1 1134.8 268.1 1108.9
