v-6 0.349976450205 666.8 1121.4 677.2 1159.0 655.0 1165.6 644.6 1128.0
v-5 0.107432380319 513.6 1297.4 581.6 1409.6 519.4 1447.2 451.4 1335.0
v-4 0.179930135608 677.0 483.6 757.4 583.0 707.6 623.2 627.0 523.8
v-4 0.10704344511 848.9 1983.0 852.7 1998.0 819.8 2003.5 816.0 1988.6
v-7 0.161625385284 1680.8 1939.4 1680.8 1974.2 1632.6 1974.2 1632.6 1939.4
v-7 0.127113044262 916.0 468.6 916.0 515.6 882.8 515.6 882.8 468.6
v-7 0.124263979495 857.0 1348.0 867.6 1438.0 688.0 1457.6 677.4 1367.8
v-7 0.109518043697 809.6 1470.8 810.0 1500.8 769.0 1503.2 768.6 1473.4
v-20 0.145871326327 1315.2 1565.6 1326.0 1604.2 1304.6 1610.4 1293.8 1571.6
v-20 0.110537879169 1822.3 821.2 1822.3 838.8 1792.4 838.8 1792.4 821.2
v-9 0.761242389679 486.7 167.2 561.7 371.9 438.5 418.2 363.5 213.5
v-9 0.10024317354 217.4 1705.6 232.2 1746.2 130.4 1783.4 115.6 1743.0
v-15 0.557613134384 486.6 318.6 486.6 481.0 412.6 481.0 412.6 318.6
v-15 0.172999277711 1302.0 117.4 1302.0 148.6 1233.4 148.6 1233.4 117.4
v-10 0.876890301704 4797.4 1459.5 4797.4 1616.8 4710.7 1616.8 4710.7 1459.5
v-10 0.731846988201 4686.8 1676.7 4686.8 1787.8 4641.6 1787.8 4641.6 1676.7
v-10 0.591709196568 3366.8 1714.4 3366.8 1850.6 3296.2 1850.6 3296.2 1714.4
v-10 0.493539512157 1690.2 263.2 1735.8 319.0 1704.4 343.6 1658.8 287.8
v-10 0.484185904264 212.3 3694.9 212.3 3850.0 99.6 3850.0 99.6 3694.9
v-10 0.442699402571 3656.2 138.8 3656.2 212.2 3613.8 212.2 3613.8 138.8
v-10 0.395224630833 4253.8 2521.8 4253.8 2575.6 4224.4 2575.6 4224.4 2521.8
v-10 0.318574100733 4384.8 812.2 4419.8 836.4 4398.4 877.8 4363.2 853.6
v-10 0.308124661446 3446.0 1810.8 3446.0 1853.2 3418.6 1853.2 3418.6 1810.8
v-10 0.229477986693 4691.0 1590.7 4691.0 1615.9 4676.7 1615.9 4676.7 1590.7
v-10 0.212854132056 4220.0 2530.0 4220.0 2569.2 4193.4 2569.2 4193.4 2530.0
v-10 0.208190530539 4235.8 1299.6 4331.8 1311.2 4321.4 1394.2 4225.6 1382.8
v-10 0.176282346249 5262.2 2600.6 5291.4 2747.8 4996.8 2814.2 4967.8 2667.0
v-10 0.155107155442 5744.4 1041.0 5794.6 1079.0 5777.0 1101.6 5726.6 1063.8
v-10 0.154084935784 4641.2 1891.0 4641.2 1946.8 4599.4 1946.8 4599.4 1891.0
v-10 0.151785776019 3504.8 2374.0 3504.8 2405.4 3472.0 2405.4 3472.0 2374.0
v-10 0.146817326546 110.8 817.4 110.8 849.0 73.6 849.0 73.6 817.4
v-10 0.142716869712 1330.0 220.6 1330.0 276.0 1296.2 276.0 1296.2 220.6
v-10 0.136484920979 101.4 790.8 101.4 821.6 71.2 821.6 71.2 790.8
v-10 0.136466637254 5656.8 1211.4 5673.4 1244.8 5653.2 1252.8 5636.4 1219.2
v-10 0.133300930262 4968.2 2150.8 5001.8 2167.6 4964.4 2240.2 4930.8 2223.4
v-10 0.129004865885 179.3 3131.2 179.3 3146.7 149.8 3146.7 149.8 3131.2
v-10 0.127729520202 5676.8 1945.2 5681.4 1973.2 5616.0 1981.0 5611.4 1953.0
v-10 0.127397224307 2573.0 2938.0 2573.0 2972.2 2544.6 2972.2 2544.6 2938.0
v-10 0.120210111141 178.8 3148.0 178.8 3231.8 135.8 3231.8 135.8 3148.0
v-10 0.116720847785 5000.0 1991.0 5018.8 2007.4 5004.0 2031.6 4985.2 2015.2
v-10 0.111372865736 4964.2 1815.2 4964.2 1862.2 4940.0 1862.2 4940.0 1815.2
v-10 0.111025758088 4284.1 2514.9 4284.1 2536.2 4271.5 2536.2 4271.5 2514.9
v-10 0.10838213563 240.0 1123.4 240.0 1163.2 206.8 1163.2 206.8 1123.4
v-10 0.106452099979 1176.0 814.2 1176.0 862.6 1144.4 862.6 1144.4 814.2
v-10 0.103777125478 1029.2 363.2 1051.6 377.0 1035.2 407.8 1013.0 394.0
v-10 0.101681396365 4576.0 1688.1 4576.0 1720.5 4558.1 1720.5 4558.1 1688.1
v-10 0.10088956356 3652.2 221.0 3652.2 261.4 3623.6 261.4 3623.6 221.0
v-19 0.699555039406 3745.6 3291.6 3869.4 3371.2 3827.2 3438.8 3703.6 3359.4
v-19 0.645023822784 4086.2 2501.4 4208.2 2521.4 4195.0 2601.2 4072.8 2581.2
v-19 0.546157836914 4381.0 3606.8 4437.6 3662.4 4410.8 3690.2 4354.2 3634.6
v-19 0.367971420288 2020.0 2832.8 2020.0 2870.2 1985.0 2870.2 1985.0 2832.8
v-19 0.35828050971 1871.4 1445.8 1871.4 1493.2 1841.4 1493.2 1841.4 1445.8
v-19 0.308236151934 6860.6 7490.0 6930.6 7514.0 6915.8 7550.0 6845.6 7526.0
v-19 0.267250835896 697.6 6278.6 731.4 6308.8 706.4 6339.0 672.6 6308.8
v-19 0.244955524802 3603.2 3908.0 3633.6 3930.4 3621.8 3944.2 3591.4 3921.8
v-19 0.243695855141 4146.0 1807.4 4146.0 1873.0 4116.8 1873.0 4116.8 1807.4
v-19 0.237213358283 1949.6 4926.2 1949.6 4955.0 1915.0 4955.0 1915.0 4926.2
v-19 0.231367975473 3309.2 861.6 3324.2 901.2 3301.4 910.0 3286.6 870.4
v-19 0.178359210491 6368.6 2169.8 6435.8 2243.6 6391.0 2284.0 6323.6 2210.2
v-19 0.177671432495 1891.8 1441.2 1891.8 1477.2 1864.8 1477.2 1864.8 1441.2
v-19 0.176368832588 1494.4 2185.2 1513.4 2200.4 1496.6 2223.6 1477.4 2208.4
v-19 0.17519530654 748.8 6135.0 776.8 6166.0 749.6 6192.0 721.6 6161.0
v-19 0.171851664782 1477.2 2176.6 1496.6 2193.4 1459.4 2248.2 1439.8 2231.4
v-19 0.170696049929 7449.8 4385.4 7486.8 4399.4 7478.0 4431.2 7441.0 4417.2
v-19 0.169168248773 5477.6 1670.0 5497.2 1707.0 5474.8 1719.8 5455.0 1682.8
v-19 0.149426341057 4130.8 4090.6 4146.0 4117.8 4126.2 4129.8 4111.0 4102.6
v-19 0.148568898439 763.4 4064.4 792.8 4100.8 768.4 4119.0 739.0 4082.6
v-19 0.147959470749 1846.8 4981.6 1869.4 5000.2 1847.0 5033.6 1824.2 5015.0
v-19 0.143125116825 2523.2 1662.4 2531.0 1684.6 2500.8 1692.6 2493.0 1670.4
v-19 0.136177748442 7336.2 4803.0 7336.2 4859.4 7303.8 4859.4 7303.8 4803.0
v-19 0.135192066431 1703.4 1509.2 1703.4 1557.8 1668.2 1557.8 1668.2 1509.2
v-19 0.134061604738 7615.5 4306.4 7615.5 4328.5 7589.7 4328.5 7589.7 4306.4
v-19 0.120243996382 915.4 5871.2 931.3 5874.2 925.8 5898.0 909.8 5895.0
v-19 0.120153062046 5756.2 1840.8 5756.2 1887.8 5727.8 1887.8 5727.8 1840.8
v-19 0.120146863163 5241.4 3056.2 5265.0 3096.4 5241.6 3110.8 5218.0 3070.6
v-19 0.117978692055 3871.6 3504.4 3880.6 3578.6 3849.2 3581.6 3840.2 3507.4
v-19 0.114635251462 4423.6 4549.8 4435.8 4574.4 4385.6 4595.0 4373.4 4570.2
v-19 0.110562130809 1934.0 2610.2 1934.0 2643.6 1896.0 2643.6 1896.0 2610.2
v-19 0.109844759107 2320.2 2642.8 2320.2 2682.0 2281.2 2682.0 2281.2 2642.8
v-19 0.108169145882 6386.6 1992.0 6415.0 2036.6 6389.8 2055.4 6361.4 2010.8
v-19 0.10706230253 3386.0 4271.8 3423.0 4284.0 3413.0 4306.8 3376.0 4294.6
v-19 0.106565885246 1970.4 4905.2 1970.4 4926.6 1922.6 4926.6 1922.6 4905.2
v-19 0.106193654239 7400.8 7924.8 7400.8 8013.8 7349.6 8013.8 7349.6 7924.8
v-19 0.105305485427 7492.8 4459.2 7509.4 4468.2 7490.2 4506.0 7473.6 4497.0
v-19 0.104838311672 2578.4 33.6 2604.4 56.0 2567.2 100.6 2541.4 78.2
