v-5 0.604930639267 678.4 1700.8 724.0 1745.0 676.2 1793.8 630.6 1749.6
v-5 0.408402383327 815.0 1413.4 850.4 1468.8 792.0 1505.4 756.4 1450.2
v-5 0.10111862421 905.2 1529.2 905.2 1570.6 860.4 1570.6 860.4 1529.2
v-6 0.108400039375 457.6 923.0 457.6 969.8 428.2 969.8 428.2 923.0
v-7 0.121567629278 529.2 1018.0 547.0 1120.8 454.0 1134.6 436.0 1031.6
v-12 0.113207168877 308.8 812.0 308.8 844.4 277.2 844.4 277.2 812.0
v-12 0.103475682437 839.3 1423.6 839.3 1460.7 814.2 1460.7 814.2 1423.6
v-10 0.507756948471 1043.0 372.2 1047.5 395.1 1024.5 400.3 1020.0 377.4
v-10 0.471246600151 1394.5 370.5 1403.0 391.4 1384.3 399.9 1375.8 378.9
v-10 0.394589573145 1308.1 971.7 1322.5 983.0 1312.4 1000.8 1298.0 989.5
v-10 0.391718059778 1139.7 1383.9 1139.7 1406.3 1111.1 1406.3 1111.1 1383.9
v-10 0.341843605042 1128.6 1333.9 1138.8 1350.0 1123.3 1359.3 1113.1 1343.1
v-10 0.336572021246 1279.3 944.7 1279.3 970.4 1252.1 970.4 1252.1 944.7
v-10 0.333275914192 4281.0 1359.6 4281.0 1398.2 4240.6 1398.2 4240.6 1359.6
v-10 0.298520386219 1371.6 1231.5 1371.6 1258.9 1344.3 1258.9 1344.3 1231.5
v-10 0.283686041832 1348.1 982.7 1364.7 999.2 1351.8 1012.7 1335.1 996.2
v-10 0.244686052203 3438.6 2439.4 3450.6 2471.2 3422.8 2482.4 3410.8 2450.6
v-10 0.211458459496 1248.2 824.0 1248.2 865.0 1208.8 865.0 1208.8 824.0
v-10 0.208359286189 1023.3 1361.2 1059.5 1371.4 1052.4 1401.7 1016.2 1391.5
v-10 0.200692743063 1062.0 370.2 1062.0 386.5 1046.6 386.5 1046.6 370.2
v-10 0.194359540939 1169.3 370.8 1169.3 399.0 1140.5 399.0 1140.5 370.8
v-10 0.193978339434 3367.8 1724.2 3367.8 1850.2 3295.4 1850.2 3295.4 1724.2
v-10 0.188051402569 948.0 2038.6 948.0 2085.5 905.1 2085.5 905.1 2038.6
v-10 0.164686813951 831.9 2853.5 849.3 2865.3 836.0 2879.7 818.6 2867.8
v-10 0.163356259465 1154.5 578.3 1159.6 590.1 1146.2 596.1 1141.2 584.3
v-10 0.151160418987 1146.8 558.0 1156.9 578.2 1137.1 590.2 1126.9 570.0
v-10 0.148315355182 1189.3 541.6 1205.5 558.5 1190.0 574.6 1173.9 557.7
v-10 0.144141688943 1316.1 836.4 1322.2 854.6 1297.3 863.8 1291.1 845.6
v-10 0.142012745142 5443.8 1213.6 5456.0 1241.6 5429.8 1254.4 5417.4 1226.4
v-10 0.13455273211 1260.1 1650.8 1281.9 1663.2 1272.2 1680.8 1250.4 1668.4
v-10 0.126615285873 3452.6 1796.0 3452.6 1827.4 3418.0 1827.4 3418.0 1796.0
v-10 0.120823062956 210.6 1978.2 210.6 2029.8 134.8 2029.8 134.8 1978.2
v-10 0.120436601341 986.5 418.3 1001.9 435.3 986.2 449.7 970.9 432.7
v-10 0.1166530177 1013.9 1807.8 1046.3 1817.7 1039.7 1836.3 1007.3 1826.5
v-10 0.11620311439 1194.2 1364.4 1199.0 1379.6 1177.4 1385.7 1172.6 1370.6
v-10 0.101320110261 1306.3 827.2 1306.3 841.9 1289.8 841.9 1289.8 827.2
v-17 0.360623329878 1007.2 701.6 1022.2 744.5 988.5 758.1 973.5 715.2
v-19 0.178556323051 7338.3 7119.6 7338.3 7139.5 7306.3 7139.5 7306.3 7119.6
v-19 0.15831014514 5903.7 3015.5 5909.5 3038.3 5885.2 3044.7 5879.3 3021.9
v-19 0.12260375917 6263.1 2070.5 6265.1 2092.0 6229.3 2095.0 6227.2 2073.5
v-19 0.121291272342 6059.4 2548.8 6103.6 2563.0 6093.4 2594.4 6049.2 2580.2
v-19 0.112995803356 2597.6 4050.1 2597.6 4072.1 2583.0 4072.1 2583.0 4050.1
v-19 0.102861329913 5815.0 3502.8 5857.0 3530.0 5838.6 3560.4 5796.6 3533.2
v-19 0.100256830454 5638.7 2262.7 5667.7 2278.4 5652.7 2308.6 5623.7 2292.9
v-11 0.110346198082 572.7 1402.1 585.0 1423.3 567.1 1433.7 554.8 1412.5
