v-20 0.261153876781 1306.6 1468.6 1310.6 1511.2 1291.0 1514.4 1287.0 1471.8
v-20 0.247541666031 1335.2 1465.2 1335.2 1506.2 1313.0 1506.2 1313.0 1465.2
v-20 0.150558412075 256.6 151.2 256.6 193.2 227.8 193.2 227.8 151.2
v-20 0.145858258009 280.4 153.0 280.4 193.0 254.2 193.0 254.2 153.0
v-20 0.142774015665 1374.4 1360.6 1386.0 1389.8 1370.2 1399.2 1358.6 1370.0
v-20 0.102287307382 1336.0 1511.8 1336.0 1539.2 1297.8 1539.2 1297.8 1511.8
v-7 0.221071839333 1182.8 1345.2 1182.8 1410.8 1145.6 1410.8 1145.6 1345.2
v-7 0.11807833612 1912.0 1882.2 1912.0 1934.4 1884.6 1934.4 1884.6 1882.2
v-7 0.116180218756 115.2 1155.1 122.8 1198.8 81.7 1207.4 74.1 1163.6
v-7 0.104470200837 1976.2 1864.4 1976.2 1938.2 1936.2 1938.2 1936.2 1864.4
v-7 0.100861780345 837.4 1482.2 837.4 1578.0 814.0 1578.0 814.0 1482.2
v-6 0.121469378471 1649.6 1320.6 1649.6 1360.2 1607.6 1360.2 1607.6 1320.6
v-3 0.100165575743 1037.6 1755.8 1037.6 1803.6 953.8 1803.6 953.8 1755.8
v-12 0.175784170628 763.2 1131.8 763.2 1177.4 732.4 1177.4 732.4 1131.8
v-12 0.175090223551 255.4 1131.0 255.4 1178.6 230.4 1178.6 230.4 1131.0
v-12 0.168708503246 295.2 1124.4 295.2 1172.0 269.4 1172.0 269.4 1124.4
v-12 0.166120424867 1120.1 1104.7 1120.1 1130.3 1091.0 1130.3 1091.0 1104.7
v-12 0.16442476213 524.5 640.7 524.5 674.9 478.0 674.9 478.0 640.7
v-12 0.124648757279 633.0 1117.6 633.0 1163.2 605.8 1163.2 605.8 1117.6
v-12 0.117615967989 210.2 1122.4 210.2 1171.4 184.8 1171.4 184.8 1122.4
v-12 0.11383921653 594.6 1117.6 594.6 1165.0 567.8 1165.0 567.8 1117.6
v-12 0.111943155527 624.4 1323.8 624.4 1354.2 582.0 1354.2 582.0 1323.8
v-12 0.104137964547 679.6 1119.2 679.6 1163.2 655.8 1163.2 655.8 1119.2
v-12 0.102892428637 457.6 1125.0 457.6 1169.8 432.0 1169.8 432.0 1125.0
v-9 0.363847613335 316.0 205.6 341.2 272.8 311.0 284.6 285.8 217.4
v-9 0.328704804182 266.6 214.6 282.8 262.8 257.4 273.2 241.4 225.0
v-9 0.226469606161 1001.6 1628.2 1018.6 1675.1 986.6 1687.1 969.6 1640.2
v-9 0.15729162097 1630.8 1918.0 1630.8 1958.4 1608.4 1958.4 1608.4 1918.0
v-9 0.155779123306 303.6 250.2 320.0 294.8 296.8 302.8 280.6 258.2
v-9 0.127454504371 277.2 256.0 293.4 304.6 270.0 311.6 253.6 263.0
v-11 0.373674869537 1815.6 1163.0 1826.8 1192.0 1778.2 1211.0 1767.0 1182.0
v-11 0.217119365931 1822.4 1131.6 1828.4 1155.2 1785.6 1163.6 1779.6 1140.0
v-11 0.19227270782 1789.4 1145.6 1794.0 1165.8 1752.4 1177.4 1747.6 1157.2
v-11 0.13429710269 1829.4 1187.4 1841.6 1217.2 1778.6 1239.6 1766.6 1209.8
v-11 0.117515288293 257.4 1293.0 275.2 1348.2 245.6 1357.0 228.0 1302.0
v-11 0.114672474563 1998.2 429.3 1998.2 470.1 1972.7 470.1 1972.7 429.3
v-11 0.108371391892 291.2 1287.0 306.0 1338.6 278.2 1344.6 263.4 1292.8
v-11 0.105800390244 1888.4 1270.8 1893.2 1286.4 1848.6 1297.6 1843.8 1282.0
v-11 0.10547272861 575.4 1395.8 593.8 1428.6 568.4 1442.8 550.2 1410.0
v-15 0.270348906517 1309.1 111.0 1309.1 149.3 1239.3 149.3 1239.3 111.0
v-15 0.15096321702 1679.4 177.0 1679.4 217.6 1658.6 217.6 1658.6 177.0
v-15 0.133821040392 1385.0 1460.6 1391.8 1524.6 1359.4 1525.2 1352.6 1461.2
v-10 0.523420572281 4690.1 1592.4 4690.1 1617.7 4675.9 1617.7 4675.9 1592.4
v-10 0.495946407318 4705.6 1591.8 4705.6 1619.3 4692.2 1619.3 4692.2 1591.8
v-10 0.448121666908 174.5 3169.4 174.5 3193.9 142.1 3193.9 142.1 3169.4
v-10 0.360693603754 3509.4 2372.6 3509.4 2403.2 3470.0 2403.2 3470.0 2372.6
v-10 0.34999859333 4668.7 1649.1 4668.7 1674.3 4631.6 1674.3 4631.6 1649.1
v-10 0.28676712513 3653.8 145.0 3653.8 213.4 3617.8 213.4 3617.8 145.0
v-10 0.285779684782 176.9 3197.2 178.8 3220.3 162.2 3222.5 160.2 3199.3
v-10 0.2395965904 39.0 3659.2 39.0 3680.0 23.2 3680.0 23.2 3659.2
v-10 0.23729236424 2827.8 3035.8 2827.8 3084.0 2779.6 3084.0 2779.6 3035.8
v-10 0.222607374191 4816.6 1070.8 4816.6 1118.0 4791.6 1118.0 4791.6 1070.8
v-10 0.221754804254 160.7 3195.3 160.7 3223.9 145.3 3223.9 145.3 3195.3
v-10 0.186767280102 4576.7 1691.6 4576.7 1713.7 4562.6 1713.7 4562.6 1691.6
v-10 0.181348100305 3652.0 224.6 3652.0 261.4 3623.2 261.4 3623.2 224.6
v-10 0.176870241761 1264.0 812.8 1264.0 859.2 1225.6 859.2 1225.6 812.8
v-10 0.172058016062 2760.6 2990.8 2760.6 3014.2 2718.6 3014.2 2718.6 2990.8
v-10 0.16862025857 15.5 3646.9 15.5 3668.9 2.7 3668.9 2.7 3646.9
v-10 0.168288946152 2848.5 413.4 2862.6 425.9 2851.2 438.1 2837.1 425.6
v-10 0.165465265512 3376.2 2648.2 3379.5 2674.1 3365.0 2675.7 3361.7 2649.8
v-10 0.165419578552 977.6 2371.0 977.6 2420.6 934.2 2420.6 934.2 2371.0
v-10 0.159215331078 1169.2 894.9 1174.5 929.6 1154.0 933.0 1148.7 898.3
v-10 0.157738059759 1656.8 1285.2 1656.8 1316.0 1628.6 1316.0 1628.6 1285.2
v-10 0.150266706944 3361.0 2469.8 3361.0 2502.4 3341.3 2502.4 3341.3 2469.8
v-10 0.149276524782 4252.8 2527.4 4252.8 2569.8 4223.4 2569.8 4223.4 2527.4
v-10 0.147541612387 4250.8 2519.6 4250.8 2532.2 4224.8 2532.2 4224.8 2519.6
v-10 0.14047165215 4682.7 1501.5 4682.7 1524.5 4671.6 1524.5 4671.6 1501.5
v-10 0.139849990606 3019.8 3147.8 3019.8 3180.2 2969.8 3180.2 2969.8 3147.8
v-10 0.131763041019 4606.1 1643.7 4606.1 1664.8 4581.8 1664.8 4581.8 1643.7
v-10 0.129041343927 1162.0 375.8 1183.6 403.0 1166.0 416.6 1144.6 389.4
v-10 0.128047034144 4183.2 1342.2 4183.2 1385.0 4158.6 1385.0 4158.6 1342.2
v-10 0.126641109586 1437.0 276.4 1437.0 320.8 1400.6 320.8 1400.6 276.4
v-10 0.12648896873 1219.0 959.4 1230.8 982.6 1189.2 999.2 1177.6 976.0
v-10 0.123757496476 5313.2 913.4 5313.2 952.6 5287.0 952.6 5287.0 913.4
v-10 0.120250932872 5315.0 1852.0 5322.6 1894.8 5287.2 1900.6 5279.4 1858.0
v-10 0.118402399123 1136.0 434.4 1153.8 470.0 1130.6 485.4 1112.8 449.8
v-10 0.117810383439 1173.2 813.4 1173.2 864.0 1139.2 864.0 1139.2 813.4
v-10 0.117520712316 4857.4 844.0 4868.0 868.6 4847.6 876.4 4837.0 852.0
v-10 0.113545693457 3450.3 3192.4 3450.3 3219.5 3433.7 3219.5 3433.7 3192.4
v-10 0.110716573894 1033.2 366.6 1052.0 380.0 1035.6 408.2 1016.8 394.8
v-10 0.109055124223 254.1 3658.5 272.9 3675.9 245.9 3703.8 227.0 3686.4
v-10 0.108730264008 4457.0 1970.0 4457.0 2003.4 4431.2 2003.4 4431.2 1970.0
v-10 0.107530653477 4218.4 2534.6 4218.4 2563.4 4191.2 2563.4 4191.2 2534.6
v-10 0.10436744988 4137.8 1494.8 4137.8 1519.4 4094.0 1519.4 4094.0 1494.8
v-10 0.104260616004 3661.8 256.4 3661.8 360.4 3629.2 360.4 3629.2 256.4
v-10 0.102709412575 248.0 5291.4 248.0 5326.0 224.8 5326.0 224.8 5291.4
v-10 0.102484717965 6067.2 839.0 6105.0 874.4 6086.0 894.2 6048.0 858.8
v-10 0.102449223399 3674.0 1951.4 3693.4 1979.6 3676.2 1993.6 3656.8 1965.4
v-10 0.101040914655 4290.5 2521.4 4290.5 2539.2 4272.9 2539.2 4272.9 2521.4
v-17 0.105073854327 816.4 948.6 816.4 993.8 791.4 993.8 791.4 948.6
v-16 0.110285520554 1122.0 1593.8 1130.0 1620.4 1107.6 1629.8 1099.8 1603.2
v-18 0.118247710168 469.2 1543.2 482.2 1598.8 452.2 1603.8 439.2 1548.2
v-19 0.579006969929 3265.1 2771.9 3266.9 2799.0 3254.1 2800.4 3252.3 2773.4
v-19 0.468856662512 3256.9 2733.4 3259.9 2755.5 3250.3 2757.0 3247.3 2734.9
v-19 0.429799407721 1506.6 2193.6 1514.2 2201.5 1495.3 2219.3 1487.7 2211.5
v-19 0.411210030317 4686.8 1953.2 4715.0 1992.6 4699.0 2005.0 4670.8 1965.6
v-19 0.368957519531 1700.5 1286.4 1703.1 1297.3 1678.7 1300.2 1676.1 1289.3
v-19 0.334315180779 1494.5 2183.9 1500.3 2190.9 1483.7 2205.6 1477.9 2198.6
v-19 0.325978785753 3242.2 2735.9 3244.8 2756.8 3235.2 2758.0 3232.7 2737.0
v-19 0.23967371881 7200.6 6977.8 7209.4 6997.8 7196.2 7003.5 7187.5 6983.5
v-19 0.215092673898 4088.2 2511.4 4152.8 2521.6 4144.4 2568.0 4080.0 2557.8
v-19 0.205771028996 6954.4 6861.2 6954.4 6906.8 6923.4 6906.8 6923.4 6861.2
v-19 0.192104250193 5323.0 3014.6 5337.0 3041.0 5312.2 3056.2 5298.2 3030.0
v-19 0.182140514255 4571.0 2153.8 4622.4 2179.8 4606.0 2219.6 4554.4 2193.4
v-19 0.177318289876 4993.2 2247.2 5037.0 2270.2 5014.6 2305.2 4970.8 2282.4
v-19 0.176900401711 1437.0 1586.8 1437.0 1621.2 1386.4 1621.2 1386.4 1586.8
v-19 0.176528394222 6406.2 1885.4 6428.0 1911.2 6401.0 1932.6 6379.2 1907.0
v-19 0.170497879386 917.5 5873.2 930.7 5875.9 925.5 5898.0 912.4 5895.2
v-19 0.167845338583 4144.0 1814.0 4144.0 1873.0 4117.8 1873.0 4117.8 1814.0
v-19 0.166786402464 6840.6 7562.4 6869.8 7571.8 6863.4 7587.0 6834.0 7577.6
v-19 0.153653800488 2523.4 1664.6 2535.2 1693.4 2506.6 1704.2 2494.6 1675.4
v-19 0.152424111962 5316.2 3004.4 5324.6 3016.4 5299.6 3033.4 5291.2 3021.4
v-19 0.15153105557 3249.6 2775.6 3249.6 2797.5 3240.1 2797.5 3240.1 2775.6
v-19 0.148573592305 7285.0 7320.6 7285.0 7358.0 7248.2 7358.0 7248.2 7320.6
v-19 0.143174186349 4577.2 1974.6 4636.4 1997.2 4615.4 2050.4 4556.2 2027.8
v-19 0.139031976461 5825.0 1790.8 5878.0 1814.6 5843.4 1882.6 5790.4 1858.6
v-19 0.133038386703 4589.2 1887.8 4635.2 1905.8 4620.2 1946.0 4574.2 1928.0
v-19 0.130459174514 5274.0 3029.0 5301.4 3078.4 5272.6 3093.4 5245.0 3044.0
v-19 0.127919375896 5756.2 1838.0 5756.2 1884.4 5728.6 1884.4 5728.6 1838.0
v-19 0.126819401979 6859.2 7597.2 6873.0 7605.4 6860.0 7635.2 6846.0 7627.0
v-19 0.126636967063 1480.6 2212.5 1494.8 2225.6 1482.8 2238.9 1468.5 2225.7
v-19 0.122777573764 6363.2 2055.0 6379.2 2075.0 6331.0 2113.0 6315.0 2093.0
v-19 0.121823102236 2028.1 2149.3 2028.1 2160.4 2008.6 2160.4 2008.6 2149.3
v-19 0.119374468923 6837.8 7591.2 6854.2 7599.2 6839.6 7628.6 6823.4 7620.4
v-19 0.118998460472 6382.6 1844.4 6402.4 1876.6 6378.2 1892.8 6358.4 1860.6
v-19 0.117973014712 4437.4 3656.8 4455.6 3672.2 4435.2 3696.0 4417.0 3680.6
v-19 0.116332739592 4044.0 3440.6 4086.6 3458.8 4077.4 3482.8 4034.6 3464.6
v-19 0.111687585711 3753.8 3326.0 3794.2 3349.8 3773.6 3385.8 3733.4 3361.8
v-19 0.110695138574 4126.0 5074.8 4141.0 5114.4 4119.4 5124.2 4104.2 5084.6
v-19 0.11008092016 4780.2 2291.2 4807.8 2335.6 4777.8 2357.8 4750.2 2313.4
v-19 0.109634429216 4162.6 5099.0 4173.2 5141.6 4149.8 5149.6 4139.2 5107.0
v-19 0.107555381954 4450.8 2014.8 4488.0 2085.2 4452.4 2106.2 4415.2 2035.6
v-19 0.103742994368 4208.7 1063.0 4208.7 1100.9 4187.1 1100.9 4187.1 1063.0
v-19 0.103711143136 4086.4 2543.6 4107.2 2550.4 4098.4 2582.2 4077.6 2575.4
v-19 0.101305894554 7783.4 7075.6 7797.6 7089.8 7779.6 7110.4 7765.2 7096.2
v-19 0.10050778091 6678.8 2170.8 6720.2 2189.2 6688.6 2251.8 6647.4 2233.4
v-5 0.511836588383 196.9 1484.8 225.0 1523.2 199.3 1540.9 171.2 1502.5
