v-4 0.162394732237 1262.0 958.3 1275.2 987.2 1255.6 997.5 1242.4 968.6
v-4 0.141880407929 685.2 493.8 758.4 582.0 714.4 619.2 641.0 530.8
v-7 0.428396910429 870.8 1347.8 881.8 1438.2 690.0 1462.4 679.0 1372.2
v-7 0.382835477591 1876.4 1521.8 1900.0 1622.4 1827.2 1639.4 1803.6 1538.8
v-7 0.367680728436 1963.4 1502.6 1976.6 1579.8 1900.8 1593.0 1887.6 1515.8
v-7 0.239658683538 517.8 1019.4 536.6 1120.4 453.6 1131.8 434.8 1030.8
v-7 0.153570845723 165.0 1360.2 182.6 1470.2 85.4 1482.2 68.0 1372.2
v-7 0.110615864396 436.8 311.7 457.0 465.1 206.9 500.3 186.7 346.9
v-7 0.104418501258 812.0 1472.2 813.6 1502.0 762.4 1505.4 760.8 1475.6
v-12 0.179648056626 808.4 1624.2 820.4 1684.2 738.8 1695.0 727.0 1635.0
v-12 0.138879820704 836.8 1313.2 836.8 1428.2 772.2 1428.2 772.2 1313.2
v-12 0.129881799221 786.2 1304.6 786.2 1455.4 632.4 1455.4 632.4 1304.6
v-12 0.115205407143 519.8 640.6 519.8 674.6 476.7 674.6 476.7 640.6
v-9 0.88263052702 486.1 167.9 562.4 371.4 438.3 419.1 362.0 215.6
v-11 0.190102860332 1733.4 1160.8 1764.8 1257.8 1653.8 1295.8 1622.4 1199.0
v-11 0.109669320285 812.8 626.4 829.4 716.0 765.4 726.2 748.8 636.6
v-11 0.100572004914 1548.8 1080.2 1594.8 1197.8 1435.0 1261.2 1389.0 1143.6
v-15 0.277385473251 491.8 321.6 491.8 484.8 414.4 484.8 414.4 321.6
v-15 0.146899148822 1326.0 86.2 1326.0 128.6 1227.0 128.6 1227.0 86.2
v-15 0.107373423874 500.8 238.0 500.8 313.6 389.4 313.6 389.4 238.0
v-10 0.50981760025 4252.3 2526.4 4254.6 2581.3 4226.2 2581.5 4223.8 2526.6
v-10 0.465912729502 1694.2 265.4 1741.4 322.0 1709.4 347.8 1662.0 291.2
v-10 0.415269970894 176.8 3531.0 176.8 3632.0 103.4 3632.0 103.4 3531.0
v-10 0.40085041523 4803.2 1479.6 4803.2 1614.4 4722.6 1614.4 4722.6 1479.6
v-10 0.39370021224 4383.2 812.8 4416.0 830.8 4396.0 875.4 4363.2 857.6
v-10 0.322604864836 4644.0 1889.2 4644.0 1945.4 4598.0 1945.4 4598.0 1889.2
v-10 0.252450466156 213.8 3707.0 213.8 3853.2 97.8 3853.2 97.8 3707.0
v-10 0.236729815602 3653.8 145.0 3653.8 213.4 3617.8 213.4 3617.8 145.0
v-10 0.22050434351 4642.3 1645.4 4642.3 1670.4 4600.4 1670.4 4600.4 1645.4
v-10 0.219504073262 670.0 2328.8 698.8 2334.6 694.1 2362.8 665.4 2356.9
v-10 0.209952026606 4740.6 1679.1 4740.6 1749.4 4696.6 1749.4 4696.6 1679.1
v-10 0.181448504329 4682.6 1681.2 4682.6 1784.0 4641.2 1784.0 4641.2 1681.2
v-10 0.175855100155 3367.8 1724.2 3367.8 1850.2 3295.4 1850.2 3295.4 1724.2
v-10 0.170547395945 4606.1 1643.7 4606.1 1664.8 4581.8 1664.8 4581.8 1643.7
v-10 0.166686058044 345.6 4106.1 399.1 4112.3 387.1 4192.8 333.6 4186.6
v-10 0.142332911491 1057.0 1360.2 1057.0 1398.0 1014.0 1398.0 1014.0 1360.2
v-10 0.140781268477 5733.2 1113.4 5749.0 1126.6 5731.4 1149.8 5715.6 1136.6
v-10 0.129572674632 4777.2 1690.8 4777.2 1758.8 4735.2 1758.8 4735.2 1690.8
v-10 0.128402009606 39.0 3659.2 39.0 3680.0 23.2 3680.0 23.2 3659.2
v-10 0.128126472235 4234.4 2400.8 4272.0 2418.2 4254.4 2456.4 4216.8 2439.0
v-10 0.126170217991 13.9 3645.9 13.9 3669.6 1.7 3669.6 1.7 3645.9
v-10 0.120512925088 4337.0 1307.8 4337.0 1405.0 4231.4 1405.0 4231.4 1307.8
v-10 0.119788482785 5751.2 1047.0 5796.8 1081.6 5780.0 1102.0 5734.6 1067.4
v-10 0.117570415139 3661.8 256.4 3661.8 360.4 3629.2 360.4 3629.2 256.4
v-10 0.113374866545 2922.6 1023.4 2947.0 1044.8 2928.4 1067.4 2904.2 1046.0
v-10 0.104147128761 4691.5 1590.8 4691.5 1615.5 4678.0 1615.5 4678.0 1590.8
v-10 0.102507971227 1190.8 892.6 1194.0 925.8 1172.6 928.3 1169.4 895.2
v-10 0.101964622736 135.6 5472.0 135.6 5560.8 66.8 5560.8 66.8 5472.0
v-18 0.135085269809 1837.4 1173.4 1872.4 1337.4 1691.0 1377.4 1656.0 1213.4
v-19 0.405852913857 6377.4 2174.4 6442.8 2253.8 6393.8 2295.8 6328.4 2216.4
v-19 0.397923856974 3752.4 3293.4 3868.6 3369.2 3826.2 3436.0 3710.0 3360.2
v-19 0.392528325319 4387.0 3608.8 4448.0 3667.2 4422.4 3694.6 4361.6 3636.4
v-19 0.299588292837 1975.6 7361.6 2008.6 7430.4 1949.6 7460.8 1916.6 7392.0
v-19 0.288288772106 6250.0 1917.0 6297.8 1971.0 6250.2 2011.8 6202.4 1958.0
v-19 0.252132862806 4085.4 2508.2 4206.6 2529.2 4194.4 2604.2 4073.2 2583.0
v-19 0.24842633307 5276.0 3033.4 5302.8 3083.0 5274.6 3097.8 5247.8 3048.2
v-19 0.232506260276 4144.6 1811.0 4144.6 1875.8 4116.6 1875.8 4116.6 1811.0
v-19 0.22330750525 7195.1 6927.7 7214.3 6956.7 7192.8 6972.1 7173.6 6943.1
v-19 0.21220074594 861.8 6464.8 888.4 6512.6 826.4 6547.6 799.8 6499.6
v-19 0.189633175731 6421.2 1805.2 6485.8 1876.2 6448.2 1912.4 6383.6 1841.4
v-19 0.181578710675 4572.8 2146.8 4623.2 2172.2 4603.2 2215.8 4552.8 2190.4
v-19 0.180450692773 6856.2 7489.6 6931.0 7516.0 6915.0 7554.8 6840.2 7528.4
v-19 0.180332958698 703.6 6284.0 736.4 6323.8 712.0 6347.0 679.0 6307.4
v-19 0.165391042829 6159.2 1819.2 6215.8 1896.6 6170.6 1932.0 6114.0 1854.8
v-19 0.154918372631 1939.6 7285.0 1965.4 7350.8 1894.2 7378.0 1868.2 7312.4
v-19 0.150536939502 2573.6 38.8 2597.8 60.6 2570.8 93.6 2546.6 71.8
v-19 0.14677849412 7332.0 4808.4 7332.0 4863.2 7302.8 4863.2 7302.8 4808.4
v-19 0.146593362093 7131.8 6910.5 7165.7 6967.6 7112.1 6997.3 7078.2 6940.2
v-19 0.142634570599 3265.1 2771.9 3266.9 2799.0 3254.1 2800.4 3252.3 2773.4
v-19 0.139823749661 7613.9 4308.0 7613.9 4328.5 7591.2 4328.5 7591.2 4308.0
v-19 0.139767944813 6980.4 6583.0 6994.8 6671.8 6914.6 6686.2 6900.0 6597.4
v-19 0.138374179602 1844.2 4974.2 1868.0 4993.2 1843.8 5034.4 1820.0 5015.4
v-19 0.138365879655 7525.8 4950.6 7539.8 4971.8 7490.4 5009.4 7476.4 4988.2
v-19 0.138353705406 4395.8 3894.8 4416.2 3952.2 4316.0 3988.6 4295.4 3931.2
v-19 0.136931046844 3434.0 4238.8 3468.7 4248.6 3458.2 4285.1 3423.5 4275.3
v-19 0.134580031037 2524.8 1664.2 2535.2 1693.4 2505.0 1704.2 2494.8 1675.0
v-19 0.13096280396 4442.4 393.3 4465.8 458.3 4418.3 474.3 4394.9 409.3
v-19 0.130426377058 749.0 6138.0 775.0 6168.2 749.0 6192.4 723.2 6162.4
v-19 0.126872733235 6612.6 1936.0 6670.2 2005.6 6610.0 2055.8 6552.6 1986.2
v-19 0.125101730227 3310.6 861.8 3329.8 905.8 3302.4 917.6 3283.2 873.6
v-19 0.125059232116 1298.2 7603.6 1332.8 7619.8 1322.4 7639.4 1287.8 7623.2
v-19 0.12406000495 807.4 4054.8 828.2 4083.8 784.8 4114.0 764.2 4085.0
v-19 0.122456565499 6481.8 1903.8 6513.0 1934.2 6438.2 2008.6 6407.0 1978.2
v-19 0.12163387984 1873.4 1446.0 1873.4 1491.6 1845.0 1491.6 1845.0 1446.0
v-19 0.117656514049 1494.8 2187.8 1515.0 2206.8 1492.8 2233.2 1472.6 2214.4
v-19 0.116581790149 7595.6 4616.0 7615.6 4630.8 7595.0 4654.4 7575.0 4639.8
v-19 0.113870434463 4686.8 1953.2 4715.0 1992.6 4699.0 2005.0 4670.8 1965.6
v-19 0.111825823784 1862.6 7419.6 1901.0 7471.2 1858.0 7499.4 1819.6 7447.8
v-19 0.109702445567 3397.6 4312.6 3422.2 4328.2 3410.0 4350.2 3385.4 4334.4
v-19 0.10488371551 1437.0 1586.8 1437.0 1621.2 1386.4 1621.2 1386.4 1586.8
v-19 0.103498846292 4577.2 1974.6 4636.4 1997.2 4615.4 2050.4 4556.2 2027.8
v-19 0.101716242731 3930.4 3511.4 3937.8 3579.4 3899.4 3584.2 3892.0 3516.2
v-19 0.101554945111 6837.2 7590.8 6859.8 7600.8 6847.4 7630.2 6824.8 7620.2
v-19 0.100254371762 4149.0 1061.6 4174.6 1121.4 4096.8 1154.6 4071.2 1094.8
v-3 0.114504888654 530.4 879.4 538.7 900.9 497.7 917.0 489.5 895.5
v-20 0.108323507011 1460.6 1033.2 1510.3 1058.2 1463.5 1146.3 1413.9 1121.3
