v-20 0.525264084339 532.4 391.9 557.4 402.3 549.3 423.0 524.3 412.5
v-20 0.476276248693 659.2 1235.8 659.2 1257.4 645.5 1257.4 645.5 1235.8
v-20 0.43984952569 39.9 155.6 39.9 180.7 -2.2 180.7 -2.2 155.6
v-20 0.41444298625 383.0 487.6 399.8 500.8 390.4 512.6 373.5 499.4
v-20 0.378307163715 508.9 1236.2 508.9 1255.5 496.9 1255.5 496.9 1236.2
v-20 0.37596487999 891.3 1299.0 891.3 1319.8 879.7 1319.8 879.7 1299.0
v-20 0.374536037445 739.0 1277.2 739.0 1303.1 727.8 1303.1 727.8 1277.2
v-20 0.369693815708 659.6 1637.8 659.6 1657.1 646.2 1657.1 646.2 1637.8
v-20 0.362201482058 128.4 888.4 128.4 917.2 93.0 917.2 93.0 888.4
v-20 0.333641022444 666.7 816.7 666.7 835.2 649.4 835.2 649.4 816.7
v-20 0.313046395779 655.3 1476.5 655.3 1495.7 642.9 1495.7 642.9 1476.5
v-20 0.304723501205 848.0 586.8 880.4 606.2 871.6 619.2 839.2 599.6
v-20 0.296792179346 425.6 1228.3 425.6 1248.7 410.3 1248.7 410.3 1228.3
v-20 0.28349712491 736.1 1619.2 736.1 1643.0 723.1 1643.0 723.1 1619.2
v-20 0.280970484018 1315.0 1564.8 1323.0 1597.2 1303.2 1602.8 1295.2 1570.4
v-20 0.256694763899 882.6 1818.0 882.6 1834.0 862.4 1834.0 862.4 1818.0
v-20 0.240789800882 890.8 942.0 890.8 974.2 863.8 974.2 863.8 942.0
v-20 0.234774142504 884.9 1229.8 884.9 1246.5 868.3 1246.5 868.3 1229.8
v-20 0.233167156577 744.0 1665.5 744.0 1680.0 726.9 1680.0 726.9 1665.5
v-20 0.207517549396 1004.8 1396.0 1004.8 1427.8 983.4 1427.8 983.4 1396.0
v-20 0.196390241385 895.2 855.6 895.2 878.0 880.9 878.0 880.9 855.6
v-20 0.184829682112 290.2 1399.0 290.2 1425.4 266.8 1425.4 266.8 1399.0
v-20 0.183899283409 513.4 897.3 513.4 916.3 500.7 916.3 500.7 897.3
v-20 0.181133881211 748.8 1410.6 748.8 1424.1 727.8 1424.1 727.8 1410.6
v-20 0.167589396238 1007.9 1506.7 1007.9 1519.9 988.1 1519.9 988.1 1506.7
v-20 0.165996745229 430.3 1287.3 430.3 1303.7 416.4 1303.7 416.4 1287.3
v-20 0.159115359187 737.4 1692.8 737.4 1715.4 725.0 1715.4 725.0 1692.8
v-20 0.1539401263 1214.4 1075.0 1245.0 1092.6 1235.6 1108.0 1205.0 1090.4
v-20 0.149200543761 1812.8 1130.0 1831.8 1143.4 1824.3 1155.3 1805.3 1141.9
v-20 0.148603156209 623.8 1817.3 640.1 1824.4 633.1 1836.3 616.8 1829.2
v-20 0.148278608918 1164.4 1799.0 1196.6 1819.0 1187.4 1832.4 1155.2 1812.4
v-20 0.140517786145 892.8 1454.3 892.8 1476.8 876.7 1476.8 876.7 1454.3
v-20 0.137079909444 424.5 1731.5 424.5 1751.7 410.6 1751.7 410.6 1731.5
v-20 0.128165662289 740.5 1235.6 740.5 1258.0 729.0 1258.0 729.0 1235.6
v-20 0.124045565724 1156.8 1483.0 1156.8 1505.0 1131.4 1505.0 1131.4 1483.0
v-20 0.116765327752 878.4 830.2 878.4 865.4 841.4 865.4 841.4 830.2
v-20 0.11424960196 518.9 1107.4 518.9 1120.8 497.1 1120.8 497.1 1107.4
v-20 0.111474893987 651.4 1279.7 651.4 1302.2 639.9 1302.2 639.9 1279.7
v-20 0.108705550432 886.7 1503.1 886.7 1516.8 866.4 1516.8 866.4 1503.1
v-20 0.106831468642 885.4 1571.6 885.4 1593.0 873.6 1593.0 873.6 1571.6
v-5 0.151538863778 894.0 1528.4 904.0 1558.0 869.4 1570.4 859.4 1540.6
v-5 0.105333149433 520.3 1582.7 527.2 1595.8 489.5 1617.4 482.6 1604.2
v-6 0.447758942842 666.0 1120.8 676.6 1159.0 655.2 1165.4 644.4 1127.0
v-1 0.2123850137 1947.6 1813.1 1949.7 1820.6 1931.8 1826.9 1929.7 1819.4
v-1 0.129017621279 1187.8 1175.4 1187.8 1200.6 1163.6 1200.6 1163.6 1175.4
v-4 0.324880421162 1588.1 937.9 1588.1 954.7 1571.5 954.7 1571.5 937.9
v-4 0.284140914679 1064.0 705.9 1067.4 714.7 1049.4 721.9 1045.9 713.1
v-4 0.27542540431 1040.2 733.4 1045.6 745.4 1033.5 750.9 1028.1 738.9
v-4 0.275231122971 1267.4 606.1 1273.3 618.7 1260.0 625.5 1254.1 613.0
v-4 0.26409843564 1092.5 729.2 1099.2 741.6 1086.8 747.8 1080.1 735.3
v-4 0.256243675947 449.0 -1.4 455.4 24.8 398.6 42.8 392.2 16.6
v-4 0.24090257287 1067.4 774.9 1075.8 792.0 1064.6 799.3 1056.2 782.2
v-4 0.23909175396 1080.0 764.5 1087.8 777.1 1075.9 783.8 1068.1 771.3
v-4 0.213763281703 1014.6 849.7 1019.4 861.9 1002.7 866.6 997.8 854.3
v-4 0.211167797446 1014.9 862.3 1019.8 872.5 1002.2 880.1 997.4 869.9
v-4 0.201577171683 1820.4 938.0 1824.6 945.9 1809.6 954.1 1805.4 946.1
v-4 0.199871703982 999.9 1033.1 1005.1 1043.0 994.1 1048.3 988.8 1038.4
v-4 0.185787960887 1253.6 888.7 1260.8 902.1 1240.4 912.6 1233.3 899.3
v-4 0.16924957931 981.0 974.9 986.0 984.7 967.3 992.1 962.4 982.3
v-4 0.166443035007 994.4 843.2 997.7 858.1 960.5 869.1 957.2 854.2
v-4 0.161702096462 1807.8 583.7 1813.0 595.1 1798.6 601.5 1793.3 590.1
v-4 0.151070922613 1612.8 1464.5 1616.7 1472.0 1595.7 1480.8 1591.8 1473.3
v-4 0.145303934813 1103.7 751.8 1110.6 763.5 1091.7 773.5 1084.8 761.9
v-4 0.141545057297 1996.2 1120.8 1996.2 1148.4 1963.6 1148.4 1963.6 1120.8
v-4 0.139536112547 961.6 995.5 970.7 1004.7 961.2 1016.0 952.0 1006.7
v-4 0.138941079378 1242.0 647.1 1245.2 657.1 1222.6 668.2 1219.3 658.1
v-4 0.136490210891 1903.3 1843.4 1903.3 1859.6 1888.2 1859.6 1888.2 1843.4
v-4 0.135782495141 1757.6 758.9 1769.1 778.3 1759.8 784.3 1748.3 764.8
v-4 0.135102927685 1844.3 765.9 1852.6 775.9 1842.5 783.3 1834.2 773.2
v-4 0.133600771427 1581.7 1806.3 1584.8 1814.8 1569.4 1821.1 1566.4 1812.6
v-4 0.12566241622 1252.9 873.3 1258.3 885.0 1233.7 896.4 1228.3 884.7
v-4 0.124119199812 1650.2 1879.5 1655.0 1887.3 1636.6 1897.2 1631.8 1889.4
v-4 0.119946487248 1122.0 634.2 1126.8 645.6 1114.3 650.1 1109.5 638.7
v-4 0.116110816598 1192.1 957.3 1199.6 976.6 1188.5 980.9 1181.0 961.6
v-4 0.107911042869 645.3 1118.6 654.5 1137.5 645.8 1142.0 636.6 1123.0
v-4 0.106083862484 1597.4 1222.8 1597.4 1236.9 1576.4 1236.9 1576.4 1222.8
v-4 0.105559684336 954.4 1029.2 960.7 1038.4 951.8 1044.4 945.4 1035.1
v-4 0.102642461658 900.5 1072.6 904.0 1080.5 883.2 1089.4 879.7 1081.4
v-3 0.222577676177 979.3 624.5 982.5 635.6 961.2 643.2 958.0 632.1
v-3 0.215054780245 483.4 997.4 489.1 1010.9 474.7 1016.8 469.0 1003.3
v-3 0.137264102697 523.3 806.6 527.2 817.3 511.6 825.3 507.7 814.6
v-3 0.13689006865 150.8 479.8 150.8 498.6 113.8 498.6 113.8 479.8
v-3 0.131586819887 501.7 800.0 505.2 809.1 491.8 815.9 488.3 806.8
v-3 0.109265081584 530.5 832.2 536.1 851.5 525.7 854.6 520.1 835.2
v-3 0.107354141772 588.2 843.4 588.2 859.3 567.5 859.3 567.5 843.4
v-7 0.270501315594 1146.8 632.4 1146.8 657.8 1106.2 657.8 1106.2 632.4
v-7 0.201985999942 1092.8 1698.4 1092.8 1722.4 1064.4 1722.4 1064.4 1698.4
v-7 0.201318755746 1315.0 1601.0 1315.0 1627.6 1282.4 1627.6 1282.4 1601.0
v-7 0.15624910593 1480.8 600.4 1480.8 624.2 1438.2 624.2 1438.2 600.4
v-7 0.155499592423 1133.4 1664.0 1133.4 1691.0 1093.0 1691.0 1093.0 1664.0
v-7 0.149258807302 1478.8 1743.2 1478.8 1762.2 1442.2 1762.2 1442.2 1743.2
v-7 0.138967052102 499.6 537.8 499.6 552.3 482.2 552.3 482.2 537.8
v-7 0.137438759208 1681.2 1938.8 1681.2 1974.2 1631.8 1974.2 1631.8 1938.8
v-7 0.132975190878 650.9 802.1 653.6 817.1 630.2 821.5 627.4 806.5
v-7 0.127913743258 755.6 989.4 755.6 1021.2 727.8 1021.2 727.8 989.4
v-7 0.125628933311 860.4 976.0 860.4 1003.4 820.2 1003.4 820.2 976.0
v-7 0.122431218624 282.1 1142.3 282.1 1160.0 264.3 1160.0 264.3 1142.3
v-7 0.121707521379 1475.4 1705.0 1475.4 1736.2 1442.8 1736.2 1442.8 1705.0
v-7 0.117228329182 1047.1 1676.9 1047.1 1694.1 1028.4 1694.1 1028.4 1676.9
v-7 0.111825920641 1415.7 1769.2 1415.7 1788.4 1389.6 1788.4 1389.6 1769.2
v-7 0.111229047179 427.4 1083.2 428.8 1106.6 378.0 1110.8 376.4 1087.4
v-7 0.106080584228 977.0 951.7 977.0 971.6 942.1 971.6 942.1 951.7
v-7 0.103693731129 300.2 598.6 300.2 611.2 280.1 611.2 280.1 598.6
v-7 0.100347608328 1140.7 1848.5 1140.7 1863.7 1121.6 1863.7 1121.6 1848.5
v-7 0.100011646748 228.8 600.4 228.8 617.5 212.5 617.5 212.5 600.4
v-2 0.247726738453 2044.2 766.7 2044.2 798.8 2007.6 798.8 2007.6 766.7
v-12 0.482225418091 1261.1 699.1 1261.1 721.4 1249.5 721.4 1249.5 699.1
v-12 0.421322226524 529.6 1820.0 534.4 1835.0 501.0 1849.0 496.2 1834.0
v-12 0.395124107599 599.6 464.2 599.6 486.1 586.2 486.1 586.2 464.2
v-12 0.38903927803 1970.0 1236.2 1973.2 1250.4 1939.6 1259.0 1936.4 1244.6
v-12 0.337332010269 775.3 929.5 775.3 942.0 758.9 942.0 758.9 929.5
v-12 0.335650891066 697.6 703.1 697.6 716.4 673.5 716.4 673.5 703.1
v-12 0.317025840282 1145.1 661.5 1145.1 675.7 1125.2 675.7 1125.2 661.5
v-12 0.30808749795 1364.1 1073.5 1372.8 1090.9 1363.7 1095.7 1355.0 1078.3
v-12 0.304607689381 943.8 700.2 943.8 712.0 921.3 712.0 921.3 700.2
v-12 0.298024505377 513.7 693.0 513.7 711.3 499.6 711.3 499.6 693.0
v-12 0.288955420256 95.6 484.6 110.0 505.6 95.2 513.6 80.8 492.6
v-12 0.282681167126 1069.1 826.7 1069.1 840.7 1052.1 840.7 1052.1 826.7
v-12 0.273058742285 1150.5 1494.1 1150.5 1509.1 1126.4 1509.1 1126.4 1494.1
v-12 0.253891348839 1270.9 739.0 1270.9 760.4 1256.5 760.4 1256.5 739.0
v-12 0.247162729502 596.5 1159.4 596.5 1172.0 572.7 1172.0 572.7 1159.4
v-12 0.246893882751 625.1 506.9 625.1 532.4 593.4 532.4 593.4 506.9
v-12 0.217243239284 518.1 917.4 518.1 929.4 497.8 929.4 497.8 917.4
v-12 0.209459409118 1230.7 559.0 1230.7 578.8 1217.2 578.8 1217.2 559.0
v-12 0.203461766243 831.5 665.2 831.5 688.7 820.0 688.7 820.0 665.2
v-12 0.19929985702 806.9 558.2 806.9 570.1 783.1 570.1 783.1 558.2
v-12 0.172844022512 1426.7 950.6 1440.9 970.1 1431.2 976.7 1416.9 957.3
v-12 0.172715485096 705.6 556.4 705.6 571.6 690.5 571.6 690.5 556.4
v-12 0.159808650613 1278.3 1084.0 1278.3 1095.4 1262.8 1095.4 1262.8 1084.0
v-12 0.154866561294 1180.2 948.5 1180.2 962.1 1162.6 962.1 1162.6 948.5
v-12 0.153158321977 584.1 689.4 584.1 707.1 568.4 707.1 568.4 689.4
v-12 0.146667540073 1231.3 653.1 1231.3 671.1 1214.5 671.1 1214.5 653.1
v-12 0.144268557429 650.0 552.6 650.0 567.7 617.5 567.7 617.5 552.6
v-12 0.135634809732 50.6 737.6 50.6 765.6 21.8 765.6 21.8 737.6
v-12 0.132322877645 1128.2 944.4 1128.2 961.1 1106.9 961.1 1106.9 944.4
v-12 0.132310688496 583.6 762.5 583.6 779.7 568.1 779.7 568.1 762.5
v-12 0.125376626849 699.6 931.4 699.6 941.2 681.9 941.2 681.9 931.4
v-12 0.120739422739 810.1 829.7 810.1 847.5 789.2 847.5 789.2 829.7
v-12 0.120490022004 437.5 415.0 437.5 429.3 415.7 429.3 415.7 415.0
v-12 0.120065271854 953.4 1116.4 953.4 1138.2 913.0 1138.2 913.0 1116.4
v-12 0.119077540934 620.4 688.3 620.4 706.9 605.7 706.9 605.7 688.3
v-12 0.112518526614 1086.9 412.3 1086.9 426.0 1067.3 426.0 1067.3 412.3
v-12 0.111481696367 450.6 1165.2 450.6 1177.3 427.9 1177.3 427.9 1165.2
v-12 0.110585838556 313.0 662.6 313.0 693.8 278.4 693.8 278.4 662.6
v-12 0.109362490475 1192.8 693.9 1192.8 708.1 1173.9 708.1 1173.9 693.9
v-12 0.106437653303 1479.8 233.0 1479.8 263.0 1459.6 263.0 1459.6 233.0
v-11 0.315494149923 872.0 136.7 872.0 152.1 855.7 152.1 855.7 136.7
v-11 0.309844076633 720.7 315.5 725.3 334.4 715.3 337.6 710.7 318.7
v-11 0.304962873459 1995.4 1786.0 1998.8 1799.4 1976.3 1804.8 1972.9 1791.5
v-11 0.244027942419 1686.4 1803.0 1688.7 1812.2 1668.4 1818.1 1666.1 1809.0
v-11 0.198392391205 851.5 635.6 851.5 655.5 836.0 655.5 836.0 635.6
v-11 0.191088348627 1894.7 1913.6 1894.7 1932.3 1879.6 1932.3 1879.6 1913.6
v-11 0.140615224838 1700.4 1940.9 1703.3 1950.0 1684.7 1955.0 1681.8 1945.9
v-11 0.118979789317 1779.9 1916.2 1782.7 1924.5 1759.9 1933.3 1757.1 1925.0
v-11 0.117820046842 468.5 34.5 468.5 56.8 457.0 56.8 457.0 34.5
v-14 0.265921711922 1865.6 216.8 1905.8 225.0 1900.0 247.2 1859.8 239.0
v-10 0.40872874856 3502.6 3256.9 3502.6 3269.5 3474.6 3269.5 3474.6 3256.9
v-10 0.379370510578 169.0 2896.0 169.0 2928.8 130.6 2928.8 130.6 2896.0
v-10 0.378003358841 4507.3 1536.6 4512.7 1558.6 4489.9 1563.9 4484.5 1542.0
v-10 0.319913834333 367.0 2937.8 377.6 2982.0 355.0 2987.8 344.4 2943.6
v-10 0.298671215773 4362.6 2193.1 4362.6 2214.0 4329.6 2214.0 4329.6 2193.1
v-10 0.286528885365 1388.6 1750.8 1388.6 1780.1 1374.3 1780.1 1374.3 1750.8
v-10 0.234533041716 4227.2 1570.6 4227.2 1591.8 4183.8 1591.8 4183.8 1570.6
v-10 0.234454825521 4311.1 2521.6 4314.6 2538.6 4297.4 2543.1 4293.8 2526.1
v-10 0.217890501022 5811.8 1474.4 5811.8 1514.4 5783.4 1514.4 5783.4 1474.4
v-10 0.214112073183 958.0 2227.2 958.0 2274.6 933.2 2274.6 933.2 2227.2
v-10 0.212077319622 3612.6 3005.1 3620.5 3015.8 3601.8 3029.1 3594.0 3018.3
v-10 0.211070969701 2591.2 2941.0 2591.2 2965.2 2571.0 2965.2 2571.0 2941.0
v-10 0.206709966063 3062.4 1079.0 3079.4 1106.0 3062.8 1117.4 3045.6 1090.4
v-10 0.203834459186 1465.6 1795.6 1465.6 1838.6 1441.0 1838.6 1441.0 1795.6
v-10 0.201566323638 4230.0 1850.6 4230.0 1878.4 4203.4 1878.4 4203.4 1850.6
v-10 0.191777870059 3292.8 2369.4 3292.8 2410.4 3259.6 2410.4 3259.6 2369.4
v-10 0.191682606936 4209.9 2463.8 4227.1 2472.1 4222.4 2481.3 4205.2 2473.0
v-10 0.1803779006 4997.2 1039.6 5002.0 1060.2 4966.6 1070.4 4961.8 1049.8
v-10 0.178973793983 1352.6 895.3 1352.6 923.5 1337.9 923.5 1337.9 895.3
v-10 0.178359270096 442.8 2627.9 442.8 2647.3 429.4 2647.3 429.4 2627.9
v-10 0.175263762474 1741.4 979.4 1741.4 1022.0 1712.2 1022.0 1712.2 979.4
v-10 0.174571782351 848.0 1427.6 848.0 1444.6 827.9 1444.6 827.9 1427.6
v-10 0.168013885617 1781.4 1739.4 1781.4 1765.2 1721.8 1765.2 1721.8 1739.4
v-10 0.168008700013 5469.4 1923.0 5485.2 1964.4 5464.2 1973.6 5448.4 1932.2
v-10 0.165586426854 161.2 5340.0 161.2 5380.0 138.0 5380.0 138.0 5340.0
v-10 0.160776942968 179.6 3148.6 179.6 3247.0 134.8 3247.0 134.8 3148.6
v-10 0.152705907822 4366.2 2418.6 4366.2 2444.6 4328.4 2444.6 4328.4 2418.6
v-10 0.148512780666 9.5 2869.0 19.4 2915.0 3.6 2919.8 -6.3 2873.8
v-10 0.148140624166 11.8 2622.9 11.8 2644.6 1.3 2644.6 1.3 2622.9
v-10 0.142832055688 160.8 2290.8 160.8 2326.8 104.8 2326.8 104.8 2290.8
v-10 0.142287656665 238.4 2594.4 238.4 2641.6 207.4 2641.6 207.4 2594.4
v-10 0.138461843133 691.3 457.3 691.3 494.6 664.7 494.6 664.7 457.3
v-10 0.130106329918 263.8 705.6 263.8 731.4 229.6 731.4 229.6 705.6
v-10 0.129550755024 5413.9 1217.0 5413.9 1228.9 5393.9 1228.9 5393.9 1217.0
v-10 0.126178875566 284.2 2578.2 284.2 2624.2 256.2 2624.2 256.2 2578.2
v-10 0.12230759114 2867.6 2447.5 2867.6 2469.9 2858.5 2469.9 2858.5 2447.5
v-10 0.118568040431 5283.0 1929.0 5286.8 1955.8 5252.8 1961.0 5249.0 1934.4
v-10 0.118118584156 1904.4 878.4 1910.0 906.4 1862.2 916.2 1856.4 888.2
v-10 0.114396885037 198.4 2678.0 198.4 2728.6 165.4 2728.6 165.4 2678.0
v-10 0.113014928997 3579.6 2073.4 3579.6 2122.2 3553.4 2122.2 3553.4 2073.4
v-10 0.111576132476 3042.8 3420.9 3042.8 3438.4 3029.9 3438.4 3029.9 3420.9
v-10 0.110581547022 5656.8 1211.4 5673.4 1244.8 5653.2 1252.8 5636.4 1219.2
v-10 0.101927943528 5591.0 898.4 5591.0 919.2 5552.2 919.2 5552.2 898.4
v-10 0.100431419909 173.8 5378.0 173.8 5415.4 155.5 5415.4 155.5 5378.0
v-10 0.100211247802 1204.4 1320.2 1220.8 1334.0 1201.0 1357.8 1184.6 1344.0
v-16 0.316089510918 1127.4 2018.2 1168.6 2031.6 1160.6 2050.4 1119.4 2036.8
v-16 0.156908482313 1599.5 1900.3 1599.5 1922.7 1584.5 1922.7 1584.5 1900.3
v-16 0.140783503652 1075.4 1171.8 1075.4 1210.6 1048.6 1210.6 1048.6 1171.8
v-16 0.130131274462 1129.0 1995.8 1168.6 2010.0 1160.0 2029.2 1120.4 2014.8
v-16 0.115050800145 1250.0 941.2 1250.0 973.6 1232.2 973.6 1232.2 941.2
v-15 0.36662504077 842.2 838.4 842.2 864.0 825.7 864.0 825.7 838.4
v-15 0.247587233782 830.4 859.7 830.4 884.1 814.0 884.1 814.0 859.7
v-15 0.181124061346 1527.4 74.0 1527.4 125.0 1504.8 125.0 1504.8 74.0
v-15 0.142411291599 1182.3 1101.3 1200.1 1112.4 1190.6 1126.8 1172.8 1115.7
v-15 0.128231540322 1072.0 1092.3 1072.0 1120.2 1041.8 1120.2 1041.8 1092.3
v-19 0.550753116608 3676.2 3397.2 3702.0 3406.6 3683.8 3463.6 3658.0 3454.2
v-19 0.44806805253 6254.0 2854.0 6279.4 2871.2 6261.2 2892.2 6235.8 2875.0
v-19 0.412222772837 4754.4 2794.8 4772.8 2811.0 4756.0 2831.8 4737.6 2815.4
v-19 0.410011261702 3728.2 3405.0 3749.4 3424.6 3734.0 3440.6 3712.8 3421.0
v-19 0.3743314147 5751.0 2077.2 5775.8 2113.8 5746.6 2136.8 5721.6 2100.0
v-19 0.365469545126 949.8 4071.8 965.0 4092.2 917.8 4130.2 902.8 4109.8
v-19 0.363374441862 4536.0 2207.2 4536.0 2232.0 4492.6 2232.0 4492.6 2207.2
v-19 0.351991564035 4845.0 954.2 4861.0 976.6 4830.6 998.4 4814.6 976.0
v-19 0.349360048771 5750.4 2134.4 5769.8 2158.4 5746.6 2176.2 5727.0 2152.2
v-19 0.348376393318 5727.2 2113.7 5738.5 2125.9 5723.8 2140.7 5712.5 2128.4
v-19 0.344888150692 4894.8 866.0 4910.4 900.2 4862.4 920.4 4846.8 886.2
v-19 0.336756914854 5165.4 1779.0 5173.6 1800.6 5137.4 1813.6 5129.0 1791.8
v-19 0.330419063568 5157.0 1807.6 5164.6 1832.2 5130.4 1841.0 5122.8 1816.4
v-19 0.325143009424 5122.4 340.2 5159.6 374.6 5138.2 397.2 5101.2 362.8
v-19 0.309629291296 510.6 4306.2 530.0 4326.4 505.2 4347.6 485.8 4327.6
v-19 0.303661525249 5330.6 3475.4 5330.6 3502.6 5295.8 3502.6 5295.8 3475.4
v-19 0.280704081059 5792.0 2171.2 5810.4 2183.0 5789.8 2215.4 5771.4 2203.6
v-19 0.278777956963 5987.9 2647.4 6030.5 2663.4 6023.2 2681.4 5980.6 2665.4
v-19 0.271112948656 1396.6 1637.1 1424.6 1644.0 1419.3 1663.4 1391.3 1656.5
v-19 0.267032176256 394.6 4582.4 406.8 4596.2 373.8 4622.6 361.8 4608.8
v-19 0.260501980782 4799.2 2678.8 4817.4 2693.8 4798.8 2715.4 4780.6 2700.2
v-19 0.250371396542 4986.2 960.2 5010.2 982.2 4984.0 1010.4 4960.0 988.6
v-19 0.249692693353 4464.6 2299.6 4493.2 2313.0 4482.6 2337.0 4454.0 2323.8
v-19 0.248514503241 833.4 4546.3 840.6 4555.9 821.0 4571.5 813.8 4561.9
v-19 0.247226774693 4967.6 1180.2 4979.2 1203.4 4954.4 1214.6 4942.8 1191.2
v-19 0.236945226789 4761.3 988.2 4766.5 1011.0 4746.8 1015.7 4741.6 992.9
v-19 0.233756124973 3590.2 1045.4 3590.2 1084.0 3566.0 1084.0 3566.0 1045.4
v-19 0.232371419668 1170.8 1255.0 1170.8 1279.2 1118.0 1279.2 1118.0 1255.0
v-19 0.232315093279 4848.2 1011.7 4854.0 1030.4 4820.3 1038.8 4814.5 1020.1
v-19 0.228624805808 1790.3 962.3 1798.6 974.9 1786.4 982.3 1778.1 969.8
v-19 0.223394155502 4831.8 845.2 4849.0 866.4 4828.2 891.6 4811.0 870.4
v-19 0.219120785594 5341.6 2600.4 5341.6 2625.8 5299.2 2625.8 5299.2 2600.4
v-19 0.211510822177 4126.2 2624.8 4126.2 2646.0 4092.2 2646.0 4092.2 2624.8
v-19 0.200724571943 1476.8 1376.0 1476.8 1417.2 1443.0 1417.2 1443.0 1376.0
v-19 0.197276249528 5279.0 777.4 5307.2 800.6 5289.8 820.4 5261.6 797.0
v-19 0.194058731198 2361.4 2374.0 2361.4 2402.0 2335.2 2402.0 2335.2 2374.0
v-19 0.185982853174 2400.6 1580.6 2413.8 1603.6 2394.0 1614.0 2380.8 1591.0
v-19 0.183302313089 1079.0 2453.8 1086.6 2469.8 1052.0 2489.4 1044.4 2473.4
v-19 0.178950697184 5236.0 1789.4 5249.2 1824.2 5218.6 1837.0 5205.2 1802.4
v-19 0.17498396337 2492.2 3958.8 2508.4 3973.4 2493.2 3987.2 2477.0 3972.6
v-19 0.171840652823 2340.4 7135.0 2353.8 7146.0 2328.2 7176.6 2314.8 7165.6
v-19 0.171185076237 3575.8 2070.6 3575.8 2095.0 3534.0 2095.0 3534.0 2070.6
v-19 0.168959200382 4483.6 2161.0 4485.8 2176.0 4446.8 2185.8 4444.6 2171.0
v-19 0.164747729897 1420.2 2221.5 1420.2 2239.2 1403.8 2239.2 1403.8 2221.5
v-19 0.161190703511 4934.2 646.8 4934.6 661.4 4901.8 673.4 4901.4 658.8
v-19 0.158789157867 4266.2 1865.6 4266.2 1907.8 4244.4 1907.8 4244.4 1865.6
v-19 0.158120125532 4817.2 955.8 4830.0 975.0 4807.6 992.8 4794.8 973.6
v-19 0.154703736305 1700.0 958.2 1711.4 983.2 1686.0 995.0 1674.8 970.0
v-19 0.154454275966 4142.4 2205.2 4142.4 2232.0 4106.6 2232.0 4106.6 2205.2
v-19 0.147822156549 4807.4 1904.2 4822.0 1921.0 4804.0 1938.6 4789.2 1921.8
v-19 0.14744129777 902.2 4965.0 916.4 4971.2 900.2 5016.0 886.0 5009.8
v-19 0.147260114551 264.4 4282.0 278.6 4296.0 261.0 4321.8 246.8 4307.8
v-19 0.146498784423 4127.2 2243.2 4127.2 2276.4 4087.2 2276.4 4087.2 2243.2
v-19 0.14544481039 1667.5 6111.5 1693.2 6152.4 1660.5 6172.6 1634.8 6131.6
v-19 0.14285646379 1684.4 2353.0 1683.6 2369.2 1640.0 2374.6 1640.6 2358.4
v-19 0.142167121172 6176.2 2806.6 6176.2 2846.4 6148.0 2846.4 6148.0 2806.6
v-19 0.141164258122 1088.8 1524.8 1103.4 1532.6 1089.8 1561.4 1075.0 1553.4
v-19 0.138240680099 1893.6 1441.0 1893.6 1477.0 1866.6 1477.0 1866.6 1441.0
v-19 0.13761562109 4543.8 987.9 4543.8 1016.4 4529.1 1016.4 4529.1 987.9
v-19 0.135800510645 1192.8 4223.0 1216.0 4255.4 1198.4 4267.6 1175.0 4235.2
v-19 0.133717849851 3482.6 2019.4 3497.2 2025.0 3485.6 2064.6 3471.0 2059.0
v-19 0.130614802241 5972.4 2192.0 5972.4 2227.4 5937.6 2227.4 5937.6 2192.0
v-19 0.129495128989 5805.8 2270.8 5827.6 2291.8 5805.2 2318.2 5783.4 2297.2
v-19 0.128785163164 3363.6 1644.8 3370.8 1667.2 3341.8 1678.2 3334.6 1655.8
v-19 0.128615304828 5366.8 1884.8 5377.4 1928.4 5355.0 1936.2 5344.4 1892.6
v-19 0.128104016185 6712.6 2255.0 6712.6 2280.0 6666.8 2280.0 6666.8 2255.0
v-19 0.124953940511 1061.0 6438.6 1067.0 6460.6 1037.8 6469.2 1031.8 6447.0
v-19 0.122153684497 2150.1 1790.0 2150.1 1809.5 2131.0 1809.5 2131.0 1790.0
v-19 0.122121840715 4894.0 806.0 4915.0 816.2 4897.6 856.6 4876.6 846.4
v-19 0.120873734355 4742.2 912.2 4742.2 940.6 4707.2 940.6 4707.2 912.2
v-19 0.119491048157 6039.6 2746.6 6039.6 2778.0 6008.6 2778.0 6008.6 2746.6
v-19 0.115952968597 771.7 4559.5 786.5 4570.7 770.1 4591.7 755.4 4580.4
v-19 0.115905411541 5750.2 2283.6 5773.6 2312.8 5746.6 2334.4 5723.0 2305.0
v-19 0.115588337183 748.8 6137.0 777.8 6170.8 749.2 6201.2 720.2 6167.4
v-19 0.11548101902 3384.9 4626.4 3397.8 4631.3 3391.4 4649.1 3378.6 4644.2
v-19 0.114766567945 2095.4 2493.8 2109.4 2497.6 2100.8 2539.2 2086.8 2535.4
v-19 0.113533362746 4881.9 509.7 4881.9 528.4 4867.7 528.4 4867.7 509.7
v-19 0.110914871097 5310.7 2688.8 5341.7 2695.2 5334.1 2729.8 5303.1 2723.4
v-19 0.110403880477 5197.0 2595.2 5213.8 2600.4 5202.0 2633.4 5185.2 2628.2
v-19 0.108284823596 1115.0 2549.6 1119.4 2565.4 1078.8 2575.4 1074.6 2559.6
v-19 0.108085498214 4771.2 1641.8 4771.2 1679.8 4742.4 1679.8 4742.4 1641.8
v-19 0.107444792986 1981.8 2625.4 1981.8 2652.4 1940.4 2652.4 1940.4 2625.4
v-19 0.107313603163 4214.8 2340.4 4214.8 2374.0 4180.2 2374.0 4180.2 2340.4
v-19 0.106890507042 4644.4 1768.4 4682.8 1803.6 4657.6 1828.8 4619.4 1793.4
v-19 0.105000391603 630.1 4712.1 639.0 4723.3 621.9 4737.6 612.9 4726.4
v-19 0.104791551828 1250.8 6904.7 1259.8 6916.5 1244.1 6927.1 1235.1 6915.4
v-19 0.104342669249 3078.8 139.8 3095.8 180.2 3073.8 190.2 3056.8 149.8
v-19 0.103143289685 4847.8 824.2 4868.8 854.2 4846.4 872.2 4825.4 842.4
v-9 0.13286241889 438.9 1554.1 445.1 1572.1 421.5 1580.7 415.3 1562.8
v-9 0.119910247624 1642.3 471.6 1647.0 483.5 1628.8 490.2 1624.1 478.3
v-17 0.353426218033 524.1 1397.2 524.1 1421.3 511.4 1421.3 511.4 1397.2
v-17 0.192561879754 11.9 546.4 11.9 569.1 1.9 569.1 1.9 546.4
v-17 0.128886535764 72.6 444.9 72.6 459.0 53.4 459.0 53.4 444.9
v-17 0.127863511443 307.4 1404.4 307.4 1414.5 288.6 1414.5 288.6 1404.4
v-17 0.107786081731 499.1 1199.9 499.1 1213.1 477.8 1213.1 477.8 1199.9
v-18 0.178794845939 1409.2 869.1 1414.3 879.4 1393.7 891.4 1388.7 881.1
