v-20__0.5__0___0 0.229590281844 126.4 75.7 126.4 96.5 112.4 96.5 112.4 75.7
v-20__0.5__408___408 0.235398605466 246.7 326.5 246.7 349.2 235.0 349.2 235.0 326.5
v-20__0.5__408___408 0.209727913141 260.4 323.8 260.4 346.0 248.3 346.0 248.3 323.8
v-20__0.5__408___416 0.190514057875 246.6 318.6 246.6 341.2 235.2 341.2 235.2 318.6
v-20__0.5__408___416 0.144581198692 260.1 316.0 260.1 337.9 248.0 337.9 248.0 316.0
v-20__0.5__408___416 0.116200201213 405.0 259.5 423.1 268.2 415.9 280.2 397.7 271.4
v-20__0.5__416___408 0.264014661312 238.7 326.1 238.7 349.4 226.9 349.4 226.9 326.1
v-20__0.5__416___408 0.207073196769 252.3 323.7 252.3 345.8 240.2 345.8 240.2 323.7
v-20__0.5__416___416 0.242335662246 238.7 318.5 238.7 341.3 227.3 341.3 227.3 318.5
v-20__0.5__416___416 0.186288043857 251.8 316.1 251.8 337.6 240.0 337.6 240.0 316.1
v-9__0.5__0___0 0.483199268579 154.0 95.6 167.4 128.2 151.5 134.4 138.1 101.8
v-9__0.5__0___0 0.389905065298 134.2 105.1 145.6 135.9 130.0 142.4 118.6 111.6
v-9__0.5__0___0 0.142712518573 153.1 132.0 160.3 148.8 150.1 154.3 142.9 137.5
v-11__0.5__0___408 0.120292827487 129.7 238.1 137.7 266.2 123.8 270.0 115.8 241.9
v-11__0.5__0___408 0.106062933803 146.7 234.6 153.1 261.6 139.3 264.8 132.8 237.8
v-11__0.5__0___408 0.102063342929 238.7 341.0 241.5 364.4 219.1 367.9 216.3 344.5
v-9__0.5__408___0 0.101329363883 173.9 452.2 180.4 477.7 153.8 483.9 147.3 458.3
v-11__0.5__408___0 0.193491443992 197.8 245.0 201.4 268.6 187.7 270.5 184.1 246.9
v-11__0.5__408___408 0.283220380545 497.1 170.1 504.9 190.1 480.5 199.7 472.7 179.7
v-11__0.5__408___408 0.188831657171 490.2 160.0 495.0 173.6 470.5 183.3 465.7 169.7
v-9__0.5__408___416 0.102974981070 412.9 544.4 412.9 561.4 400.1 561.4 400.1 544.4
v-11__0.5__408___416 0.139149531722 492.2 152.2 496.5 165.7 468.7 175.2 464.4 161.7
v-11__0.5__408___416 0.115534283221 497.6 164.8 503.9 180.8 480.2 189.6 473.9 173.6
v-11__0.5__416___408 0.320381850004 481.1 175.5 487.4 193.9 465.1 202.7 458.8 184.3
v-11__0.5__416___408 0.236571580172 484.0 159.7 489.0 174.0 460.3 183.9 455.4 169.6
v-11__0.5__416___408 0.159500554204 490.2 188.6 495.9 203.0 472.0 212.9 466.3 198.5
v-11__0.5__416___416 0.223956480622 491.4 164.7 497.5 179.9 470.4 189.7 464.3 174.5
v-11__0.5__416___416 0.179523959756 484.7 152.1 489.0 165.8 460.0 175.1 455.6 161.5
v-11__0.5__416___416 0.140544220805 491.3 177.6 498.0 195.6 471.1 207.0 464.4 189.1
v-15__0.5__408___0 0.179985746741 422.9 86.8 422.9 112.3 409.2 112.3 409.2 86.8
v-10__0.5__0___0 0.124279566109 514.6 181.6 525.8 188.5 517.6 203.9 506.5 197.0
v-15__0.5__416___0 0.149393439293 414.7 87.6 414.7 112.0 401.8 112.0 401.8 87.6
v-15__0.5__416___0 0.100266590714 424.2 89.1 424.2 110.2 414.2 110.2 414.2 89.1
v-10__0.5__0___1224 0.253069251776 311.7 393.0 340.4 424.8 325.3 440.0 296.6 408.3
v-10__0.5__0___1632 0.342517375946 313.7 -5.5 351.2 27.1 338.7 42.4 301.2 9.8
v-10__0.5__0___1632 0.116231195629 298.9 28.4 313.7 34.6 305.6 59.0 290.7 52.8
v-10__0.5__408___0 0.155647739768 521.1 484.3 525.0 497.0 505.3 501.2 501.5 488.5
v-10__0.5__408___0 0.108663044870 218.7 392.0 218.7 414.5 200.8 414.5 200.8 392.0
v-10__0.5__408___408 0.167449966073 180.0 -0.9 180.0 23.3 164.2 23.3 164.2 -0.9
v-10__0.5__408___408 0.118161231279 216.0 -0.1 216.0 22.0 184.9 22.0 184.9 -0.1
v-10__0.5__1224___0 0.104388333857 603.7 72.6 603.7 108.6 583.7 108.6 583.7 72.6
v-19__0.5__408___408 0.115039467812 308.6 385.8 308.6 404.0 287.4 404.0 287.4 385.8
v-10__0.5__1224___1224 0.190042942762 188.5 293.8 188.5 318.0 164.1 318.0 164.1 293.8
v-10__0.5__1632___816 0.140613719821 495.3 447.1 495.3 471.7 480.4 471.7 480.4 447.1
v-10__0.5__1632___816 0.112387709320 91.0 89.4 91.0 110.6 77.3 110.6 77.3 89.4
v-10__0.5__1632___816 0.103407159448 120.4 371.0 120.4 386.7 104.0 386.7 104.0 371.0
v-10__0.5__1632___1224 0.156864151359 400.2 270.0 400.2 284.7 382.3 284.7 382.3 270.0
v-10__0.5__1632___1224 0.128458231688 476.9 42.3 476.9 58.9 460.7 58.9 460.7 42.3
v-10__0.5__1632___1224 0.122492358088 494.9 36.9 494.9 63.8 480.2 63.8 480.2 36.9
v-10__0.5__2040___408 0.148075371981 280.0 539.4 280.0 565.9 259.5 565.9 259.5 539.4
v-10__0.5__2040___408 0.120532073081 381.7 39.8 387.4 55.1 376.5 62.6 370.8 47.4
v-10__0.5__2040___408 0.110383041203 65.6 229.0 65.6 252.6 51.6 252.6 51.6 229.0
v-10__0.5__2040___816 0.246609285474 280.6 129.5 280.6 157.4 259.7 157.4 259.7 129.5
v-10__0.5__2040___816 0.131668120623 87.0 448.0 87.0 472.0 72.4 472.0 72.4 448.0
v-19__0.5__1224___816 0.100496247411 38.1 16.9 43.4 32.1 29.6 36.7 24.4 21.6
v-10__0.5__2448___408 0.114903636277 585.8 7.9 605.0 26.5 594.5 37.2 575.4 18.5
v-19__0.5__1632___1632 0.189541608095 595.4 106.7 600.1 113.9 585.7 123.6 581.0 116.5
v-19__0.5__1632___1632 0.104662135243 586.3 195.6 595.4 205.1 584.7 215.2 575.6 205.7
v-19__0.5__2040___0 0.124796926975 59.3 29.4 65.7 54.0 27.3 63.8 20.9 39.2
v-19__0.5__2040___408 0.127706140280 303.1 567.6 316.5 587.1 308.1 593.6 294.7 574.1
v-19__0.5__2040___408 0.123115509748 32.5 497.4 32.5 528.1 19.1 528.1 19.1 497.4
v-19__0.5__2040___816 0.233974307775 349.3 329.1 365.6 352.0 350.1 364.0 333.9 341.0
v-19__0.5__2040___816 0.168498501182 33.0 87.7 33.0 120.5 18.4 120.5 18.4 87.7
v-19__0.5__2040___816 0.166177496314 303.2 159.4 316.3 179.1 307.2 185.8 294.1 166.1
v-19__0.5__2040___816 0.160400107503 4.2 444.5 30.0 449.9 24.3 474.1 -1.5 468.7
v-19__0.5__2448___1224 0.239797785878 188.2 290.1 202.3 315.0 188.3 322.6 174.2 297.7
v-19__0.5__2448___1224 0.101280152798 210.4 277.4 219.7 295.4 207.9 302.9 198.6 284.8
v-19__0.5__2856___816 0.120222821832 346.9 129.1 356.6 142.6 337.9 157.6 328.2 144.1
v-19__0.5__2856___816 0.105261474848 501.4 104.1 511.2 119.8 502.0 125.3 492.2 109.6
v-19__0.5__3264___3264 0.231572136283 157.7 517.2 173.7 521.4 169.6 530.6 153.7 526.4
v-19__0.5__3264___3264 0.197966992855 381.1 392.6 381.1 415.5 359.6 415.5 359.6 392.6
v-19__0.5__3264___3264 0.113645501435 166.3 481.0 201.3 493.0 193.9 511.0 158.8 499.0
v-19__0.5__3264___3488 0.128646224737 164.9 311.8 173.4 315.3 165.1 330.6 156.6 327.2
v-19__0.5__3264___3488 0.104016333818 154.6 307.9 163.9 311.7 157.7 326.5 148.3 322.8
v-19__0.5__3488___3264 0.266750961542 154.0 394.9 154.0 418.4 134.6 418.4 134.6 394.9
v-5__1__0___1224 0.501090526581 195.9 256.7 224.6 295.6 197.1 315.7 168.3 276.8
v-5__1__0___1224 0.217822879553 201.2 326.5 212.4 344.5 202.0 350.9 190.7 332.9
v-5__1__0___1224 0.195128798485 187.7 334.7 199.2 353.1 189.9 359.1 178.3 340.6
v-5__1__0___1224 0.148136705160 214.2 320.4 224.3 335.5 214.4 341.8 204.3 326.8
v-5__1__0___1224 0.104070067406 174.8 342.6 188.2 361.0 179.1 367.4 165.7 349.0
v-7__1__0___816 0.270316421986 112.7 328.9 121.3 375.0 85.9 381.7 77.3 335.6
v-10__1__0___2856 0.397518873215 177.2 311.9 177.2 340.5 141.7 340.5 141.7 311.9
v-10__1__0___2856 0.196659252048 175.9 339.0 175.9 363.1 162.0 363.1 162.0 339.0
v-10__1__0___2856 0.138554006815 159.7 337.8 159.7 364.5 145.2 364.5 145.2 337.8
v-10__1__0___3264 0.168150708079 39.1 392.4 39.1 414.9 23.1 414.9 23.1 392.4
v-10__1__0___3264 0.122699394822 16.0 382.4 16.0 406.7 2.3 406.7 2.3 382.4
v-10__1__2856___2448 0.293695002794 506.9 22.1 506.9 54.8 485.8 54.8 485.8 22.1
v-10__1__3264___2448 0.187661752105 98.2 19.7 98.2 56.3 76.7 56.3 76.7 19.7
v-10__1__4080___2040 0.176207736135 173.6 479.3 173.6 496.9 145.3 496.9 145.3 479.3
v-10__1__4080___2040 0.168975532055 208.4 478.6 208.4 498.1 192.3 498.1 192.3 478.6
v-10__1__4080___2040 0.103963032365 174.5 522.4 174.5 536.7 146.8 536.7 146.8 522.4
v-10__1__4488___1224 0.471966505051 203.0 366.7 203.0 391.9 188.7 391.9 188.7 366.7
v-10__1__4488___1224 0.428329229355 219.3 364.1 219.3 393.7 204.9 393.7 204.9 364.1
v-10__1__4488___1224 0.270763725042 88.0 464.1 88.0 496.5 70.1 496.5 70.1 464.1
v-10__1__4488___1224 0.260761618614 151.0 418.2 151.0 445.1 113.6 445.1 113.6 418.2
v-10__1__4488___1224 0.226650089025 210.5 273.8 210.5 297.7 198.4 297.7 198.4 273.8
v-10__1__4488___1224 0.182060942054 194.7 274.3 194.7 298.9 183.5 298.9 183.5 274.3
v-10__1__4488___1224 0.139014959335 175.9 413.9 175.9 441.9 144.1 441.9 144.1 413.9
v-19__1__1224___1632 0.365318983793 282.7 561.6 290.5 570.1 270.6 588.0 262.8 579.4
v-19__1__1224___1632 0.341887652874 269.4 551.7 277.8 560.6 259.7 577.2 251.4 568.3
v-19__1__2856___2448 0.454814612865 403.1 284.2 405.6 308.9 393.3 310.3 390.8 285.7
v-19__1__2856___2448 0.417318940163 408.0 322.5 409.8 347.6 398.6 349.2 396.7 324.2
v-19__1__2856___2448 0.299662202597 386.5 287.1 389.5 309.8 379.4 310.5 376.3 287.8
v-19__1__2856___2448 0.170186579227 395.8 309.7 397.5 323.8 385.2 326.4 383.5 312.3
v-19__1__2856___2448 0.149944320321 396.2 324.8 397.3 349.7 384.8 351.4 383.8 326.5
v-19__1__4080___816 0.175925701857 125.8 237.4 131.1 288.7 105.2 292.3 100.0 241.0
