v-8__0.5__0___0 0.139905691147 368.5 79.2 380.0 89.4 375.6 93.1 364.1 82.9
v-8__0.5__0___0 0.121955431998 270.5 12.2 280.7 22.2 277.1 25.7 266.9 15.7
v-9__0.5__408___408 0.102625317872 106.1 214.3 109.4 222.2 93.3 228.2 90.0 220.3
v-9__0.5__408___416 0.117331042886 106.3 206.4 109.3 214.4 93.1 219.9 90.1 211.9
v-15__0.5__0___408 0.208954393864 162.3 397.8 164.0 406.7 148.1 409.6 146.4 400.7
v-15__0.5__0___416 0.131686568260 162.0 389.9 163.7 398.2 148.4 401.4 146.8 393.1
v-9__0.5__416___408 0.128346800804 99.2 214.4 101.7 222.5 84.4 228.3 81.8 220.2
v-9__0.5__416___416 0.103574454784 99.1 206.5 102.0 214.5 84.5 220.0 81.6 211.9
v-19__0.5__408___816 0.134972333908 79.4 3.8 82.9 10.7 71.1 17.9 67.6 10.9
v-19__0.5__408___816 0.113621942699 95.8 33.7 101.4 41.3 86.0 52.6 80.4 45.0
v-19__0.5__408___816 0.112805955112 101.7 11.4 106.1 18.5 95.3 25.9 90.9 18.8
v-19__0.5__408___2856 0.365972638130 436.6 226.4 450.5 243.7 443.4 248.7 429.5 231.5
v-19__0.5__816___2856 0.253416001797 28.5 226.5 41.7 242.3 34.0 248.0 20.8 232.2
v-19__0.5__1224___816 0.116533525288 10.8 557.0 19.6 559.4 16.4 573.2 7.6 570.8
v-2__1__816___816 0.207842335105 156.6 568.5 163.1 591.1 154.5 593.6 148.1 571.0
v-2__1__816___816 0.201122090220 457.8 590.4 464.9 593.3 460.5 605.9 453.4 603.0
v-2__1__816___816 0.149731814861 470.9 508.4 479.2 515.6 474.7 526.7 466.3 519.5
v-2__1__1224___408 0.213803708553 340.5 91.7 347.8 94.0 343.0 107.1 335.7 104.8
v-2__1__1224___408 0.211482584476 487.0 147.9 493.0 150.1 488.3 164.0 482.3 161.8
v-2__1__1224___408 0.192199870944 352.7 259.1 359.3 261.7 355.4 273.7 348.8 271.2
v-2__1__1224___408 0.177563533187 404.7 127.3 411.9 129.2 407.6 144.1 400.4 142.2
v-2__1__1224___408 0.153556585312 352.6 303.1 359.3 305.1 354.8 318.9 348.2 317.0
v-2__1__1224___408 0.125960245728 399.6 113.9 406.0 116.3 400.9 132.9 394.5 130.5
v-2__1__1224___816 0.152834981680 50.0 589.8 57.7 593.4 53.0 606.6 45.2 603.0
v-2__1__1224___816 0.138657301664 69.5 511.8 75.9 513.6 69.7 528.3 63.3 526.4
v-2__1__1224___816 0.130822181702 260.1 166.4 267.6 171.1 263.6 185.1 256.2 180.4
v-2__1__1224___816 0.117027804255 61.5 505.0 70.5 508.1 65.3 521.9 56.3 518.7
v-2__1__1440___408 0.182555794716 123.4 92.0 130.5 94.8 125.8 107.1 118.8 104.3
v-2__1__1440___408 0.169099047780 135.7 303.1 142.8 306.0 138.3 319.3 131.2 316.4
v-2__1__1440___408 0.150515526533 275.3 149.1 275.3 164.3 265.6 164.3 265.6 149.1
v-2__1__1440___408 0.146653845906 183.3 113.6 190.8 116.5 185.6 133.1 178.2 130.2
v-2__1__1440___408 0.133848309517 188.4 127.6 194.9 129.3 190.6 144.1 184.1 142.3
v-2__1__1440___408 0.130066350102 135.6 260.2 141.9 262.4 138.4 276.7 132.1 274.6
v-2__1__1440___816 0.104447767138 52.6 167.0 52.6 185.0 40.0 185.0 40.0 167.0
v-3__1__0___0 0.232133597136 250.8 202.0 250.8 212.9 230.3 212.9 230.3 202.0
v-3__1__0___0 0.211670950055 250.3 275.0 250.3 288.2 231.7 288.2 231.7 275.0
v-3__1__0___0 0.202056139708 454.9 306.5 454.9 322.8 442.3 322.8 442.3 306.5
v-3__1__0___0 0.155386686325 178.3 298.8 184.5 312.0 176.8 315.0 170.6 301.8
v-3__1__0___0 0.140426978469 130.6 508.0 130.6 524.8 117.4 524.8 117.4 508.0
v-3__1__0___0 0.129709020257 147.8 512.3 147.8 528.7 132.3 528.7 132.3 512.3
v-3__1__0___0 0.117853254080 364.8 189.6 364.8 211.7 352.2 211.7 352.2 189.6
v-3__1__0___0 0.112777076662 202.9 520.2 202.9 539.8 191.5 539.8 191.5 520.2
v-3__1__0___0 0.100384399295 465.3 308.7 465.3 325.8 455.3 325.8 455.3 308.7
v-3__1__0___408 0.172116607428 202.7 113.8 202.7 133.8 191.4 133.8 191.4 113.8
v-3__1__0___408 0.128044769168 189.0 154.9 192.2 165.1 170.8 171.1 167.6 160.9
v-3__1__408___0 0.120322480798 40.5 306.0 49.0 308.9 44.0 322.8 35.5 319.8
v-3__1__816___1224 0.155023440719 315.9 585.0 315.9 596.3 296.7 596.3 296.7 585.0
v-6__1__0___1440 0.121905289590 76.3 92.8 85.3 103.4 80.3 107.7 71.3 97.1
v-7__1__0___1440 0.202957093716 337.3 385.8 337.3 429.0 314.2 429.0 314.2 385.8
v-8__1__816___0 0.258984714746 244.0 517.2 253.5 527.1 247.8 532.2 238.3 522.3
v-8__1__816___0 0.208860725164 88.9 371.4 98.7 380.2 93.6 384.9 83.8 376.2
v-8__1__816___0 0.105428539217 300.8 573.7 311.4 583.1 305.8 588.5 295.2 579.0
v-8__1__816___408 0.184966653585 243.3 108.1 254.2 118.9 248.5 124.1 237.7 113.4
v-9__1__816___816 0.158741250634 427.3 591.6 436.2 606.5 411.5 619.2 402.6 604.3
v-9__1__1224___816 0.209166020155 21.3 592.7 29.2 606.5 6.1 618.1 -1.8 604.3
v-11__1__816___408 0.104164540768 179.7 131.6 185.6 162.6 172.1 166.1 166.2 135.0
v-13__1__1224___0 0.116724021733 97.5 31.3 105.5 42.7 99.9 46.9 91.8 35.5
v-15__1__0___1224 0.127637729049 343.6 568.7 344.7 575.0 327.6 579.4 326.4 573.0
v-15__1__816___0 0.298834353685 563.5 208.9 586.4 214.3 583.5 225.9 560.6 220.5
v-15__1__816___0 0.274244874716 561.1 217.7 561.1 231.8 536.9 231.8 536.9 217.7
v-15__1__816___0 0.251414775848 576.9 225.6 598.3 230.5 595.4 241.9 574.0 237.0
v-15__1__816___0 0.152547821403 584.5 217.0 606.2 221.8 603.5 233.2 581.8 228.3
v-15__1__816___408 0.120754204690 389.0 60.6 389.0 74.6 361.3 74.6 361.3 60.6
v-15__1__1224___816 0.100839510560 0.7 304.3 21.9 317.7 12.4 333.4 -8.8 319.9
v-15__1__1440___1224 0.112882509828 313.6 131.5 326.4 140.9 321.9 149.6 309.2 140.2
v-16__1__1440___1224 0.115406706929 575.8 115.0 585.6 117.0 580.7 140.5 570.9 138.6
v-16__1__1440___1224 0.102802336216 18.8 292.5 30.4 297.6 27.0 304.8 15.4 299.7
v-16__1__1440___1440 0.124977596104 17.5 77.1 30.7 81.4 27.3 88.0 14.1 83.7
v-17__1__0___0 0.140607446432 389.9 574.0 397.3 577.7 390.8 590.6 383.3 586.8
v-17__1__0___816 0.115525804460 253.3 73.5 261.2 77.6 255.5 90.4 247.7 86.3
v-17__1__0___816 0.107430569828 322.0 37.0 330.7 40.8 322.1 57.8 313.3 53.9
v-17__1__0___1224 0.126925811172 599.7 549.2 610.3 557.5 603.7 565.4 593.2 557.0
v-18__1__1224___408 0.227048888803 457.5 18.2 465.9 38.4 456.6 42.0 448.2 21.8
v-18__1__1224___408 0.186247617006 467.1 47.9 476.4 64.9 468.6 69.4 459.3 52.5
v-18__1__1224___408 0.176478743553 476.5 65.1 486.4 88.4 475.5 93.0 465.6 69.7
v-18__1__1224___408 0.115770012140 448.9 5.3 456.5 20.4 448.6 24.6 441.0 9.5
v-18__1__1224___408 0.101226806641 491.7 85.5 501.0 98.6 493.0 104.8 483.6 91.7
v-18__1__1440___408 0.173186555505 261.1 65.3 271.4 88.3 261.2 92.5 250.9 69.5
v-18__1__1440___408 0.165068060160 252.4 47.3 261.8 64.9 253.8 69.6 244.4 51.9
v-18__1__1440___408 0.131185561419 242.6 17.4 250.9 39.0 240.6 42.8 232.3 21.2
