v-6__0.5__0___416 0.126824259758 333.4 144.7 338.6 163.5 327.5 166.8 322.3 148.0
v-4__0.5__0___0 0.293597608805 338.5 241.8 378.7 291.5 353.8 311.6 313.5 261.9
v-7__0.5__0___408 0.658957302570 425.6 266.1 431.0 310.9 341.4 320.7 336.0 275.9
v-7__0.5__0___416 0.560390532017 430.6 254.4 436.5 305.7 342.7 315.8 336.9 264.5
v-7__0.5__408___408 0.112868338823 523.8 350.0 535.8 400.3 502.4 407.7 490.5 357.4
v-12__0.5__0___408 0.390597432852 412.0 399.0 412.0 440.6 355.2 440.6 355.2 399.0
v-12__0.5__0___408 0.189591318369 402.9 255.2 402.9 302.0 363.4 302.0 363.4 255.2
v-7__0.5__416___416 0.107883982360 12.0 318.1 19.2 365.0 1.6 367.5 -5.5 320.6
v-9__0.5__0___0 0.862039327621 240.6 79.3 278.3 186.4 216.2 209.4 178.5 102.3
v-9__0.5__0___0 0.156686156988 193.7 -5.5 210.5 36.5 176.6 50.2 159.8 8.1
v-12__0.5__0___416 0.296284466982 402.9 397.3 402.9 425.5 364.1 425.5 364.1 397.3
v-12__0.5__0___416 0.111539363861 408.7 227.2 408.7 304.1 308.7 304.1 308.7 227.2
v-11__0.5__408___0 0.156815379858 401.6 422.0 427.4 503.8 299.9 546.5 274.0 464.6
v-11__0.5__408___408 0.125169709325 445.4 173.5 460.4 218.9 411.1 236.8 396.2 191.3
v-15__0.5__0___0 0.402427911758 242.7 158.2 242.7 237.3 207.0 237.3 207.0 158.2
v-15__0.5__0___0 0.198446199298 246.2 116.9 246.2 154.9 197.1 154.9 197.1 116.9
v-11__0.5__408___416 0.101286157966 453.9 161.7 470.3 217.3 425.4 230.3 409.0 174.6
v-11__0.5__416___0 0.116012245417 390.3 424.1 414.5 504.5 295.4 544.2 271.3 463.7
v-11__0.5__416___408 0.135053083301 449.5 169.3 465.0 223.4 413.3 239.8 397.8 185.7
v-11__0.5__416___416 0.141321226954 445.6 160.9 462.1 219.0 417.8 231.3 401.4 173.1
v-15__0.5__408___0 0.252923816442 242.3 44.5 242.3 64.4 207.2 64.4 207.2 44.5
v-10__0.5__0___0 0.120389759541 172.9 399.9 172.9 446.5 90.3 446.5 90.3 399.9
v-10__0.5__0___0 0.108184531331 121.2 561.4 121.2 584.3 102.3 584.3 102.3 561.4
v-15__0.5__416___0 0.123355843127 234.6 59.5 234.6 73.8 200.2 73.8 200.2 59.5
v-10__0.5__0___1224 0.238041475415 89.6 533.9 89.6 589.5 45.1 589.5 45.1 533.9
v-10__0.5__0___1224 0.117955178022 89.4 350.0 89.4 391.9 67.9 391.9 67.9 350.0
v-10__0.5__0___1632 0.329072684050 108.5 217.1 108.5 297.0 42.4 297.0 42.4 217.1
v-10__0.5__0___1632 0.245784178376 89.5 132.4 89.5 187.6 52.7 187.6 52.7 132.4
v-10__0.5__0___2448 0.164941713214 63.5 291.3 63.5 328.5 38.7 328.5 38.7 291.3
v-18__0.5__408___408 0.133507683873 504.6 223.8 515.8 261.0 440.4 283.3 429.2 246.1
v-18__0.5__408___416 0.188093408942 509.2 211.5 520.6 251.0 443.1 271.6 431.7 232.1
v-18__0.5__408___416 0.140881493688 493.3 162.1 508.2 220.2 434.9 239.9 420.0 181.8
v-10__0.5__408___0 0.484185576439 437.1 131.6 459.9 159.5 444.2 171.8 421.4 143.9
v-18__0.5__416___408 0.188317388296 495.9 178.5 514.6 260.6 431.6 279.6 412.9 197.5
v-18__0.5__416___416 0.138596743345 501.9 210.3 513.4 251.9 434.4 272.2 422.9 230.6
v-18__0.5__416___416 0.109202608466 484.4 162.4 499.3 219.2 427.4 239.3 412.5 182.5
v-19__0.5__0___2040 0.132631868124 381.7 -7.8 396.4 10.4 384.2 19.5 369.5 1.3
v-19__0.5__0___2856 0.205391407013 429.4 377.7 440.7 397.1 410.1 413.0 398.9 393.6
v-19__0.5__0___2856 0.205320745707 348.8 283.3 365.7 298.4 353.2 313.5 336.3 298.4
v-19__0.5__0___2856 0.167203485966 374.4 212.5 388.9 229.4 374.6 244.6 360.1 227.7
v-10__0.5__1224___0 0.295465528965 604.1 69.4 604.1 106.1 582.9 106.1 582.9 69.4
v-19__0.5__408___408 0.177631348372 528.1 314.0 528.1 339.4 513.5 339.4 513.5 314.0
v-19__0.5__408___816 0.111068189144 330.6 272.3 340.3 280.7 321.7 308.1 311.9 299.7
v-19__0.5__816___0 0.115184575319 469.0 20.1 481.9 30.8 468.1 48.6 455.2 37.9
v-19__0.5__816___408 0.201103985310 123.4 314.1 123.4 339.2 106.6 339.2 106.6 314.1
v-10__0.5__1632___816 0.182581514120 51.4 41.2 51.4 109.3 16.1 109.3 16.1 41.2
v-10__0.5__1632___816 0.150142386556 495.3 447.1 495.3 471.7 480.4 471.7 480.4 447.1
v-10__0.5__1632___816 0.106479905546 91.0 89.4 91.0 110.6 77.3 110.6 77.3 89.4
v-10__0.5__1632___1224 0.288337886333 494.9 36.9 494.9 63.8 480.2 63.8 480.2 36.9
v-19__0.5__816___1224 0.151196375489 197.9 193.3 197.9 209.9 177.9 209.9 177.9 193.3
v-19__0.5__816___3264 0.178229898214 114.8 450.5 132.6 473.1 115.9 485.2 98.1 462.6
v-19__0.5__816___3264 0.150861650705 168.5 413.1 187.9 449.9 160.1 465.6 140.7 428.8
v-10__0.5__2040___408 0.453735828400 358.0 322.5 358.0 395.9 318.0 395.9 318.0 322.5
v-10__0.5__2040___408 0.349950581789 152.4 -1.9 169.9 10.2 159.2 30.9 141.6 18.8
v-10__0.5__2040___408 0.218486696482 77.9 241.8 125.9 247.6 120.7 289.1 72.8 283.4
v-10__0.5__2040___408 0.162515982985 301.7 425.6 301.7 479.7 279.9 479.7 279.9 425.6
v-10__0.5__2040___408 0.117286704481 280.2 535.8 280.2 564.6 259.6 564.6 259.6 535.8
v-10__0.5__2040___408 0.106893494725 345.3 429.3 345.3 483.1 308.0 483.1 308.0 429.3
v-10__0.5__2040___816 0.285952210426 300.8 25.0 300.8 75.9 280.5 75.9 280.5 25.0
v-10__0.5__2040___816 0.145512118936 280.6 129.5 280.6 157.4 259.7 157.4 259.7 129.5
v-10__0.5__2040___816 0.123651899397 591.1 484.3 605.7 557.9 458.4 591.1 443.9 517.5
v-10__0.5__2040___816 0.119342714548 87.0 448.0 87.0 472.0 72.4 472.0 72.4 448.0
v-19__0.5__1224___0 0.130100414157 430.6 430.8 438.1 450.6 426.7 455.0 419.3 435.2
v-19__0.5__1224___408 0.125103592873 430.2 22.6 437.7 40.9 426.5 46.2 419.0 27.8
v-10__0.5__2448___408 0.109472945333 427.2 112.0 453.7 130.5 444.2 142.8 417.7 124.3
v-19__0.5__1632___1632 0.450177729130 240.8 13.8 302.7 53.6 281.6 87.4 219.8 47.7
v-19__0.5__1632___1632 0.435554623604 558.5 171.4 586.8 199.2 573.4 213.1 545.1 185.3
v-19__0.5__1632___1632 0.138718664646 552.2 313.8 566.9 343.2 522.3 362.6 507.6 333.2
v-19__0.5__1632___1632 0.105418957770 333.8 126.4 337.1 157.1 317.8 159.4 314.6 128.7
v-19__0.5__2040___0 0.141612842679 42.9 529.3 52.6 554.8 2.4 570.4 -7.3 545.0
v-19__0.5__2040___408 0.102123238146 32.9 494.1 32.9 525.3 18.8 525.3 18.8 494.1
v-19__0.5__2040___816 0.300326138735 3.1 434.7 64.1 444.7 57.5 484.6 -3.6 474.6
v-19__0.5__2040___816 0.142196267843 4.8 360.0 52.4 368.3 40.7 431.0 -6.9 422.7
v-19__0.5__2040___816 0.124039605260 33.0 87.7 33.0 120.5 18.4 120.5 18.4 87.7
v-19__0.5__2448___1224 0.183319553733 188.2 290.1 202.3 315.0 188.3 322.6 174.2 297.7
v-19__0.5__2448___1224 0.127276957035 172.7 304.1 184.5 324.2 172.8 331.4 161.0 311.3
v-19__0.5__2856___816 0.371711283922 328.3 268.9 361.9 305.8 339.5 326.0 305.8 289.1
v-19__0.5__2856___816 0.250364005566 354.5 84.7 382.5 120.6 362.1 138.0 334.1 102.1
v-19__0.5__2856___816 0.177408963442 383.0 129.1 402.1 146.3 360.6 191.4 341.6 174.3
v-19__0.5__2856___816 0.148119151592 265.2 140.6 288.2 169.7 265.2 188.4 242.2 159.2
v-19__0.5__3264___1632 0.208898067474 460.2 556.8 480.1 563.2 475.7 580.9 455.7 574.6
v-19__0.5__3264___2040 0.115817554295 231.3 418.5 248.6 426.3 234.8 460.8 217.5 452.9
v-19__0.5__3264___2040 0.104227192700 461.6 149.8 480.5 157.2 474.5 177.0 455.6 169.6
v-19__0.5__3264___3264 0.271063894033 162.9 477.2 199.2 490.3 191.2 508.5 154.9 495.4
v-19__0.5__3264___3264 0.155731201172 306.2 181.7 323.2 219.6 290.3 235.3 273.3 197.4
v-19__0.5__3264___3264 0.114446200430 224.4 27.2 232.3 67.1 192.3 75.7 184.3 35.8
v-19__0.5__3264___3488 0.429848194122 436.4 474.4 436.4 518.9 410.8 518.9 410.8 474.4
v-19__0.5__3264___3488 0.195348247886 161.7 252.8 200.2 266.5 192.3 286.1 153.8 272.3
v-19__0.5__3264___3488 0.106255494058 470.0 415.7 483.4 453.4 459.0 463.8 445.6 426.2
v-19__0.5__3488___1632 0.175351485610 234.6 556.5 254.1 564.7 248.2 581.8 228.7 573.6
v-19__0.5__3488___2040 0.121988154948 7.7 419.9 23.4 426.1 12.8 453.2 -3.0 447.1
v-19__0.5__3488___2040 0.118047520518 322.8 269.5 322.8 285.6 297.4 285.6 297.4 269.5
v-19__0.5__3488___3264 0.104471452534 407.9 233.4 422.1 240.2 406.4 272.9 392.3 266.0
v-19__0.5__3488___3264 0.101237490773 84.0 182.0 99.1 220.4 66.7 234.4 51.6 196.0
v-19__0.5__3488___3488 0.411834448576 210.1 475.5 210.1 516.8 184.6 516.8 184.6 475.5
v-19__0.5__3488___3488 0.115159392357 272.9 461.4 275.4 477.8 242.5 482.1 240.0 465.6
v-4__1__816___816 0.106976054609 444.2 139.9 460.3 169.2 437.3 181.8 421.2 152.4
v-4__1__816___1440 0.102640666068 32.9 543.0 36.7 558.0 3.8 563.5 0.0 548.6
v-7__1__0___0 0.118137933314 428.7 303.7 450.4 456.5 199.6 495.3 177.8 342.5
v-7__1__0___408 0.139686554670 430.8 -36.6 446.1 55.0 197.9 98.0 182.6 6.4
v-7__1__0___816 0.145220309496 191.0 544.5 194.1 602.5 73.0 610.7 69.9 552.7
v-7__1__0___1440 0.105756357312 178.0 -10.8 182.9 35.2 77.6 47.1 72.8 1.2
v-9__1__408___0 0.888282716274 79.2 164.6 153.5 371.6 30.2 416.8 -44.0 209.8
v-9__1__816___408 0.308245033026 512.2 513.5 546.8 591.4 489.3 616.3 454.7 538.4
v-10__1__0___3264 0.358024120331 178.6 260.2 178.6 376.0 101.1 376.0 101.1 260.2
v-10__1__0___3672 0.160953715444 349.7 421.6 396.3 431.5 376.9 506.9 330.2 497.0
v-10__1__4080___2040 0.351282805204 172.1 474.0 172.1 535.6 141.8 535.6 141.8 474.0
v-10__1__4488___1224 0.241220086813 309.4 235.5 309.4 392.8 222.7 392.8 222.7 235.5
v-10__1__4488___1224 0.174258336425 151.0 418.2 151.0 445.1 113.6 445.1 113.6 418.2
v-10__1__4488___1224 0.165755227208 175.9 413.9 175.9 441.9 144.1 441.9 144.1 413.9
v-10__1__4488___1224 0.148746311665 203.0 366.7 203.0 391.9 188.7 391.9 188.7 366.7
v-10__1__4488___1224 0.117642492056 198.3 451.1 198.3 558.5 153.7 558.5 153.7 451.1
v-11__1__408___408 0.114409960806 408.2 208.0 429.0 307.1 357.8 323.2 337.0 224.0
v-11__1__1224___1224 0.110858082771 530.5 -43.4 556.8 22.6 430.1 72.1 403.8 6.1
v-11__1__1440___1224 0.171841815114 317.9 -44.2 345.7 22.2 221.1 72.6 193.3 6.3
v-15__1__816___0 0.144887074828 491.5 112.6 491.5 150.8 412.3 150.8 412.3 112.6
v-19__1__2448___3672 0.130797564983 183.7 394.3 183.7 427.8 167.9 427.8 167.9 394.3
v-19__1__2856___408 0.129498526454 449.4 455.9 468.4 491.9 446.6 503.5 427.6 467.5
v-19__1__3264___4080 0.171932384372 369.7 251.1 434.6 264.1 420.8 327.7 356.0 314.8
v-19__1__4080___408 0.170598074794 355.8 -19.0 382.4 46.3 337.1 64.0 310.5 -1.3
v-19__1__6936___6936 0.118388734758 195.7 -24.4 227.7 32.2 172.8 60.6 140.9 3.9
v-20__1__1440___816 0.128807514906 382.3 5.2 382.3 22.8 352.4 22.8 352.4 5.2
