v-20__0.5__0___0 0.329830735922 19.6 79.2 19.6 91.2 0.1 91.2 0.1 79.2
v-20__0.5__0___0 0.282863378525 63.7 445.4 63.7 460.6 45.5 460.6 45.5 445.4
v-20__0.5__0___0 0.255404144526 424.9 292.8 440.3 304.1 435.2 310.4 419.7 299.0
v-20__0.5__0___0 0.149376675487 333.0 45.4 338.9 49.3 333.6 60.7 327.6 56.7
v-20__0.5__0___0 0.147706061602 279.9 195.4 279.9 214.9 260.7 214.9 260.7 195.4
v-20__0.5__0___0 0.126328796148 409.0 331.8 409.0 344.9 394.6 344.9 394.6 331.8
v-20__0.5__0___0 0.113927379251 187.8 243.4 198.3 249.4 193.1 256.2 182.7 250.3
v-5__0.5__0___408 0.151448085904 453.0 356.3 453.0 377.8 429.8 377.8 429.8 356.3
v-20__0.5__0___408 0.314671278000 64.1 37.4 64.1 52.8 45.3 52.8 45.3 37.4
v-20__0.5__0___408 0.279839545488 319.9 500.6 319.9 518.6 306.9 518.6 306.9 500.6
v-20__0.5__0___408 0.170700401068 502.7 290.9 502.7 304.8 493.3 304.8 493.3 290.9
v-20__0.5__0___408 0.126762360334 144.6 292.5 144.6 304.4 132.0 304.4 132.0 292.5
v-20__0.5__0___408 0.100383669138 24.0 527.1 24.0 539.7 11.7 539.7 11.7 527.1
v-6__0.5__0___408 0.313035666943 331.3 152.8 338.4 168.3 329.1 173.6 322.0 158.2
v-1__0.5__408___0 0.190870121121 183.8 588.4 183.8 600.4 172.1 600.4 172.1 588.4
v-20__0.5__0___416 0.307896643877 64.1 29.1 64.1 44.9 45.2 44.9 45.2 29.1
v-20__0.5__0___416 0.204491630197 319.7 493.1 319.7 509.9 307.1 509.9 307.1 493.1
v-20__0.5__0___416 0.174994468689 144.9 284.5 144.9 296.6 131.8 296.6 131.8 284.5
v-20__0.5__0___416 0.155999273062 502.8 282.7 502.8 297.1 493.2 297.1 493.2 282.7
v-20__0.5__0___416 0.135062634945 583.9 482.5 595.3 491.6 588.7 497.7 577.3 488.7
v-20__0.5__0___416 0.105969652534 447.8 489.5 447.8 505.6 428.4 505.6 428.4 489.5
v-20__0.5__0___416 0.100343793631 259.1 199.3 259.1 213.7 248.2 213.7 248.2 199.3
v-6__0.5__0___416 0.339894860983 331.3 146.5 338.8 161.8 330.1 167.8 322.5 152.5
v-5__0.5__0___416 0.140098616481 452.6 348.6 452.6 369.3 430.2 369.3 430.2 348.6
v-4__0.5__0___0 0.341435432434 223.0 -0.9 226.0 12.5 197.7 20.9 194.7 7.5
v-20__0.5__408___0 0.282642126083 16.7 292.4 32.7 303.7 27.3 310.5 11.3 299.2
v-20__0.5__408___0 0.187218934298 200.4 537.4 215.4 546.5 210.1 554.7 195.1 545.6
v-1__0.5__408___408 0.109985992312 183.3 180.6 183.3 192.6 173.1 192.6 173.1 180.6
v-7__0.5__0___0 0.222508355975 215.4 538.7 216.8 550.8 189.7 555.6 188.3 543.5
v-7__0.5__0___0 0.160359978676 572.4 318.8 572.4 326.9 552.2 326.9 552.2 318.8
v-7__0.5__0___0 0.152381122112 431.2 488.7 431.2 499.8 413.1 499.8 413.1 488.7
v-7__0.5__0___0 0.122373990715 371.0 491.9 378.1 506.5 368.8 511.9 361.6 497.2
v-7__0.5__0___0 0.111801885068 105.0 151.3 105.0 164.3 85.2 164.3 85.2 151.3
v-20__0.5__408___408 0.349205613136 249.3 374.4 254.9 392.7 243.8 396.6 238.2 378.3
v-20__0.5__408___408 0.212022617459 94.8 290.6 94.8 305.3 85.2 305.3 85.2 290.6
v-20__0.5__408___408 0.193489149213 39.6 239.0 39.6 253.6 28.8 253.6 28.8 239.0
v-20__0.5__408___408 0.138663485646 200.5 129.8 215.3 138.5 210.1 146.6 195.3 137.9
v-20__0.5__408___408 0.113552831113 38.2 499.0 38.2 512.1 21.6 512.1 21.6 499.0
v-20__0.5__408___408 0.101239085197 175.7 490.6 187.2 498.9 180.8 505.9 169.3 497.6
v-6__0.5__408___408 0.168184936047 285.8 52.7 285.8 62.9 263.5 62.9 263.5 52.7
v-7__0.5__0___408 0.138017565012 196.1 399.1 196.1 412.2 175.9 412.2 175.9 399.1
v-7__0.5__0___408 0.137462899089 346.1 368.7 346.1 380.6 331.0 380.6 331.0 368.7
v-7__0.5__0___408 0.129114881158 214.7 133.3 216.5 144.4 190.5 149.0 188.7 137.9
v-7__0.5__0___408 0.123532548547 431.0 80.9 431.0 91.8 413.5 91.8 413.5 80.9
v-1__0.5__416___0 0.145019501448 175.6 588.8 175.6 600.0 164.4 600.0 164.4 588.8
v-20__0.5__408___416 0.215942099690 94.8 282.7 94.8 297.1 85.3 297.1 85.3 282.7
v-20__0.5__408___416 0.181988552213 200.5 121.4 215.5 130.6 210.1 138.8 195.1 129.6
v-20__0.5__408___416 0.179693862796 249.1 366.7 254.8 384.3 244.0 388.2 238.4 370.5
v-20__0.5__408___416 0.140612676740 39.4 231.0 39.4 245.7 29.1 245.7 29.1 231.0
v-20__0.5__408___416 0.107370227575 174.6 482.6 187.0 490.7 181.9 497.7 169.5 489.7
v-6__0.5__408___416 0.192735001445 285.8 44.8 285.8 54.8 263.4 54.8 263.4 44.8
v-6__0.5__408___416 0.142154231668 267.8 86.7 267.8 101.1 255.5 101.1 255.5 86.7
v-7__0.5__0___416 0.160083234310 215.4 123.0 216.7 134.7 189.8 139.3 188.5 127.7
v-7__0.5__0___416 0.127389028668 431.0 72.8 431.0 83.6 413.1 83.6 413.1 72.8
v-7__0.5__0___416 0.123861789703 195.7 391.4 195.7 403.9 176.8 403.9 176.8 391.4
v-7__0.5__0___416 0.109045937657 370.9 75.8 378.2 90.5 368.9 95.9 361.6 81.2
v-2__0.5__416___0 0.201993077993 607.6 380.8 607.6 400.1 590.0 400.1 590.0 380.8
v-4__0.5__408___0 0.133473217487 424.7 593.5 424.7 603.5 395.8 603.5 395.8 593.5
v-4__0.5__408___0 0.132521912456 589.4 560.1 591.2 568.4 574.7 572.4 572.9 564.0
v-4__0.5__408___0 0.105237558484 342.6 487.8 349.7 501.5 339.5 507.3 332.5 493.6
v-20__0.5__416___0 0.304983735085 8.9 292.1 25.0 303.9 19.1 310.9 3.0 299.1
v-20__0.5__416___0 0.198559775949 192.3 537.6 207.2 546.5 202.3 554.5 187.4 545.6
v-7__0.5__408___0 0.181160792708 165.1 316.8 165.1 327.5 143.2 327.5 143.2 316.8
v-7__0.5__408___0 0.132358923554 232.7 342.4 232.7 358.1 210.6 358.1 210.6 342.4
v-3__0.5__408___408 0.104536026716 289.6 502.6 289.6 533.2 276.6 533.2 276.6 502.6
v-6__0.5__416___408 0.151670485735 277.9 53.1 277.9 62.1 260.4 62.1 260.4 53.1
v-4__0.5__408___408 0.207557097077 342.5 80.2 349.5 93.6 339.9 98.8 332.9 85.4
v-4__0.5__408___408 0.144577771425 547.9 531.0 552.6 538.4 544.0 543.9 539.3 536.5
v-4__0.5__408___408 0.128681883216 589.0 152.2 591.0 160.4 575.1 164.3 573.1 156.1
v-4__0.5__408___408 0.124783031642 394.5 196.7 394.5 213.8 376.9 213.8 376.9 196.7
v-20__0.5__416___408 0.310524255037 240.9 374.7 246.6 392.3 236.2 396.1 230.4 378.5
v-20__0.5__416___408 0.182135358453 192.5 129.5 207.4 138.6 202.0 146.7 187.1 137.5
v-20__0.5__416___408 0.172326534986 86.7 290.9 86.7 304.8 77.3 304.8 77.3 290.9
v-20__0.5__416___408 0.139943525195 31.2 239.1 31.2 253.6 21.0 253.6 21.0 239.1
v-3__0.5__408___416 0.127852544188 289.7 493.9 289.7 525.4 276.3 525.4 276.3 493.9
v-7__0.5__408___408 0.136583313346 432.8 561.0 435.2 576.4 411.5 580.4 409.1 565.0
v-7__0.5__408___408 0.115529805422 329.0 446.2 329.0 461.7 314.1 461.7 314.1 446.2
v-7__0.5__408___408 0.105520032346 480.8 534.8 480.8 557.5 465.9 557.5 465.9 534.8
v-7__0.5__408___408 0.103280350566 331.6 460.1 331.6 473.3 311.8 473.3 311.8 460.1
v-6__0.5__416___416 0.128994449973 277.8 45.0 277.8 54.4 260.5 54.4 260.5 45.0
v-4__0.5__408___416 0.158841356635 395.1 188.1 395.1 206.3 375.7 206.3 375.7 188.1
v-4__0.5__408___416 0.149249643087 547.9 523.0 552.7 530.8 544.1 535.9 539.3 528.2
v-4__0.5__408___416 0.136632770300 342.6 72.1 349.5 85.5 339.6 90.9 332.7 77.5
v-4__0.5__408___416 0.107321433723 589.5 144.1 591.2 152.1 574.5 156.2 572.8 148.1
v-4__0.5__408___416 0.104590378702 318.4 244.4 322.0 259.2 309.8 263.0 306.2 248.2
v-20__0.5__416___416 0.256059646606 241.1 366.7 246.7 384.7 236.0 388.4 230.5 370.4
v-20__0.5__416___416 0.194076389074 192.3 121.7 207.2 130.6 202.3 138.4 187.4 129.5
v-20__0.5__416___416 0.156012400985 86.7 282.7 86.7 297.0 77.2 297.0 77.2 282.7
v-20__0.5__416___416 0.129383519292 178.8 482.8 178.8 497.7 161.5 497.7 161.5 482.8
v-7__0.5__408___416 0.156337440014 431.7 553.1 434.8 568.0 412.7 572.4 409.6 557.4
v-7__0.5__408___416 0.100095301867 329.1 437.9 329.1 453.9 314.0 453.9 314.0 437.9
v-4__0.5__416___0 0.189169913530 417.5 593.2 417.5 603.8 387.2 603.8 387.2 593.2
v-4__0.5__416___0 0.147935926914 580.8 560.2 582.6 568.0 567.3 572.0 565.6 564.3
v-3__0.5__416___408 0.125162974000 283.2 502.1 283.2 532.9 271.3 532.9 271.3 502.1
v-7__0.5__416___0 0.222660452127 156.9 317.8 156.9 327.4 135.7 327.4 135.7 317.8
v-4__0.5__416___408 0.163449451327 581.0 152.0 582.9 160.4 567.3 164.4 565.4 156.1
v-4__0.5__416___408 0.161031082273 334.5 80.1 341.5 93.7 331.7 98.9 324.8 85.3
v-4__0.5__416___408 0.127840638161 385.2 196.7 385.2 213.6 369.9 213.6 369.9 196.7
v-4__0.5__416___408 0.116387993097 540.1 531.2 544.6 537.3 535.7 543.6 531.2 537.5
v-12__0.5__0___0 0.276807576418 473.6 348.6 473.6 358.8 458.2 358.8 458.2 348.6
v-12__0.5__0___0 0.222318202257 26.3 367.9 26.3 381.8 8.6 381.8 8.6 367.9
v-12__0.5__0___0 0.210480466485 44.4 243.5 54.8 251.7 50.0 256.2 39.6 248.0
v-12__0.5__0___0 0.183476895094 475.1 556.1 475.1 567.3 456.9 567.3 456.9 556.1
v-12__0.5__0___0 0.136324435472 314.5 253.3 314.5 269.2 297.3 269.2 297.3 253.3
v-12__0.5__0___0 0.104526154697 407.1 279.4 407.1 293.3 390.3 293.3 390.3 279.4
v-4__0.5__416___416 0.165454700589 580.8 144.1 582.6 152.1 567.3 156.1 565.6 148.1
v-4__0.5__416___416 0.128992512822 313.1 245.2 313.1 262.1 298.4 262.1 298.4 245.2
v-4__0.5__416___416 0.123005904257 334.4 72.6 341.3 85.4 331.9 90.6 325.0 77.7
v-4__0.5__416___416 0.120138607919 549.3 487.5 553.3 494.9 542.4 499.6 538.4 492.1
v-7__0.5__416___408 0.155865728855 320.7 446.2 320.7 461.7 306.2 461.7 306.2 446.2
v-7__0.5__416___408 0.113419793546 246.6 396.1 246.6 407.7 229.3 407.7 229.3 396.1
v-7__0.5__416___408 0.101088836789 323.0 460.0 323.0 473.3 304.7 473.3 304.7 460.0
v-12__0.5__0___408 0.478767931461 264.3 502.1 267.3 509.7 250.7 517.0 247.7 509.5
v-12__0.5__0___408 0.142461046576 475.0 148.3 475.0 159.3 456.9 159.3 456.9 148.3
v-7__0.5__416___416 0.203360542655 425.1 553.0 427.5 568.2 403.4 572.4 401.0 557.2
v-7__0.5__416___416 0.160511389375 321.2 438.0 321.2 453.7 306.0 453.7 306.0 438.0
v-7__0.5__416___416 0.149549722672 473.0 526.1 473.0 549.7 457.5 549.7 457.5 526.1
v-7__0.5__416___416 0.101990967989 246.2 388.0 246.2 399.3 229.9 399.3 229.9 388.0
v-11__0.5__0___0 0.145920082927 441.9 72.7 441.9 83.4 426.6 83.4 426.6 72.7
v-12__0.5__0___416 0.413809120655 264.2 494.4 267.1 501.7 250.7 508.9 247.9 501.7
v-12__0.5__0___416 0.193375900388 475.3 139.8 475.3 151.5 456.8 151.5 456.8 139.8
v-11__0.5__0___408 0.181735739112 304.5 510.6 306.3 521.5 283.8 526.8 282.0 515.9
v-11__0.5__0___408 0.159742742777 319.9 528.8 321.3 539.8 284.9 547.0 283.5 536.0
v-11__0.5__0___408 0.114490889013 358.9 501.1 363.4 532.7 351.4 533.5 346.9 501.9
v-11__0.5__0___408 0.107601240277 328.7 505.9 335.9 535.8 323.5 537.2 316.3 507.2
v-12__0.5__408___0 0.194113343954 65.6 348.8 65.6 358.4 50.0 358.4 50.0 348.8
v-12__0.5__408___0 0.158137530088 408.1 2.8 408.1 17.6 387.2 17.6 387.2 2.8
v-12__0.5__408___0 0.105862155557 166.1 329.8 166.1 339.2 149.8 339.2 149.8 329.8
v-12__0.5__408___408 0.484634578228 577.2 207.7 579.4 215.6 562.9 222.0 560.7 214.1
v-12__0.5__408___408 0.132536694407 66.5 148.7 66.5 159.1 49.2 159.1 49.2 148.7
v-11__0.5__408___0 0.128017231822 457.8 104.7 457.8 123.6 426.4 123.6 426.4 104.7
v-11__0.5__408___0 0.114958547056 34.6 72.7 34.6 82.7 18.2 82.7 18.2 72.7
v-14__0.5__408___0 0.263276904821 527.3 110.6 543.6 113.6 539.9 123.6 523.6 120.6
v-12__0.5__408___416 0.498573452234 577.1 199.8 579.2 207.9 562.8 214.0 560.8 205.9
v-12__0.5__408___416 0.129202723503 66.3 141.2 66.3 150.8 49.5 150.8 49.5 141.2
v-12__0.5__416___0 0.258331626654 57.6 348.9 57.6 358.4 42.2 358.4 42.2 348.9
v-12__0.5__416___0 0.232545286417 400.9 2.5 400.9 17.2 379.3 17.2 379.3 2.5
v-12__0.5__416___0 0.153047144413 58.8 557.0 58.8 566.7 41.0 566.7 41.0 557.0
v-12__0.5__416___0 0.113744847476 219.8 345.7 219.8 362.4 207.8 362.4 207.8 345.7
v-12__0.5__416___0 0.105131499469 37.7 10.3 37.7 27.4 22.8 27.4 22.8 10.3
v-11__0.5__408___416 0.126031279564 544.9 536.4 544.9 548.4 530.4 548.4 530.4 536.4
v-12__0.5__416___408 0.485975950956 569.1 207.7 571.3 215.8 554.9 222.0 552.7 214.0
v-12__0.5__416___408 0.139555886388 58.7 148.9 58.7 158.9 41.1 158.9 41.1 148.9
v-11__0.5__416___0 0.245353415608 450.2 104.0 450.2 124.0 418.2 124.0 418.2 104.0
v-14__0.5__416___0 0.312800735235 519.1 110.9 535.7 113.7 532.1 123.4 515.6 120.6
v-12__0.5__416___416 0.469818323851 569.1 199.8 571.2 207.9 554.9 214.1 552.8 206.0
v-12__0.5__416___416 0.172369241714 58.9 140.7 58.9 151.1 40.9 151.1 40.9 140.7
v-15__0.5__408___0 0.250848501921 355.3 37.0 355.3 62.4 343.8 62.4 343.8 37.0
v-10__0.5__0___0 0.133672282100 128.7 352.4 128.7 365.0 117.1 365.0 117.1 352.4
v-10__0.5__0___0 0.115372486413 344.6 227.1 347.8 246.3 337.1 248.9 333.9 229.7
v-15__0.5__408___408 0.138773187995 431.5 549.3 431.5 575.7 420.0 575.7 420.0 549.3
v-10__0.5__0___408 0.328173160553 192.5 591.1 192.5 606.0 178.9 606.0 178.9 591.1
v-15__0.5__408___416 0.140646442771 431.5 541.3 431.5 567.4 419.9 567.4 419.9 541.3
v-17__0.5__0___0 0.185757070780 335.5 503.9 335.5 516.9 326.5 516.9 326.5 503.9
v-17__0.5__0___0 0.106800414622 554.9 380.9 554.9 391.9 538.3 391.9 538.3 380.9
v-10__0.5__0___816 0.232418671250 417.8 291.4 417.8 305.4 393.4 305.4 393.4 291.4
v-10__0.5__0___816 0.226405784488 478.9 297.9 478.9 321.3 468.5 321.3 468.5 297.9
v-10__0.5__0___816 0.217107340693 126.5 484.2 126.5 511.9 108.6 511.9 108.6 484.2
v-10__0.5__0___816 0.117041997612 141.3 473.9 141.3 497.9 127.7 497.9 127.7 473.9
v-16__0.5__408___408 0.153253331780 247.0 417.5 263.8 425.0 259.8 432.1 242.9 424.7
v-16__0.5__408___408 0.144333109260 176.1 590.9 176.1 605.2 155.1 605.2 155.1 590.9
v-17__0.5__0___408 0.150294974446 335.7 95.9 335.7 108.7 326.2 108.7 326.2 95.9
v-15__0.5__416___0 0.245745584369 347.0 37.1 347.0 62.2 336.0 62.2 336.0 37.1
v-10__0.5__0___1224 0.364537775517 84.0 222.4 84.0 237.2 64.7 237.2 64.7 222.4
v-10__0.5__0___1224 0.255948632956 125.7 77.5 125.7 102.6 109.3 102.6 109.3 77.5
v-10__0.5__0___1224 0.155962482095 141.3 65.7 141.3 90.5 127.8 90.5 127.8 65.7
v-10__0.5__0___1224 0.138889387250 87.8 357.3 91.3 404.2 69.0 406.1 65.5 359.2
v-10__0.5__0___1224 0.106984689832 97.2 114.7 97.2 139.0 82.3 139.0 82.3 114.7
v-16__0.5__408___416 0.312113195658 156.4 592.0 178.3 601.0 173.9 610.6 152.0 601.6
v-16__0.5__408___416 0.134882152081 247.2 409.7 263.6 417.1 259.6 423.9 243.3 416.5
v-16__0.5__408___416 0.116529054940 127.6 172.1 127.6 189.9 115.0 189.9 115.0 172.1
v-15__0.5__416___408 0.132881551981 423.8 549.8 423.8 575.8 411.4 575.8 411.4 549.8
v-17__0.5__0___416 0.175659433007 335.5 87.9 335.5 100.8 326.5 100.8 326.5 87.9
v-15__0.5__416___416 0.130904853344 423.7 541.8 423.7 567.5 411.4 567.5 411.4 541.8
v-15__0.5__416___416 0.104490391910 231.8 567.1 231.8 580.6 204.9 580.6 204.9 567.1
v-16__0.5__416___408 0.130470976233 143.8 597.6 162.1 604.6 157.2 614.0 138.9 607.0
v-16__0.5__416___408 0.128410562873 239.2 417.6 255.7 425.1 251.7 431.8 235.3 424.3
v-16__0.5__416___408 0.112765118480 119.4 180.1 119.4 197.9 107.3 197.9 107.3 180.1
v-16__0.5__416___416 0.323392212391 148.5 592.1 170.4 601.3 165.7 610.8 143.8 601.6
v-16__0.5__416___416 0.131633371115 239.4 409.8 255.5 417.2 251.5 423.7 235.4 416.3
v-16__0.5__416___416 0.126508027315 119.6 169.5 119.6 186.8 108.0 186.8 108.0 169.5
v-10__0.5__0___2448 0.176740527153 80.0 220.1 80.0 239.8 68.5 239.8 68.5 220.1
v-10__0.5__408___0 0.220364496112 544.8 439.7 547.9 456.1 524.3 461.0 521.1 444.7
v-10__0.5__408___408 0.291886150837 544.6 31.5 548.2 47.9 524.4 52.9 520.8 36.5
v-10__0.5__408___408 0.248477429152 482.6 461.9 482.6 476.6 448.9 476.6 448.9 461.9
v-10__0.5__408___408 0.129926607013 324.9 492.3 324.9 511.6 312.8 511.6 312.8 492.3
v-10__0.5__408___408 0.114887788892 462.4 83.8 462.4 103.7 447.1 103.7 447.1 83.8
v-10__0.5__408___408 0.107681535184 487.9 229.4 487.9 244.3 475.1 244.3 475.1 229.4
v-10__0.5__408___408 0.103655904531 312.8 471.3 312.8 494.1 300.7 494.1 300.7 471.3
v-19__0.5__0___2040 0.387844920158 474.2 -4.2 481.9 6.5 458.7 25.0 451.0 14.3
v-19__0.5__0___2040 0.323106944561 263.9 112.0 269.6 121.3 251.6 130.9 245.9 121.6
v-19__0.5__0___2040 0.269575655460 497.7 180.6 507.2 192.8 500.1 198.7 490.6 186.4
v-19__0.5__0___2040 0.267860084772 196.4 252.3 201.3 259.2 186.3 271.2 181.4 264.3
v-19__0.5__0___2040 0.240750715137 450.2 111.9 459.5 123.7 451.4 130.7 442.1 118.9
v-19__0.5__0___2040 0.160295054317 450.5 445.1 456.7 447.1 449.8 469.6 443.5 467.7
v-19__0.5__0___2040 0.154621392488 316.4 314.1 322.0 321.0 311.7 329.0 306.1 322.1
v-19__0.5__0___2448 0.209592163563 450.4 37.5 456.7 39.6 449.8 60.9 443.5 58.8
v-19__0.5__0___3264 0.101004205644 588.5 161.8 599.7 178.7 589.8 185.2 578.5 168.3
v-19__0.5__408___408 0.260609865189 179.7 220.6 179.7 231.8 152.0 231.8 152.0 220.6
v-19__0.5__408___408 0.186695590615 537.9 312.7 537.9 331.2 523.7 331.2 523.7 312.7
v-19__0.5__408___408 0.173615485430 301.9 412.8 301.9 421.8 287.7 421.8 287.7 412.8
v-19__0.5__408___408 0.157339319587 442.3 72.7 447.4 85.2 433.7 90.5 428.6 78.0
v-19__0.5__408___408 0.112747050822 34.2 164.4 34.2 190.8 18.9 190.8 18.9 164.4
v-19__0.5__408___408 0.106692820787 143.8 353.6 143.8 371.6 132.2 371.6 132.2 353.6
v-19__0.5__408___816 0.326740682125 132.6 410.7 135.8 417.6 119.3 426.2 116.1 419.3
v-19__0.5__408___816 0.258076190948 303.6 2.9 303.6 11.6 286.4 11.6 286.4 2.9
v-19__0.5__408___816 0.241761043668 148.3 459.1 151.5 468.6 134.8 473.3 131.5 463.8
v-19__0.5__408___816 0.113361328840 431.3 358.9 432.4 367.0 412.0 371.4 410.9 363.3
v-10__0.5__1224___1224 0.216663360596 72.0 246.7 72.0 259.8 59.9 259.8 59.9 246.7
v-10__0.5__1224___1224 0.136012986302 111.3 359.8 111.3 380.5 100.0 380.5 100.0 359.8
v-19__0.5__408___2040 0.374611973763 65.5 -0.8 73.0 9.1 50.5 27.2 43.0 17.3
v-19__0.5__408___2040 0.265370398760 89.8 180.7 99.0 192.8 92.0 198.6 82.8 186.5
v-19__0.5__408___2040 0.264745682478 42.7 110.4 52.2 125.1 42.7 131.6 33.2 116.9
v-19__0.5__408___2040 0.150469467044 10.1 229.7 15.0 238.8 2.4 245.9 -2.5 236.9
v-19__0.5__408___2040 0.129836082458 512.7 447.4 525.3 454.4 515.5 477.3 502.9 470.3
v-19__0.5__408___2448 0.148184895515 512.2 39.2 524.7 45.6 515.9 68.8 503.4 62.4
v-19__0.5__408___2448 0.129947587848 42.6 37.4 48.7 39.7 41.2 61.2 35.2 58.9
v-19__0.5__408___2448 0.100123785436 431.1 583.0 431.1 605.5 419.6 605.5 419.6 583.0
v-19__0.5__816___408 0.236693263054 390.4 383.9 390.4 398.2 374.7 398.2 374.7 383.9
v-19__0.5__816___408 0.149138376117 129.9 312.9 129.9 330.4 116.1 330.4 116.1 312.9
v-10__0.5__1632___816 0.269767880440 3.8 368.5 13.6 384.3 1.4 394.4 -8.4 378.6
v-10__0.5__1632___816 0.268960535526 483.3 110.8 483.3 124.4 471.8 124.4 471.8 110.8
v-10__0.5__1632___816 0.207856386900 550.9 279.2 550.9 291.8 532.7 291.8 532.7 279.2
v-10__0.5__1632___816 0.168839946389 156.9 219.2 156.9 242.3 142.6 242.3 142.6 219.2
v-10__0.5__1632___816 0.152409762144 551.8 395.2 551.8 408.3 533.0 408.3 533.0 395.2
v-19__0.5__816___816 0.150849446654 487.9 371.1 495.6 373.5 491.6 394.1 484.0 391.6
v-19__0.5__816___816 0.148197069764 173.8 494.8 173.8 509.9 157.4 509.9 157.4 494.8
v-19__0.5__816___816 0.103240631521 365.5 371.2 365.5 383.4 351.4 383.4 351.4 371.2
v-10__0.5__1632___1224 0.237794116139 578.1 331.2 584.1 339.0 563.3 353.6 557.4 345.8
v-19__0.5__816___1224 0.141659587622 18.3 590.5 26.6 596.5 19.1 607.0 10.7 601.0
v-19__0.5__816___1632 0.254312127829 226.0 579.9 235.7 587.9 226.7 599.8 217.0 591.8
v-19__0.5__816___1632 0.126429513097 429.0 347.9 436.9 355.8 430.7 360.6 422.7 352.7
v-19__0.5__816___2040 0.176543250680 225.6 172.0 235.5 179.9 226.9 191.8 217.0 183.9
v-19__0.5__816___2040 0.102236896753 107.0 448.4 117.5 460.0 105.1 476.4 94.5 464.8
v-19__0.5__816___2448 0.154134869576 22.6 583.2 22.6 604.7 12.2 604.7 12.2 583.2
v-10__0.5__2040___408 0.397929519415 216.4 360.3 218.3 372.2 194.5 378.3 192.6 366.5
v-10__0.5__2040___408 0.241745963693 460.1 110.8 460.1 126.7 440.9 126.7 440.9 110.8
v-10__0.5__2040___408 0.240713104606 72.4 377.6 72.4 387.5 51.6 387.5 51.6 377.6
v-10__0.5__2040___408 0.187725052238 238.8 533.6 238.8 550.8 228.9 550.8 228.9 533.6
v-10__0.5__2040___408 0.156159192324 74.7 519.0 74.7 532.4 64.3 532.4 64.3 519.0
v-10__0.5__2040___408 0.118644684553 141.9 192.3 141.9 212.0 132.5 212.0 132.5 192.3
v-10__0.5__2040___816 0.293597966433 143.1 278.9 143.1 292.2 124.6 292.2 124.6 278.9
v-10__0.5__2040___816 0.238534107804 75.2 111.0 75.2 124.2 63.9 124.2 63.9 111.0
v-10__0.5__2040___816 0.164196625352 366.9 468.7 370.8 482.6 357.7 486.5 353.9 472.6
v-10__0.5__2040___816 0.160066872835 115.7 443.0 120.5 455.2 112.9 458.1 108.1 445.9
v-10__0.5__2040___816 0.144698351622 238.7 125.6 238.7 142.8 229.0 142.8 229.0 125.6
v-10__0.5__2040___816 0.144689857960 143.4 395.4 143.4 407.9 125.3 407.9 125.3 395.4
v-10__0.5__2040___816 0.139889836311 602.2 147.5 603.5 158.7 586.3 162.1 585.0 150.8
v-19__0.5__1224___0 0.201734423637 570.8 524.2 570.8 543.5 559.7 543.5 559.7 524.2
v-19__0.5__1224___0 0.106127105653 374.2 252.2 381.9 276.9 372.8 280.3 365.1 255.5
v-19__0.5__1224___0 0.101039208472 555.8 589.6 555.8 605.4 542.6 605.4 542.6 589.6
v-19__0.5__1224___408 0.226166158915 570.7 116.3 570.7 135.4 559.8 135.4 559.8 116.3
v-19__0.5__1224___408 0.113900698721 475.5 120.8 482.0 134.8 472.7 138.3 466.2 124.3
v-19__0.5__1224___408 0.108058243990 462.2 414.8 462.2 430.4 444.5 430.4 444.5 414.8
v-19__0.5__1224___408 0.100191436708 549.3 180.8 553.8 195.3 543.7 198.2 539.1 183.7
v-19__0.5__1224___816 0.214913442731 565.0 219.2 565.0 232.1 544.0 232.1 544.0 219.2
v-19__0.5__1224___816 0.159285172820 80.0 370.7 87.8 373.2 83.8 394.7 76.0 392.2
v-19__0.5__1224___816 0.154923483729 517.6 194.5 524.5 196.9 519.5 216.1 512.5 213.7
v-19__0.5__1224___816 0.133242204785 558.5 138.5 561.4 159.2 550.1 160.4 547.2 139.7
v-19__0.5__1224___1632 0.259297579527 407.2 196.6 407.2 207.3 388.4 207.3 388.4 196.6
v-19__0.5__1224___1632 0.114744089544 21.7 347.5 29.5 355.7 22.2 360.9 14.4 352.8
v-10__0.5__2448___408 0.351161718369 288.8 558.6 295.7 576.4 283.8 581.8 277.0 564.0
v-10__0.5__2448___408 0.269897818565 452.3 328.2 457.3 345.8 447.0 349.5 442.0 331.9
v-10__0.5__2448___408 0.239445134997 51.9 111.1 51.9 126.5 33.2 126.5 33.2 111.1
v-10__0.5__2448___408 0.188675746322 216.4 495.5 216.4 510.3 202.9 510.3 202.9 495.5
v-10__0.5__2448___408 0.131599560380 426.7 112.2 449.9 130.5 440.7 141.1 417.6 122.8
v-10__0.5__2448___408 0.112570263445 382.3 192.9 392.9 204.3 382.4 212.3 371.9 201.0
v-10__0.5__2448___408 0.104860819876 388.6 553.9 388.6 564.5 369.3 564.5 369.3 553.9
v-19__0.5__1632___1632 0.399570316076 205.5 66.8 218.3 71.4 209.2 98.5 196.4 93.8
v-19__0.5__1632___1632 0.366017013788 232.4 71.8 243.1 81.9 235.8 89.9 225.1 79.8
v-19__0.5__1632___1632 0.300419360399 496.4 24.0 504.8 30.4 493.6 45.1 485.1 38.7
v-19__0.5__1632___2040 0.116746477783 21.8 284.0 36.1 292.0 14.2 328.5 -0.1 320.5
v-19__0.5__2040___0 0.496634393930 382.5 476.3 389.3 484.9 374.9 496.3 368.1 487.7
v-19__0.5__2040___0 0.445863604546 408.7 432.7 416.5 449.0 393.4 459.3 385.6 443.0
v-19__0.5__2040___0 0.401289314032 386.9 506.0 386.9 520.7 368.2 520.7 368.2 506.0
v-19__0.5__2040___0 0.352272927761 423.5 321.3 427.7 330.2 412.8 338.2 408.5 329.3
v-19__0.5__2040___0 0.329485595226 522.8 174.6 538.4 188.5 530.2 197.6 514.7 183.7
v-19__0.5__2040___0 0.322170495987 452.4 479.8 464.6 495.3 449.0 507.4 436.7 491.9
v-19__0.5__2040___0 0.287701368332 365.9 477.6 373.4 489.3 364.4 495.6 357.0 483.9
v-19__0.5__2040___0 0.258285015821 344.8 493.9 344.8 511.0 330.7 511.0 330.7 493.9
v-19__0.5__2040___0 0.237292259932 599.8 388.6 612.2 398.9 604.0 408.8 591.7 398.5
v-19__0.5__2040___0 0.205333381891 447.4 590.2 452.0 601.7 436.8 607.4 432.1 595.9
v-19__0.5__2040___0 0.189224317670 382.2 415.8 390.9 431.8 382.3 437.8 373.6 421.9
v-19__0.5__2040___0 0.156600654125 407.0 403.2 421.7 412.5 412.4 433.6 397.7 424.3
v-19__0.5__2040___0 0.146951571107 415.4 252.5 415.4 270.6 396.4 270.6 396.4 252.5
v-19__0.5__2040___0 0.139327660203 242.7 346.5 242.7 361.1 226.0 361.1 226.0 346.5
v-19__0.5__2040___0 0.137920439243 370.1 432.8 376.0 443.5 362.2 451.1 356.3 440.5
v-19__0.5__2040___408 0.457114845514 406.9 25.0 414.3 40.9 390.7 51.3 383.3 35.3
v-19__0.5__2040___408 0.399607867002 383.4 69.2 389.0 77.6 374.2 87.7 368.7 79.2
v-19__0.5__2040___408 0.304287344217 452.0 72.0 464.4 87.1 449.1 99.0 436.7 83.9
v-19__0.5__2040___408 0.258901536465 386.4 98.5 386.4 112.1 368.6 112.1 368.6 98.5
v-19__0.5__2040___408 0.254777401686 541.0 481.2 545.6 491.7 528.1 498.0 523.6 487.5
v-19__0.5__2040___408 0.238323122263 413.3 564.6 417.6 577.2 398.9 582.9 394.6 570.3
v-19__0.5__2040___408 0.235755801201 382.5 6.7 392.5 23.7 382.1 30.8 372.0 13.8
v-19__0.5__2040___408 0.234963908792 376.5 14.9 383.4 31.5 372.2 36.6 365.3 19.9
v-19__0.5__2040___408 0.228538841009 408.0 -3.6 421.9 6.4 411.9 24.3 398.1 14.3
v-19__0.5__2040___408 0.179022699594 361.6 544.8 370.9 555.5 363.6 561.9 354.3 551.2
v-19__0.5__2040___408 0.151131957769 235.4 426.1 246.8 435.1 239.8 442.8 228.4 433.7
v-19__0.5__2040___408 0.140898332000 420.7 580.8 425.3 594.0 405.5 600.5 400.9 587.3
v-19__0.5__2040___408 0.135201960802 444.5 184.6 449.9 195.1 439.0 201.6 433.6 191.1
v-19__0.5__2040___408 0.107772566378 138.4 338.2 138.4 351.9 120.3 351.9 120.3 338.2
v-19__0.5__2040___408 0.105822727084 425.7 10.5 444.2 21.6 434.5 34.4 416.0 23.2
v-19__0.5__2040___816 0.384942680597 336.8 582.3 345.2 589.4 337.7 599.7 329.3 592.5
v-19__0.5__2040___816 0.323271006346 192.8 335.9 207.5 343.3 202.0 354.5 187.2 347.1
v-19__0.5__2040___816 0.248820230365 362.1 524.2 370.8 531.7 361.9 542.4 353.2 534.8
v-19__0.5__2040___816 0.238739803433 539.5 90.4 539.5 104.8 520.6 104.8 520.6 90.4
v-19__0.5__2040___816 0.238204509020 228.0 288.1 228.0 299.4 207.3 299.4 207.3 288.1
v-19__0.5__2040___816 0.229191124439 20.8 353.4 42.7 358.2 39.2 369.0 17.3 364.2
v-19__0.5__2040___816 0.219605386257 362.0 137.2 370.4 146.6 363.0 153.6 354.6 144.2
v-19__0.5__2040___816 0.215006202459 272.7 585.0 281.0 588.8 276.1 603.6 267.8 599.7
v-19__0.5__2040___816 0.199329376221 22.5 498.3 22.5 508.4 6.2 508.4 6.2 498.3
v-19__0.5__2040___816 0.187994897366 540.9 73.8 545.3 83.8 528.3 89.8 524.0 79.9
v-19__0.5__2040___816 0.171890109777 95.2 117.4 95.2 135.3 83.8 135.3 83.8 117.4
v-19__0.5__2040___816 0.127849906683 31.3 286.6 31.3 300.7 13.1 300.7 13.1 286.6
v-19__0.5__2040___816 0.120948575437 236.7 17.3 247.0 27.2 238.3 35.6 228.0 25.7
v-19__0.5__2040___816 0.119607582688 552.4 407.3 552.4 418.9 538.3 418.9 538.3 407.3
v-19__0.5__2040___816 0.110563866794 31.0 65.7 31.0 83.8 21.3 83.8 21.3 65.7
v-19__0.5__2040___816 0.107697241008 204.3 267.7 205.2 275.2 182.4 279.6 181.5 272.2
v-19__0.5__2040___816 0.106374770403 41.3 349.4 56.7 354.5 51.0 366.9 35.6 361.7
v-19__0.5__2040___816 0.103282131255 414.2 157.1 418.0 169.8 398.3 174.9 394.5 162.2
v-19__0.5__2448___816 0.293090254068 132.5 72.6 137.7 83.5 120.5 90.5 115.4 79.6
v-19__0.5__2448___816 0.292724788189 129.6 89.6 133.0 100.8 114.9 105.8 111.5 94.7
v-19__0.5__2448___816 0.265621662140 447.1 268.6 456.8 275.4 446.5 290.4 436.8 283.6
v-19__0.5__2448___816 0.262999176979 426.7 257.2 435.4 265.5 426.4 274.9 417.8 266.6
v-19__0.5__2448___816 0.241000592709 429.1 231.1 437.2 243.0 424.8 252.3 416.7 240.4
v-19__0.5__2448___816 0.222091794014 222.4 529.8 222.4 548.0 204.2 548.0 204.2 529.8
v-19__0.5__2448___816 0.188510671258 537.6 278.3 537.6 294.8 523.1 294.8 523.1 278.3
v-19__0.5__2448___816 0.185692325234 245.2 52.5 258.6 76.5 221.8 96.4 208.4 72.4
v-19__0.5__2448___816 0.173239395022 5.1 148.5 10.9 161.4 0.3 167.0 -5.6 154.1
v-19__0.5__2448___816 0.167203664780 222.9 483.8 222.9 496.1 203.0 496.1 203.0 483.8
v-19__0.5__2448___816 0.146705135703 113.7 173.9 120.2 192.0 106.5 197.4 100.0 179.4
v-19__0.5__2448___816 0.146492734551 144.2 407.4 144.2 418.8 130.6 418.8 130.6 407.4
v-19__0.5__2448___816 0.139711827040 172.9 80.3 176.7 94.1 159.0 99.5 155.2 85.7
v-19__0.5__2448___816 0.135816022754 496.4 345.2 496.4 362.6 477.2 362.6 477.2 345.2
v-19__0.5__2448___816 0.127486333251 15.5 172.4 22.3 192.5 3.8 199.7 -2.9 179.7
v-19__0.5__2448___816 0.120120756328 206.0 500.8 206.0 519.0 197.2 519.0 197.2 500.8
v-19__0.5__2448___816 0.117330633104 414.6 241.7 419.6 248.3 405.3 258.9 400.3 252.4
v-19__0.5__2448___816 0.106482900679 453.4 320.8 466.0 328.5 455.3 345.6 442.7 337.8
v-19__0.5__2448___1224 0.274963706732 218.4 516.7 218.4 526.4 200.6 526.4 200.6 516.7
v-19__0.5__2448___1224 0.243506833911 222.4 121.9 222.4 139.9 204.2 139.9 204.2 121.9
v-19__0.5__2448___1224 0.164944112301 223.0 75.5 223.0 88.2 203.2 88.2 203.2 75.5
v-19__0.5__2448___1224 0.104379750788 147.4 447.5 152.9 454.3 144.6 461.2 139.1 454.4
v-19__0.5__2856___816 0.394151508808 20.8 229.1 30.7 243.5 16.5 254.0 6.7 239.6
v-19__0.5__2856___816 0.389767408371 19.0 255.6 28.1 267.0 17.9 275.8 8.8 264.4
v-19__0.5__2856___816 0.351097851992 17.0 324.4 31.2 339.4 18.7 351.8 4.5 336.7
v-19__0.5__2856___816 0.342533260584 38.5 267.6 50.0 275.7 39.2 290.9 27.7 282.9
v-19__0.5__2856___816 0.197154760361 47.1 320.8 58.1 329.5 45.3 345.8 34.2 337.1
v-19__0.5__2856___816 0.167066320777 7.2 240.0 14.7 251.9 5.2 258.4 -2.3 246.5
v-19__0.5__2856___816 0.162060394883 497.3 311.5 497.3 323.5 475.8 323.5 475.8 311.5
v-19__0.5__2856___816 0.142841488123 154.9 557.0 163.3 564.2 154.8 574.2 146.4 567.0
v-19__0.5__2856___816 0.142250299454 130.3 278.0 130.3 295.2 114.8 295.2 114.8 278.0
v-19__0.5__2856___816 0.139002069831 117.0 570.5 123.2 579.8 111.7 587.1 105.5 577.8
v-19__0.5__2856___816 0.138070836663 145.9 233.6 145.9 252.4 130.5 252.4 130.5 233.6
v-19__0.5__2856___816 0.105724819005 87.7 346.1 87.7 361.6 69.5 361.6 69.5 346.1
v-19__0.5__2856___1224 0.409757465124 264.6 200.8 281.9 208.8 275.8 220.1 258.4 212.1
v-19__0.5__2856___1224 0.348464787006 334.6 228.6 344.4 239.3 334.2 247.8 324.4 237.1
v-19__0.5__2856___1224 0.167392492294 233.5 185.1 233.5 202.5 218.7 202.5 218.7 185.1
v-19__0.5__2856___1224 0.156648039818 223.4 560.9 235.2 563.8 229.8 585.6 218.1 582.6
v-19__0.5__2856___1224 0.142983943224 554.5 23.6 554.5 36.0 538.2 36.0 538.2 23.6
v-19__0.5__2856___1224 0.117409966886 92.7 138.3 112.2 153.1 104.7 162.0 85.2 147.2
v-19__0.5__2856___1224 0.111579485238 138.2 99.3 157.9 104.6 154.0 113.3 134.2 108.0
v-19__0.5__2856___1224 0.110231563449 487.5 3.8 487.5 17.2 468.9 17.2 468.9 3.8
v-19__0.5__3264___2040 0.324540317059 269.8 426.6 281.7 431.8 277.2 440.6 265.3 435.4
v-19__0.5__3488___2040 0.355105042458 46.1 426.5 57.5 431.5 52.9 440.7 41.4 435.7
v-19__0.5__3488___2040 0.174073964357 402.7 428.1 402.7 439.8 385.9 439.8 385.9 428.1
v-19__0.5__3488___2040 0.103671297431 440.4 434.6 440.4 456.9 427.8 456.9 427.8 434.6
v-1__1__1440___0 0.111543089151 533.8 273.5 533.8 297.2 517.6 297.2 517.6 273.5
v-1__1__1440___1440 0.172024756670 507.5 374.6 509.2 382.3 489.7 388.9 488.0 381.3
v-1__1__1440___1440 0.101079538465 390.4 489.4 390.4 506.1 374.1 506.1 374.1 489.4
v-2__1__1440___408 0.259211719036 605.9 359.6 605.9 388.3 575.0 388.3 575.0 359.6
v-3__1__0___408 0.246414497495 483.3 590.4 488.2 601.9 473.4 608.1 468.5 596.6
v-3__1__0___408 0.109209656715 595.4 534.6 595.4 549.7 576.9 549.7 576.9 534.6
v-3__1__408___408 0.260198444128 571.5 217.9 573.9 227.4 554.1 233.7 551.7 224.3
v-3__1__408___408 0.247510850430 75.1 590.4 80.0 601.9 65.6 607.9 60.7 596.4
v-3__1__1224___1440 0.114936284721 67.1 204.6 67.1 224.3 55.1 224.3 55.1 204.6
v-4__1__408___408 0.149228274822 425.3 321.8 430.6 330.8 417.8 338.5 412.5 329.4
v-4__1__816___408 0.266926676035 372.3 547.2 378.8 565.7 369.5 569.1 363.0 550.6
v-4__1__816___408 0.212475553155 392.7 541.1 398.7 555.1 388.5 559.7 382.5 545.7
v-4__1__816___408 0.200843304396 19.7 320.5 25.0 331.2 7.7 340.0 2.5 329.3
v-4__1__816___408 0.194135233760 388.7 528.4 394.8 538.9 376.5 548.5 370.5 538.0
v-4__1__816___408 0.164994224906 452.4 198.0 456.1 209.4 440.5 216.0 436.8 204.6
v-4__1__816___408 0.150190100074 365.1 510.9 371.4 524.9 353.2 532.7 347.0 518.7
v-4__1__816___408 0.123326294124 437.2 481.6 443.2 494.2 422.9 505.4 416.9 492.7
v-4__1__816___816 0.162785500288 201.1 43.1 203.8 52.7 186.3 57.7 183.6 48.1
v-4__1__816___816 0.137215405703 441.4 70.2 448.1 83.9 425.0 94.8 418.3 81.1
v-4__1__816___816 0.133709684014 195.4 33.1 200.3 44.6 184.7 49.5 179.8 38.0
v-4__1__816___816 0.133004128933 233.0 308.7 239.4 321.5 228.1 326.7 221.7 313.8
v-4__1__816___816 0.124389648438 583.1 508.8 587.5 520.1 572.6 526.4 568.2 515.1
v-4__1__816___816 0.123651020229 166.6 157.6 171.3 167.5 151.4 176.0 146.8 166.1
v-4__1__816___816 0.123194307089 185.5 218.0 191.0 227.8 179.9 234.1 174.4 224.3
v-4__1__816___816 0.114035770297 392.7 133.2 398.0 147.3 388.3 151.6 383.0 137.6
v-4__1__816___816 0.111347012222 455.5 208.6 462.4 221.8 452.4 226.9 445.4 213.6
v-4__1__816___816 0.106972284615 145.8 180.3 155.1 189.8 145.9 201.0 136.6 191.4
v-4__1__816___816 0.105771593750 388.9 121.0 394.5 131.0 376.3 140.2 370.8 130.2
v-4__1__816___1224 0.220616057515 601.2 314.4 607.2 326.4 586.6 336.2 580.6 324.3
v-4__1__816___1224 0.162342667580 542.5 213.8 548.0 222.4 535.7 229.0 530.1 220.5
v-4__1__816___1224 0.110267974436 583.1 100.4 588.0 112.5 572.9 118.9 568.0 106.8
v-4__1__816___1440 0.132217705250 601.2 97.5 608.1 110.7 586.6 121.2 579.6 107.9
v-4__1__1224___1224 0.126852437854 134.8 213.7 139.9 222.2 127.2 229.3 122.0 220.8
v-4__1__1224___1440 0.161904886365 354.1 366.6 358.7 373.9 346.9 381.4 342.3 374.1
v-4__1__1224___1440 0.106435537338 384.8 25.2 389.2 32.7 372.6 41.6 368.2 34.1
v-4__1__1440___408 0.219241872430 320.1 353.8 331.3 371.1 322.2 376.4 311.1 359.1
v-4__1__1440___408 0.173544287682 380.3 530.5 384.1 538.4 368.9 546.7 365.0 538.8
v-4__1__1440___408 0.155201122165 174.3 240.3 182.5 252.6 173.3 259.9 165.1 247.7
v-4__1__1440___408 0.151208028197 169.4 234.6 174.6 242.1 162.8 250.4 157.6 243.0
v-4__1__1440___1224 0.109022490680 448.0 376.8 455.2 386.5 443.9 395.7 436.6 386.0
v-5__1__0___1224 0.199815064669 520.6 360.6 527.6 373.1 491.1 395.4 484.1 382.9
v-7__1__0___408 0.102294988930 300.6 192.2 300.6 203.5 281.0 203.5 281.0 192.2
v-7__1__0___816 0.114616379142 604.7 420.6 607.6 435.0 584.0 439.9 581.1 425.4
v-7__1__0___1440 0.131803348660 555.5 375.5 555.5 388.1 537.8 388.1 537.8 375.5
v-7__1__408___0 0.102574884892 208.1 573.0 208.1 589.0 196.1 589.0 196.1 573.0
v-7__1__816___408 0.132742881775 246.9 297.2 250.1 310.5 228.5 314.5 225.3 301.2
v-7__1__816___1440 0.194403588772 602.7 330.4 602.7 346.3 577.1 346.3 577.1 330.4
v-7__1__816___1440 0.105492793024 319.4 225.7 319.4 242.4 291.5 242.4 291.5 225.7
v-10__1__0___2040 0.225293353200 441.1 587.9 441.1 607.6 427.4 607.6 427.4 587.9
v-10__1__0___2040 0.176765665412 94.5 551.3 94.5 564.9 70.3 564.9 70.3 551.3
v-10__1__0___2040 0.153138026595 11.3 582.4 11.3 605.8 1.5 605.8 1.5 582.4
v-10__1__0___2040 0.142636239529 210.5 554.4 210.5 586.1 192.8 586.1 192.8 554.4
v-10__1__0___2856 0.381845563650 175.3 39.4 175.3 69.8 132.7 69.8 132.7 39.4
v-10__1__0___2856 0.116631478071 10.0 20.1 18.9 59.2 4.1 63.7 -4.8 24.6
v-10__1__0___2856 0.112825736403 141.5 175.0 141.5 196.6 129.3 196.6 129.3 175.0
v-10__1__0___4896 0.118387810886 174.0 479.8 174.0 517.0 157.2 517.0 157.2 479.8
v-10__1__408___0 0.149874478579 281.4 459.8 286.2 494.4 266.5 496.8 261.7 462.2
v-10__1__408___0 0.137897029519 200.2 346.5 200.2 360.7 172.0 360.7 172.0 346.5
v-10__1__408___408 0.222433552146 285.8 51.7 285.8 88.3 262.0 88.3 262.0 51.7
v-10__1__408___1224 0.173302412033 121.7 491.7 121.7 512.2 104.5 512.2 104.5 491.7
v-10__1__408___2040 0.373387187719 536.4 187.5 553.7 190.2 546.0 239.9 528.8 237.3
v-10__1__408___2040 0.206103682518 32.6 588.1 32.6 607.0 19.3 607.0 19.3 588.1
v-10__1__816___408 0.108649477363 508.3 514.2 508.3 529.8 496.7 529.8 496.7 514.2
v-10__1__816___1224 0.291549205780 32.3 201.1 32.3 218.9 11.7 218.9 11.7 201.1
v-10__1__816___1224 0.257654815912 572.1 529.6 572.1 555.1 558.5 555.1 558.5 529.6
v-10__1__816___1224 0.113770224154 49.7 350.8 49.7 389.3 26.6 389.3 26.6 350.8
v-10__1__2448___0 0.256646782160 563.9 507.2 580.6 514.5 577.0 522.3 560.3 515.0
v-10__1__2856___0 0.145952239633 156.2 507.4 172.4 514.5 168.8 522.2 152.6 515.1
v-10__1__2856___2448 0.130710929632 11.3 -0.4 11.3 21.6 2.5 21.6 2.5 -0.4
v-10__1__2856___2856 0.147562757134 518.7 360.6 518.7 378.7 508.7 378.7 508.7 360.6
v-10__1__3264___2856 0.370666325092 238.0 400.5 238.0 413.3 212.3 413.3 212.3 400.5
v-10__1__3264___2856 0.230704203248 347.4 150.4 355.6 161.6 338.3 174.0 330.0 162.8
v-10__1__3264___2856 0.116379261017 110.0 360.7 110.0 378.7 101.3 378.7 101.3 360.7
v-10__1__3264___2856 0.110840342939 521.4 114.9 521.4 136.5 498.9 136.5 498.9 114.9
v-10__1__4080___2040 0.280680626631 276.3 151.1 285.2 165.7 262.6 173.9 253.8 159.3
v-10__1__4080___2040 0.208046123385 229.9 481.5 232.7 495.7 214.0 499.9 211.2 485.6
v-10__1__4080___2040 0.125260129571 133.5 425.8 149.0 435.4 143.4 442.9 127.9 433.2
v-10__1__4080___2040 0.104046806693 262.5 380.1 278.9 390.7 269.0 402.0 252.6 391.4
v-10__1__4488___816 0.102708958089 498.7 220.2 514.0 244.4 489.4 257.5 474.2 233.3
v-10__1__4488___1224 0.462151408195 19.9 311.9 24.9 335.8 1.2 340.7 -3.8 316.9
v-10__1__4488___2040 0.200895056129 583.9 359.0 583.9 380.0 570.9 380.0 570.9 359.0
v-10__1__4896___816 0.250122159719 516.2 400.6 516.2 411.8 496.8 411.8 496.8 400.6
v-10__1__4896___816 0.203265026212 95.5 223.4 107.0 249.1 76.2 260.2 64.7 234.5
v-10__1__4896___1224 0.114278040826 237.9 573.0 237.9 585.5 214.8 585.5 214.8 573.0
v-11__1__408___0 0.126857712865 60.5 34.3 60.5 56.1 49.1 56.1 49.1 34.3
v-11__1__408___0 0.114605419338 316.9 316.1 316.9 336.7 303.8 336.7 303.8 316.1
v-11__1__408___0 0.110621653497 462.7 138.8 462.7 151.9 446.6 151.9 446.6 138.8
v-11__1__408___408 0.189180299640 443.6 227.8 443.6 248.7 425.0 248.7 425.0 227.8
v-11__1__816___0 0.251685231924 54.4 138.6 54.4 151.9 38.9 151.9 38.9 138.6
v-11__1__1224___1224 0.120610088110 462.3 578.6 464.4 587.0 444.7 593.5 442.6 585.1
v-11__1__1224___1440 0.133133634925 462.6 362.6 464.5 371.2 444.5 377.5 442.6 368.8
v-11__1__1440___1440 0.119295209646 246.3 362.6 248.3 371.4 228.6 377.7 226.6 368.9
v-11__1__1440___1440 0.113092765212 556.1 345.9 559.5 358.6 536.9 364.7 533.5 352.1
v-12__1__408___408 0.337842255831 222.6 102.4 222.6 125.4 188.4 125.4 188.4 102.4
v-12__1__408___408 0.300558984280 105.3 284.8 105.3 303.8 90.4 303.8 90.4 284.8
v-12__1__408___408 0.279540061951 290.3 295.8 290.3 307.8 272.8 307.8 272.8 295.8
v-12__1__408___408 0.274579316378 367.3 524.6 367.3 534.6 349.1 534.6 349.1 524.6
v-12__1__408___408 0.274048864841 296.3 145.7 296.3 162.6 284.5 162.6 284.5 145.7
v-12__1__408___408 0.265648633242 189.5 55.6 189.5 77.0 176.6 77.0 176.6 55.6
v-12__1__408___408 0.232182741165 174.1 354.7 174.1 371.1 157.9 371.1 157.9 354.7
v-12__1__408___408 0.231975346804 111.9 508.5 111.9 520.5 90.9 520.5 90.9 508.5
v-12__1__408___408 0.220819965005 535.6 292.6 535.6 304.1 514.2 304.1 514.2 292.6
v-12__1__408___408 0.184244826436 398.8 151.9 398.8 163.4 374.4 163.4 374.4 151.9
v-12__1__408___408 0.172281667590 27.2 17.3 27.2 41.3 10.5 41.3 10.5 17.3
v-12__1__408___408 0.168573677540 243.6 144.0 243.6 158.2 215.4 158.2 215.4 144.0
v-12__1__408___408 0.164621740580 422.6 259.2 422.6 279.9 412.4 279.9 412.4 259.2
v-12__1__408___408 0.147635385394 354.1 21.4 354.1 30.9 337.2 30.9 337.2 21.4
v-12__1__408___408 0.120031036437 29.3 6.8 29.3 20.9 7.3 20.9 7.3 6.8
v-12__1__408___816 0.333589851856 189.4 343.5 189.4 355.2 165.9 355.2 165.9 343.5
v-12__1__408___816 0.293652296066 367.0 112.6 367.0 124.2 349.8 124.2 349.8 112.6
v-12__1__408___816 0.269825279713 230.7 347.9 230.7 359.3 206.6 359.3 206.6 347.9
v-12__1__408___816 0.205464333296 257.4 203.9 257.4 215.6 234.1 215.6 234.1 203.9
v-12__1__408___816 0.181936234236 258.1 232.8 258.1 253.0 243.3 253.0 243.3 232.8
v-12__1__408___816 0.164084568620 111.9 100.4 111.9 112.3 90.9 112.3 90.9 100.4
v-12__1__408___816 0.160493478179 26.0 563.6 26.0 575.4 3.2 575.4 3.2 563.6
v-12__1__816___408 0.434996128082 329.7 250.7 329.7 266.9 307.5 266.9 307.5 250.7
v-12__1__816___408 0.390324234962 445.2 292.4 445.2 312.5 433.3 312.5 433.3 292.4
v-12__1__816___408 0.309869110584 312.1 538.8 312.1 552.1 290.6 552.1 290.6 538.8
v-12__1__816___408 0.263359010220 366.7 539.4 366.7 554.5 348.8 554.5 348.8 539.4
v-12__1__816___408 0.243824377656 127.8 292.5 127.8 303.9 106.1 303.9 106.1 292.5
v-12__1__816___408 0.215227738023 414.3 245.7 414.3 264.0 398.3 264.0 398.3 245.7
v-12__1__816___408 0.182544589043 14.9 259.0 14.9 279.8 4.3 279.8 4.3 259.0
v-12__1__816___408 0.173806488514 456.7 332.1 456.7 352.2 441.7 352.2 441.7 332.1
v-12__1__816___408 0.170793250203 270.6 4.9 270.6 17.5 252.7 17.5 252.7 4.9
v-12__1__816___408 0.127543359995 253.1 419.4 253.1 432.0 231.3 432.0 231.3 419.4
v-12__1__816___816 0.262141138315 548.9 256.9 558.0 271.0 549.7 277.2 540.7 263.1
v-12__1__816___816 0.229860916734 312.5 130.6 312.5 144.5 290.4 144.5 290.4 130.6
v-12__1__816___816 0.214832440019 366.4 131.5 366.4 146.2 349.2 146.2 349.2 131.5
v-12__1__816___816 0.164550542831 252.4 11.6 252.4 24.1 232.2 24.1 232.2 11.6
v-12__1__816___816 0.126312747598 294.7 8.9 294.7 21.2 278.1 21.2 278.1 8.9
v-12__1__816___816 0.114813670516 265.4 587.3 265.4 609.0 233.8 609.0 233.8 587.3
v-12__1__816___1224 0.178198412061 334.5 268.4 334.5 281.3 310.5 281.3 310.5 268.4
v-12__1__1224___816 0.196583807468 139.6 258.3 150.8 274.1 143.4 279.7 132.1 263.8
v-12__1__1224___816 0.125246971846 54.0 269.1 54.0 279.6 38.6 279.6 38.6 269.1
v-15__1__408___816 0.233995974064 435.6 22.3 435.6 53.0 416.0 53.0 416.0 22.3
v-15__1__408___816 0.129630222917 423.0 46.1 423.0 69.4 388.2 69.4 388.2 46.1
v-15__1__816___408 0.116393424571 25.2 430.7 25.2 454.7 10.2 454.7 10.2 430.7
v-15__1__816___816 0.321319580078 25.1 23.4 25.1 46.2 10.6 46.2 10.6 23.4
v-15__1__816___816 0.272053509951 358.7 282.8 383.1 295.7 373.6 312.2 349.2 299.3
v-15__1__816___816 0.221600472927 413.6 309.3 431.1 320.5 421.6 335.1 404.1 323.9
v-15__1__816___816 0.129406407475 13.4 46.9 13.4 69.0 -0.9 69.0 -0.9 46.9
v-16__1__1440___1440 0.146039247513 159.3 461.2 159.3 485.2 142.7 485.2 142.7 461.2
v-17__1__0___0 0.160181924701 4.2 550.1 10.4 566.5 0.9 572.7 -5.4 556.3
v-17__1__0___816 0.229188770056 524.1 583.7 524.1 605.1 512.8 605.1 512.8 583.7
v-17__1__0___816 0.183264806867 308.6 587.7 308.6 599.5 287.5 599.5 287.5 587.7
v-17__1__0___1224 0.373179465532 524.0 175.1 524.0 197.8 512.7 197.8 512.7 175.1
v-17__1__408___0 0.279839366674 533.5 71.1 533.5 93.3 519.9 93.3 519.9 71.1
v-19__1__0___6528 0.189237132668 501.2 55.6 501.2 76.0 486.9 76.0 486.9 55.6
v-19__1__408___4488 0.407091349363 423.9 56.9 432.3 67.2 412.0 83.7 403.6 73.5
v-19__1__408___4488 0.284416288137 226.8 224.6 235.9 237.1 216.1 250.6 207.0 238.1
v-19__1__408___4488 0.230861663818 368.1 75.7 378.8 85.1 364.2 103.5 353.5 94.1
v-19__1__408___4488 0.101347006857 352.0 522.0 355.5 532.3 340.7 537.4 337.2 527.1
v-19__1__408___4896 0.159712895751 352.5 110.0 356.0 122.6 339.9 127.5 336.4 114.8
v-19__1__816___4488 0.397107154131 16.0 57.8 23.8 67.1 5.6 82.1 -2.1 72.7
v-19__1__816___6120 0.151416674256 241.3 321.3 248.8 340.1 233.7 346.4 226.2 327.6
v-19__1__816___6528 0.134610906243 238.0 496.9 250.2 507.1 237.7 522.2 225.5 512.1
v-19__1__816___6528 0.114715769887 432.5 378.9 441.9 390.6 427.9 400.6 418.5 388.9
v-19__1__1224___1632 0.310364484787 174.7 6.7 200.8 13.1 196.1 28.2 170.1 21.9
v-19__1__1224___1632 0.228280872107 187.9 587.7 196.2 599.3 185.3 608.8 177.0 597.3
v-19__1__1224___1632 0.162468194962 62.7 464.8 62.7 483.3 46.0 483.3 46.0 464.8
v-19__1__1224___4488 0.114701911807 524.7 200.7 541.5 208.4 535.8 220.4 519.0 212.6
v-19__1__1224___6120 0.124922320247 449.5 -5.5 475.5 37.8 442.4 56.5 416.4 13.2
v-19__1__1224___6528 0.112037934363 25.3 378.5 34.2 390.6 19.2 400.9 10.3 388.7
v-19__1__1632___816 0.242428049445 60.5 148.6 65.1 161.2 48.6 167.7 44.0 155.0
v-19__1__1632___816 0.150904595852 59.2 4.3 67.7 14.8 56.4 23.1 47.9 12.6
v-19__1__1632___816 0.142813369632 161.1 147.6 168.4 160.2 154.1 167.9 146.8 155.3
v-19__1__1632___1632 0.253970324993 512.5 156.3 512.5 177.0 500.0 177.0 500.0 156.3
v-19__1__1632___1632 0.139366894960 409.3 74.1 409.3 89.6 394.7 89.6 394.7 74.1
v-19__1__1632___1632 0.102564476430 430.1 444.5 430.1 463.3 414.4 463.3 414.4 444.5
v-19__1__1632___6120 0.104333966970 42.6 -6.4 68.2 38.3 33.5 57.2 7.9 12.5
v-19__1__2040___3672 0.225116014481 453.7 292.0 463.8 303.4 453.5 312.2 443.4 300.8
v-19__1__2040___3672 0.155539482832 348.4 487.4 364.2 499.1 358.2 507.1 342.5 495.3
v-19__1__2040___3672 0.118878751993 497.4 574.4 507.9 586.9 498.8 595.8 488.3 583.3
v-19__1__2040___5304 0.149177998304 508.1 65.4 515.0 71.3 503.8 83.8 496.9 78.0
v-19__1__2448___3672 0.218541756272 46.0 292.1 55.7 303.8 45.3 312.0 35.7 300.3
v-19__1__2448___3672 0.179014056921 90.0 571.8 99.7 582.3 89.9 593.3 80.2 582.8
v-19__1__2856___408 0.221593469381 503.8 561.0 508.7 572.0 491.2 579.9 486.2 568.9
v-19__1__2856___408 0.199627295136 411.2 312.5 415.4 326.8 400.1 330.9 395.8 316.7
v-19__1__2856___2448 0.166717946529 442.6 523.1 442.6 546.0 430.9 546.0 430.9 523.1
v-19__1__3264___4080 0.185010373592 238.6 292.4 248.1 298.1 236.4 318.4 226.8 312.7
v-19__1__3264___4080 0.108301743865 124.2 547.2 135.5 551.5 128.0 569.5 116.7 565.2
v-19__1__4080___408 0.167908951640 42.0 548.0 46.2 561.3 27.5 567.0 23.3 553.8
v-19__1__4080___408 0.157098248601 63.4 489.2 67.4 510.6 52.4 513.7 48.3 492.4
v-19__1__4080___408 0.126858755946 30.1 535.5 34.9 549.4 13.5 556.4 8.7 542.5
v-19__1__4080___816 0.168494611979 539.0 134.1 539.0 157.5 522.8 157.5 522.8 134.1
v-19__1__4080___816 0.135862737894 529.7 1.0 529.7 25.8 515.3 25.8 515.3 1.0
v-19__1__4488___408 0.268754512072 393.7 100.8 393.7 119.5 378.5 119.5 378.5 100.8
v-19__1__4488___408 0.201304346323 273.4 584.2 279.8 606.5 260.1 611.3 253.7 589.0
v-19__1__4488___408 0.147323146462 358.4 546.9 371.0 564.5 341.2 584.9 328.6 567.3
v-19__1__4488___408 0.100363321602 385.7 40.3 385.7 60.5 371.8 60.5 371.8 40.3
v-19__1__4488___816 0.249654829502 361.8 196.8 365.8 215.3 330.5 223.1 326.4 204.6
v-19__1__4488___816 0.188511908054 131.0 133.7 131.0 157.7 115.2 157.7 115.2 133.7
v-19__1__4488___816 0.107251256704 273.3 175.0 280.8 200.2 265.1 204.9 257.5 179.8
v-19__1__4488___816 0.101184725761 358.7 140.6 369.5 155.6 340.8 175.1 330.1 160.1
v-19__1__5304___2040 0.370613902807 440.0 104.9 455.8 118.2 444.8 130.2 429.0 116.9
v-19__1__5304___2040 0.249577820301 487.9 136.2 500.5 143.3 484.2 170.9 471.6 163.9
v-19__1__5304___2040 0.177910253406 423.7 74.4 434.0 85.3 419.4 98.3 409.1 87.4
v-19__1__5304___2040 0.109865628183 446.5 59.8 462.9 84.4 446.0 96.2 429.6 71.5
v-19__1__5304___2448 0.116102032363 595.3 293.0 610.3 309.0 601.4 318.1 586.4 302.1
v-19__1__5304___2448 0.107554025948 585.2 207.0 608.7 218.7 602.6 230.7 579.1 219.0
v-19__1__5304___2448 0.106945335865 7.4 240.9 38.1 248.6 29.2 283.6 -1.6 275.9
v-19__1__5712___2040 0.398518145084 34.5 103.0 53.6 119.1 40.4 132.5 21.3 116.4
v-19__1__5712___2040 0.296200603247 15.4 73.9 26.1 86.2 11.8 99.1 1.0 86.7
v-19__1__5712___2040 0.157384425402 80.6 136.7 92.3 143.4 75.3 170.4 63.7 163.7
v-19__1__5712___2040 0.135773003101 151.4 288.4 176.3 294.4 171.5 309.5 146.7 303.5
v-19__1__5712___2040 0.115294650197 255.6 361.8 269.7 365.7 261.5 393.9 247.4 390.0
v-19__1__5712___2448 0.244740441442 278.3 199.6 316.9 214.0 310.5 229.6 271.9 215.2
v-19__1__5712___2448 0.155528917909 459.2 370.8 459.2 393.3 440.8 393.3 440.8 370.8
v-19__1__5712___2448 0.143634125590 177.2 207.8 200.3 218.9 195.0 229.6 171.9 218.6
v-19__1__5712___2448 0.135770708323 537.1 413.4 561.3 424.0 555.3 438.0 531.1 427.3
v-19__1__5712___2448 0.114108219743 159.6 230.4 179.2 241.3 172.7 253.3 153.1 242.5
v-19__1__7584___3672 0.204773783684 381.0 425.8 381.0 443.2 366.2 443.2 366.2 425.8
v-19__1__7584___4080 0.107844248414 370.1 17.9 380.6 21.0 377.2 34.6 366.7 31.5
v-20__1__0___0 0.517791569233 380.0 487.8 398.8 498.6 392.1 509.4 373.3 498.5
v-20__1__0___0 0.503720343113 534.2 392.8 558.8 402.7 550.2 425.6 525.6 415.7
v-20__1__0___0 0.483516216278 39.7 156.2 39.7 182.9 -2.6 182.9 -2.6 156.2
v-20__1__408___816 0.433603703976 331.7 460.7 331.7 487.2 319.3 487.2 319.3 460.7
v-20__1__408___816 0.425291776657 250.2 419.4 250.2 441.5 236.8 441.5 236.8 419.4
v-20__1__408___816 0.331381648779 482.9 483.9 482.9 503.8 472.2 503.8 472.2 483.9
v-20__1__408___816 0.287342995405 99.8 419.9 99.8 439.4 88.1 439.4 88.1 419.9
v-20__1__408___816 0.275069564581 600.4 585.2 600.4 602.7 579.8 602.7 579.8 585.2
v-20__1__408___816 0.211707159877 259.3 1.1 259.3 19.2 242.3 19.2 242.3 1.1
v-20__1__408___816 0.188208013773 486.0 38.6 486.0 61.1 471.6 61.1 471.6 38.6
v-20__1__408___816 0.136799991131 112.4 292.0 112.4 305.2 93.0 305.2 93.0 292.0
v-20__1__408___816 0.136003866792 332.6 419.4 332.6 441.2 320.2 441.2 320.2 419.4
v-20__1__408___816 0.134437829256 17.4 412.5 17.4 432.2 1.9 432.2 1.9 412.5
v-20__1__408___816 0.122891165316 24.6 472.9 24.6 490.0 10.1 490.0 10.1 472.9
v-20__1__408___816 0.118128336966 335.7 125.8 335.7 141.0 323.9 141.0 323.9 125.8
v-20__1__408___816 0.111029259861 339.4 594.9 339.4 608.1 321.0 608.1 321.0 594.9
v-20__1__408___816 0.106304459274 483.6 206.4 483.6 227.8 472.1 227.8 472.1 206.4
v-20__1__408___1224 0.437043696642 331.1 53.2 331.1 78.6 319.8 78.6 319.8 53.2
v-20__1__408___1224 0.335611760616 249.9 12.7 249.9 32.3 237.4 32.3 237.4 12.7
v-20__1__408___1224 0.331934750080 249.6 411.2 249.6 434.3 235.4 434.3 235.4 411.2
v-20__1__408___1224 0.323526114225 335.6 442.0 335.6 456.9 318.2 456.9 318.2 442.0
v-20__1__408___1224 0.313240468502 99.9 12.3 99.9 31.0 88.3 31.0 88.3 12.3
v-20__1__408___1224 0.307495236397 482.9 76.2 482.9 95.4 472.1 95.4 472.1 76.2
v-20__1__408___1224 0.272554218769 17.3 4.3 17.3 24.6 2.2 24.6 2.2 4.3
v-20__1__408___1224 0.268402695656 474.3 594.3 474.3 609.6 457.6 609.6 457.6 594.3
v-20__1__408___1224 0.264917880297 247.1 253.3 247.1 271.3 235.3 271.3 235.3 253.3
v-20__1__408___1224 0.262308329344 600.0 283.0 600.0 295.8 579.9 295.8 579.9 283.0
v-20__1__408___1224 0.245324090123 599.3 182.2 599.3 196.7 580.5 196.7 580.5 182.2
v-20__1__408___1224 0.239708051085 327.3 395.7 327.3 416.5 315.6 416.5 315.6 395.7
v-20__1__408___1224 0.227755606174 479.9 278.7 479.9 293.5 459.3 293.5 459.3 278.7
v-20__1__408___1224 0.216969802976 477.8 5.4 477.8 23.2 461.3 23.2 461.3 5.4
v-20__1__408___1224 0.208979964256 339.2 189.5 339.2 206.3 322.3 206.3 322.3 189.5
v-20__1__408___1224 0.176407217979 23.0 65.3 23.0 81.6 6.9 81.6 6.9 65.3
v-20__1__408___1224 0.153805628419 329.1 470.7 329.1 491.8 317.6 491.8 317.6 470.7
v-20__1__408___1224 0.145505636930 333.3 11.8 333.3 32.5 319.9 32.5 319.9 11.8
v-20__1__408___1224 0.142535924911 248.2 54.5 248.2 76.7 236.1 76.7 236.1 54.5
v-20__1__408___1224 0.114826261997 486.6 231.2 486.6 253.2 469.4 253.2 469.4 231.2
v-20__1__408___1224 0.113468669355 233.9 594.6 233.9 610.1 209.0 610.1 209.0 594.6
v-20__1__408___1224 0.112939141691 16.8 508.5 16.8 528.0 2.4 528.0 2.4 508.5
v-20__1__408___1224 0.109978169203 337.5 305.1 337.5 323.7 325.5 323.7 325.5 305.1
