v-20__0.5__0___0 0.147739589214 592.0 484.5 599.3 495.5 589.2 501.7 581.9 490.8
v-20__0.5__0___0 0.124187424779 280.1 195.0 280.1 214.8 259.8 214.8 259.8 195.0
v-5__0.5__0___408 0.333659976721 446.8 355.9 452.1 371.1 434.9 377.6 429.6 362.4
v-5__0.5__0___408 0.103523403406 572.8 10.9 572.8 25.9 557.4 25.9 557.4 10.9
v-20__0.5__0___408 0.102962180972 598.5 78.8 598.5 94.3 582.4 94.3 582.4 78.8
v-5__0.5__0___416 0.273579329252 447.0 348.2 452.0 363.0 434.7 369.2 429.7 354.3
v-20__0.5__408___0 0.150404930115 184.3 485.0 192.3 494.1 183.8 501.8 175.7 492.7
v-20__0.5__416___0 0.106103308499 176.9 484.7 184.3 494.7 175.0 501.7 167.6 491.7
v-12__0.5__0___408 0.653161168098 540.8 278.4 540.8 294.2 525.2 294.2 525.2 278.4
v-12__0.5__0___408 0.579832792282 528.2 270.5 528.2 285.7 513.0 285.7 513.0 270.5
v-12__0.5__0___408 0.561999797821 596.6 266.5 596.6 281.5 581.5 281.5 581.5 266.5
v-12__0.5__0___408 0.539000034332 540.7 293.8 540.7 310.2 524.0 310.2 524.0 293.8
v-12__0.5__0___408 0.517821013927 513.1 305.7 513.1 322.1 495.2 322.1 495.2 305.7
v-12__0.5__0___408 0.512947559357 549.1 330.0 549.1 346.8 531.9 346.8 531.9 330.0
v-12__0.5__0___408 0.501355409622 484.7 346.5 484.7 363.0 467.1 363.0 467.1 346.5
v-12__0.5__0___408 0.497297435999 529.7 306.1 529.7 322.3 514.5 322.3 514.5 306.1
v-12__0.5__0___408 0.488667786121 586.8 295.8 586.8 310.3 570.6 310.3 570.6 295.8
v-12__0.5__0___408 0.476611107588 536.2 321.9 536.2 336.8 520.9 336.8 520.9 321.9
v-12__0.5__0___408 0.475931823254 570.2 290.3 570.2 306.5 553.9 306.5 553.9 290.3
v-12__0.5__0___408 0.450637698174 556.3 362.5 556.3 377.8 541.6 377.8 541.6 362.5
v-12__0.5__0___408 0.449120789766 484.6 303.7 484.6 318.6 467.2 318.6 467.2 303.7
v-12__0.5__0___408 0.447469830513 501.3 361.4 501.3 378.8 484.4 378.8 484.4 361.4
v-12__0.5__0___408 0.438557386398 581.2 311.3 581.2 325.0 565.7 325.0 565.7 311.3
v-12__0.5__0___408 0.427231729031 512.5 291.1 512.5 306.0 495.4 306.0 495.4 291.1
v-12__0.5__0___408 0.413399070501 564.8 306.8 564.8 322.6 548.4 322.6 548.4 306.8
v-12__0.5__0___408 0.412077665329 589.8 281.6 589.8 296.5 573.9 296.5 573.9 281.6
v-12__0.5__0___408 0.389039248228 580.5 251.5 580.5 266.1 565.6 266.1 565.6 251.5
v-12__0.5__0___408 0.388439536095 483.5 362.9 483.5 377.6 467.1 377.6 467.1 362.9
v-12__0.5__0___408 0.385450661182 537.6 359.3 537.6 376.4 520.9 376.4 520.9 359.3
v-12__0.5__0___408 0.374622613192 531.7 337.7 531.7 353.4 516.2 353.4 516.2 337.7
v-12__0.5__0___408 0.369764298201 484.4 274.3 484.4 289.0 467.4 289.0 467.4 274.3
v-12__0.5__0___408 0.356575846672 597.8 250.0 597.8 266.2 580.7 266.2 580.7 250.0
v-12__0.5__0___408 0.344035774469 518.9 336.7 518.9 356.5 498.2 356.5 498.2 336.7
v-12__0.5__0___408 0.330341994762 572.9 348.8 572.9 362.3 556.8 362.3 556.8 348.8
v-12__0.5__0___408 0.310444295406 512.2 275.5 512.2 290.0 495.8 290.0 495.8 275.5
v-12__0.5__0___408 0.307364165783 485.7 318.3 485.7 333.8 466.8 333.8 466.8 318.3
v-12__0.5__0___408 0.301040083170 485.1 287.0 485.1 302.7 466.3 302.7 466.3 287.0
v-12__0.5__0___408 0.287696927786 480.9 255.2 480.9 270.3 466.2 270.3 466.2 255.2
v-12__0.5__0___408 0.286655724049 544.6 347.1 544.6 361.7 530.7 361.7 530.7 347.1
v-12__0.5__0___408 0.272122383118 521.9 359.2 521.9 376.4 504.6 376.4 504.6 359.2
v-12__0.5__0___408 0.268488794565 531.8 248.2 531.8 260.9 518.0 260.9 518.0 248.2
v-12__0.5__0___408 0.209827557206 563.9 259.1 563.9 273.3 549.9 273.3 549.9 259.1
v-12__0.5__0___408 0.201796770096 575.3 324.4 575.3 338.6 558.3 338.6 558.3 324.4
v-12__0.5__0___408 0.191447958350 525.2 285.7 525.2 301.2 510.2 301.2 510.2 285.7
v-12__0.5__0___408 0.166947379708 552.6 250.4 552.6 264.9 536.9 264.9 536.9 250.4
v-12__0.5__0___408 0.153501316905 557.0 281.8 557.0 297.0 542.8 297.0 542.8 281.8
v-12__0.5__0___408 0.150408864021 581.7 237.7 581.7 252.8 566.3 252.8 566.3 237.7
v-12__0.5__0___408 0.149466797709 474.2 332.4 474.2 345.1 460.3 345.1 460.3 332.4
v-12__0.5__0___408 0.134080290794 544.0 307.2 544.0 321.3 530.7 321.3 530.7 307.2
v-12__0.5__0___408 0.119314037263 573.5 365.7 573.5 376.9 558.2 376.9 558.2 365.7
v-12__0.5__0___416 0.683813571930 541.2 269.9 541.2 286.4 524.9 286.4 524.9 269.9
v-12__0.5__0___416 0.619307398796 597.1 257.9 597.1 273.6 580.9 273.6 580.9 257.9
v-12__0.5__0___416 0.604597091675 528.4 262.4 528.4 277.9 513.0 277.9 513.0 262.4
v-12__0.5__0___416 0.558714210987 541.0 285.5 541.0 302.3 523.7 302.3 523.7 285.5
v-12__0.5__0___416 0.518818378448 512.9 298.0 512.9 313.8 495.5 313.8 495.5 298.0
v-12__0.5__0___416 0.518022775650 549.5 321.6 549.5 339.1 531.5 339.1 531.5 321.6
v-12__0.5__0___416 0.517227053642 484.9 338.5 484.9 355.0 467.0 355.0 467.0 338.5
v-12__0.5__0___416 0.507782518864 529.8 298.1 529.8 314.2 514.4 314.2 514.4 298.1
v-12__0.5__0___416 0.500241577625 536.5 313.7 536.5 329.1 520.6 329.1 520.6 313.7
v-12__0.5__0___416 0.495729386806 570.6 281.9 570.6 298.9 553.6 298.9 553.6 281.9
v-12__0.5__0___416 0.491624116898 587.5 286.7 587.5 303.0 570.0 303.0 570.0 286.7
v-12__0.5__0___416 0.471335947514 581.6 302.8 581.6 317.6 565.4 317.6 565.4 302.8
v-12__0.5__0___416 0.468831449747 501.3 353.4 501.3 370.7 484.5 370.7 484.5 353.4
v-12__0.5__0___416 0.464410156012 556.8 354.0 556.8 370.1 541.2 370.1 541.2 354.0
v-12__0.5__0___416 0.458992630243 513.5 310.9 513.5 327.6 495.2 327.6 495.2 310.9
v-12__0.5__0___416 0.450247555971 565.2 298.2 565.2 314.9 547.9 314.9 547.9 298.2
v-12__0.5__0___416 0.448122709990 484.6 295.7 484.6 310.4 467.3 310.4 467.3 295.7
v-12__0.5__0___416 0.445319443941 590.3 273.1 590.3 288.9 573.6 288.9 573.6 273.1
v-12__0.5__0___416 0.442929387093 537.6 353.4 537.6 370.2 520.8 370.2 520.8 353.4
v-12__0.5__0___416 0.442620426416 512.4 283.2 512.4 297.9 495.5 297.9 495.5 283.2
v-12__0.5__0___416 0.431102424860 581.0 242.7 581.0 258.3 565.2 258.3 565.2 242.7
v-12__0.5__0___416 0.427528768778 598.6 241.1 598.6 258.7 580.2 258.7 580.2 241.1
v-12__0.5__0___416 0.414772093296 531.7 329.6 531.7 345.4 516.2 345.4 516.2 329.6
v-12__0.5__0___416 0.396569222212 483.4 354.8 483.4 369.7 467.0 369.7 467.0 354.8
v-12__0.5__0___416 0.393395006657 484.2 266.4 484.2 281.0 467.4 281.0 467.4 266.4
v-12__0.5__0___416 0.333918660879 518.3 328.9 518.3 348.0 498.6 348.0 498.6 328.9
v-12__0.5__0___416 0.331131845713 483.2 249.3 483.2 264.6 467.9 264.6 467.9 249.3
v-12__0.5__0___416 0.331093817949 521.7 351.6 521.7 367.9 504.9 367.9 504.9 351.6
v-12__0.5__0___416 0.324910908937 532.6 239.1 532.6 253.9 517.0 253.9 517.0 239.1
v-12__0.5__0___416 0.318838268518 484.4 281.6 484.4 296.3 466.9 296.3 466.9 281.6
v-12__0.5__0___416 0.318096607924 485.8 310.0 485.8 326.1 466.7 326.1 466.7 310.0
v-12__0.5__0___416 0.316023617983 544.9 338.6 544.9 353.9 530.6 353.9 530.6 338.6
v-12__0.5__0___416 0.316007226706 512.5 267.2 512.5 282.2 495.6 282.2 495.6 267.2
v-12__0.5__0___416 0.311727255583 554.4 239.8 554.4 258.6 535.1 258.6 535.1 239.8
v-12__0.5__0___416 0.309606105089 573.2 340.6 573.2 354.2 556.6 354.2 556.6 340.6
v-12__0.5__0___416 0.290406763554 564.7 250.0 564.7 266.0 549.1 266.0 549.1 250.0
v-12__0.5__0___416 0.209798738360 575.5 315.9 575.5 330.9 558.0 330.9 558.0 315.9
v-12__0.5__0___416 0.204246744514 544.4 298.9 544.4 313.4 530.4 313.4 530.4 298.9
v-12__0.5__0___416 0.188728362322 524.9 278.0 524.9 292.8 510.5 292.8 510.5 278.0
v-12__0.5__0___416 0.166843444109 557.1 273.4 557.1 289.5 542.1 289.5 542.1 273.4
v-12__0.5__0___416 0.156111150980 582.4 229.1 582.4 245.1 565.5 245.1 565.5 229.1
v-12__0.5__0___416 0.148745551705 573.3 357.3 573.3 368.9 558.2 368.9 558.2 357.3
v-12__0.5__0___416 0.130724787712 495.0 238.5 495.0 252.9 480.9 252.9 480.9 238.5
v-12__0.5__0___416 0.102046914399 466.3 250.6 466.3 264.9 452.6 264.9 452.6 250.6
v-12__0.5__0___416 0.100988291204 517.3 238.9 517.3 252.7 500.4 252.7 500.4 238.9
v-9__0.5__0___408 0.169077724218 241.7 243.5 241.7 262.0 223.8 262.0 223.8 243.5
v-9__0.5__0___408 0.125112727284 440.9 440.0 440.9 464.1 415.7 464.1 415.7 440.0
v-9__0.5__0___416 0.159024044871 440.4 432.6 440.4 455.5 416.1 455.5 416.1 432.6
v-9__0.5__0___416 0.129513159394 242.3 235.3 242.3 254.0 223.1 254.0 223.1 235.3
v-12__0.5__408___408 0.597922980785 139.9 330.8 139.9 346.7 123.1 346.7 123.1 330.8
v-12__0.5__408___408 0.586053848267 132.2 294.1 132.2 310.4 115.4 310.4 115.4 294.1
v-12__0.5__408___408 0.525700747967 123.2 337.4 123.2 353.7 107.2 353.7 107.2 337.4
v-12__0.5__408___408 0.521043419838 123.1 306.6 123.1 322.6 106.8 322.6 106.8 306.6
v-12__0.5__408___408 0.504764378071 132.9 277.7 132.9 294.3 116.7 294.3 116.7 277.7
v-12__0.5__408___408 0.502027809620 105.1 306.4 105.1 322.1 86.6 322.1 86.6 306.4
v-12__0.5__408___408 0.482570379972 75.8 274.0 75.8 289.0 59.1 289.0 59.1 274.0
v-12__0.5__408___408 0.478200584650 119.8 270.3 119.8 285.9 104.8 285.9 104.8 270.3
v-12__0.5__408___408 0.449741780758 76.1 346.5 76.1 362.5 58.9 362.5 58.9 346.5
v-12__0.5__408___408 0.446665883064 127.7 322.3 127.7 336.6 112.9 336.6 112.9 322.3
v-12__0.5__408___408 0.443369507790 180.7 295.0 180.7 311.4 163.0 311.4 163.0 295.0
v-12__0.5__408___408 0.432248473167 138.2 347.6 138.2 362.4 123.9 362.4 123.9 347.6
v-12__0.5__408___408 0.430243104696 164.7 288.8 164.7 307.3 145.5 307.3 145.5 288.8
v-12__0.5__408___408 0.427086859941 76.4 303.5 76.4 318.9 59.0 318.9 59.0 303.5
v-12__0.5__408___408 0.411928325891 104.2 291.9 104.2 305.9 86.5 305.9 86.5 291.9
v-12__0.5__408___408 0.400805920362 108.8 335.3 108.8 351.6 90.7 351.6 90.7 335.3
v-12__0.5__408___408 0.400389254093 104.9 319.4 104.9 335.5 86.6 335.5 86.6 319.4
v-12__0.5__408___408 0.397288322449 189.1 265.5 189.1 282.1 172.3 282.1 172.3 265.5
v-12__0.5__408___408 0.368252485991 129.2 361.7 129.2 378.2 111.5 378.2 111.5 361.7
v-12__0.5__408___408 0.368154048920 76.2 287.6 76.2 302.2 58.3 302.2 58.3 287.6
v-12__0.5__408___408 0.363630801439 148.3 362.1 148.3 378.4 132.7 378.4 132.7 362.1
v-12__0.5__408___408 0.363364636898 74.2 255.1 74.2 270.0 59.1 270.0 59.1 255.1
v-12__0.5__408___408 0.359431505203 165.4 348.1 165.4 363.5 148.3 363.5 148.3 348.1
v-12__0.5__408___408 0.359374910593 156.8 306.6 156.8 323.0 139.6 323.0 139.6 306.6
v-12__0.5__408___408 0.343310117722 182.3 280.6 182.3 297.3 164.9 297.3 164.9 280.6
v-12__0.5__408___408 0.337164521217 93.7 358.4 93.7 376.7 74.6 376.7 74.6 358.4
v-12__0.5__408___408 0.334853082895 86.2 246.1 86.2 261.1 71.0 261.1 71.0 246.1
v-12__0.5__408___408 0.322222948074 105.1 274.6 105.1 290.7 86.5 290.7 86.5 274.6
v-12__0.5__408___408 0.291248410940 74.7 364.3 74.7 377.2 59.1 377.2 59.1 364.3
v-12__0.5__408___408 0.290116041899 172.8 250.7 172.8 266.8 157.0 266.8 157.0 250.7
v-12__0.5__408___408 0.286373525858 190.6 248.8 190.6 267.3 171.2 267.3 171.2 248.8
v-12__0.5__408___408 0.279694616795 156.1 258.8 156.1 274.6 140.5 274.6 140.5 258.8
v-12__0.5__408___408 0.265029132366 76.9 318.7 76.9 333.4 58.9 333.4 58.9 318.7
v-12__0.5__408___408 0.252834111452 166.7 363.8 166.7 377.5 151.6 377.5 151.6 363.8
v-12__0.5__408___408 0.250182598829 173.5 310.7 173.5 325.7 156.2 325.7 156.2 310.7
v-12__0.5__408___408 0.238778814673 145.6 248.8 145.6 266.2 127.4 266.2 127.4 248.8
v-12__0.5__408___408 0.221422731876 123.7 247.7 123.7 261.4 108.3 261.4 108.3 247.7
v-12__0.5__408___408 0.154810503125 168.8 324.2 168.8 338.2 151.3 338.2 151.3 324.2
v-12__0.5__408___408 0.133684262633 64.9 332.7 64.9 345.2 51.1 345.2 51.1 332.7
v-12__0.5__408___408 0.117200262845 131.3 257.6 131.3 273.2 115.9 273.2 115.9 257.6
v-9__0.5__408___0 0.152069151402 506.3 415.6 506.3 429.7 493.1 429.7 493.1 415.6
v-14__0.5__408___0 0.314417511225 516.6 16.4 516.6 47.6 484.1 47.6 484.1 16.4
v-12__0.5__408___416 0.604809045792 140.4 322.0 140.4 339.2 122.6 339.2 122.6 322.0
v-12__0.5__408___416 0.602129578590 132.4 285.7 132.4 302.5 115.2 302.5 115.2 285.7
v-12__0.5__408___416 0.561220526695 123.2 298.5 123.2 314.7 106.8 314.7 106.8 298.5
v-12__0.5__408___416 0.528507411480 123.6 328.8 123.6 346.0 106.8 346.0 106.8 328.8
v-12__0.5__408___416 0.496101856232 133.1 269.4 133.1 286.4 116.6 286.4 116.6 269.4
v-12__0.5__408___416 0.494559168816 104.9 298.6 104.9 313.8 86.7 313.8 86.7 298.6
v-12__0.5__408___416 0.487811058760 127.8 314.0 127.8 328.6 112.7 328.6 112.7 314.0
v-12__0.5__408___416 0.487620919943 120.3 262.0 120.3 278.3 104.5 278.3 104.5 262.0
v-12__0.5__408___416 0.459797084332 129.7 353.0 129.7 370.7 111.1 370.7 111.1 353.0
v-12__0.5__408___416 0.433683127165 75.6 266.3 75.6 280.8 59.3 280.8 59.3 266.3
v-12__0.5__408___416 0.431365072727 76.3 338.4 76.3 354.7 58.8 354.7 58.8 338.4
v-12__0.5__408___416 0.431071132421 104.1 283.8 104.1 297.8 86.6 297.8 86.6 283.8
v-12__0.5__408___416 0.417581766844 76.2 295.5 76.2 310.5 59.0 310.5 59.0 295.5
v-12__0.5__408___416 0.416856139898 149.2 353.3 149.2 371.0 132.1 371.0 132.1 353.3
v-12__0.5__408___416 0.414825022221 165.3 279.9 165.3 299.8 145.0 299.8 145.0 279.9
v-12__0.5__408___416 0.394410341978 105.0 311.1 105.0 327.5 86.4 327.5 86.4 311.1
v-12__0.5__408___416 0.379508882761 165.6 339.7 165.6 355.6 148.0 355.6 148.0 339.7
v-12__0.5__408___416 0.376839816570 180.8 286.7 180.8 303.4 163.1 303.4 163.1 286.7
v-12__0.5__408___416 0.375557065010 108.9 327.0 108.9 343.6 90.6 343.6 90.6 327.0
v-12__0.5__408___416 0.360982298851 157.3 297.9 157.3 315.4 139.1 315.4 139.1 297.9
v-12__0.5__408___416 0.354182630777 138.6 339.0 138.6 354.7 123.4 354.7 123.4 339.0
v-12__0.5__408___416 0.344697088003 189.1 257.6 189.1 274.1 172.2 274.1 172.2 257.6
v-12__0.5__408___416 0.339282780886 92.2 354.2 92.2 370.4 75.8 370.4 75.8 354.2
v-12__0.5__408___416 0.334565073252 76.0 279.6 76.0 294.0 58.4 294.0 58.4 279.6
v-12__0.5__408___416 0.328048884869 74.5 249.3 74.5 264.2 59.2 264.2 59.2 249.3
v-12__0.5__408___416 0.303056716919 183.5 272.8 183.5 288.5 166.9 288.5 166.9 272.8
v-12__0.5__408___416 0.300649315119 172.8 242.4 172.8 258.9 156.7 258.9 156.7 242.4
v-12__0.5__408___416 0.300083339214 105.3 266.2 105.3 283.1 86.1 283.1 86.1 266.2
v-12__0.5__408___416 0.289868474007 87.0 237.3 87.0 253.7 70.2 253.7 70.2 237.3
v-12__0.5__408___416 0.277770936489 124.1 238.9 124.1 254.1 107.7 254.1 107.7 238.9
v-12__0.5__408___416 0.270155966282 167.3 355.1 167.3 370.0 151.0 370.0 151.0 355.1
v-12__0.5__408___416 0.267937749624 74.8 356.0 74.8 369.5 58.9 369.5 58.9 356.0
v-12__0.5__408___416 0.263233810663 149.0 249.9 157.0 258.6 147.9 267.6 139.9 258.9
v-12__0.5__408___416 0.252183616161 146.4 239.4 146.4 259.0 126.7 259.0 126.7 239.4
v-12__0.5__408___416 0.226712793112 76.9 310.8 76.9 325.5 58.8 325.5 58.8 310.8
v-12__0.5__408___416 0.218115434051 190.9 240.4 190.9 259.6 170.8 259.6 170.8 240.4
v-12__0.5__408___416 0.210460647941 173.9 302.0 173.9 318.1 155.7 318.1 155.7 302.0
v-12__0.5__408___416 0.121729589999 169.1 315.9 169.1 330.5 150.9 330.5 150.9 315.9
v-11__0.5__408___408 0.149148300290 382.2 20.1 382.2 34.3 368.2 34.3 368.2 20.1
v-9__0.5__408___408 0.280255407095 34.9 440.3 34.9 465.1 8.4 465.1 8.4 440.3
v-9__0.5__408___408 0.145840197802 505.8 7.6 505.8 21.1 493.8 21.1 493.8 7.6
v-9__0.5__408___408 0.107633411884 483.6 516.8 483.6 539.4 460.5 539.4 460.5 516.8
v-9__0.5__408___416 0.306229740381 34.5 432.7 34.5 456.5 8.8 456.5 8.8 432.7
v-9__0.5__416___0 0.132210612297 498.1 415.7 498.1 429.6 485.3 429.6 485.3 415.7
v-12__0.5__416___408 0.510963797569 124.0 294.4 124.0 310.3 107.6 310.3 107.6 294.4
v-12__0.5__416___408 0.502112567425 131.7 331.0 131.7 346.7 115.2 346.7 115.2 331.0
v-12__0.5__416___408 0.478920668364 115.5 337.3 115.5 353.8 99.1 353.8 99.1 337.3
v-12__0.5__416___408 0.478600114584 96.7 306.7 96.7 321.8 78.8 321.8 78.8 306.7
v-12__0.5__416___408 0.478513896465 111.9 270.3 111.9 285.9 96.8 285.9 96.8 270.3
v-12__0.5__416___408 0.474924147129 114.8 306.8 114.8 322.4 98.9 322.4 98.9 306.8
v-12__0.5__416___408 0.471591442823 124.8 277.8 124.8 294.2 108.8 294.2 108.8 277.8
v-12__0.5__416___408 0.432258635759 67.3 274.5 67.3 288.6 51.4 288.6 51.4 274.5
v-12__0.5__416___408 0.420068204403 119.6 320.6 119.6 334.8 104.6 334.8 104.6 320.6
v-12__0.5__416___408 0.406094819307 67.9 303.9 67.9 318.2 51.2 318.2 51.2 303.9
v-12__0.5__416___408 0.406035602093 67.9 346.5 67.9 362.7 50.9 362.7 50.9 346.5
v-12__0.5__416___408 0.393382638693 96.0 291.7 96.0 305.7 78.5 305.7 78.5 291.7
v-12__0.5__416___408 0.392921328545 100.5 335.4 100.5 351.2 82.9 351.2 82.9 335.4
v-12__0.5__416___408 0.376665383577 130.3 347.7 130.3 362.8 115.7 362.8 115.7 347.7
v-12__0.5__416___408 0.376261979342 66.7 363.7 66.7 377.3 50.8 377.3 50.8 363.7
v-12__0.5__416___408 0.373409777880 96.6 319.6 96.6 335.2 78.6 335.2 78.6 319.6
v-12__0.5__416___408 0.361452966928 156.8 288.5 156.8 307.5 137.3 307.5 137.3 288.5
v-12__0.5__416___408 0.360566288233 65.9 255.3 65.9 269.8 51.3 269.8 51.3 255.3
v-12__0.5__416___408 0.313346058130 122.0 359.3 122.0 376.5 102.9 376.5 102.9 359.3
v-12__0.5__416___408 0.311264365911 172.5 295.3 172.5 311.2 155.1 311.2 155.1 295.3
v-12__0.5__416___408 0.306357115507 97.1 274.6 97.1 290.8 78.3 290.8 78.3 274.6
v-12__0.5__416___408 0.297293841839 85.5 358.3 85.5 376.7 66.7 376.7 66.7 358.3
v-12__0.5__416___408 0.275880426168 164.9 250.6 164.9 266.9 148.7 266.9 148.7 250.6
v-12__0.5__416___408 0.272682338953 181.3 265.3 181.3 282.4 164.0 282.4 164.0 265.3
v-12__0.5__416___408 0.271546810865 67.8 288.3 67.8 301.6 50.7 301.6 50.7 288.3
v-12__0.5__416___408 0.270816028118 175.6 280.6 175.6 296.5 158.5 296.5 158.5 280.6
v-12__0.5__416___408 0.267178088427 149.0 306.5 149.0 323.1 131.4 323.1 131.4 306.5
v-12__0.5__416___408 0.262915134430 78.0 246.0 78.0 261.0 63.0 261.0 63.0 246.0
v-12__0.5__416___408 0.257751554251 139.8 362.0 139.8 378.2 124.8 378.2 124.8 362.0
v-12__0.5__416___408 0.223727121949 137.2 248.9 137.2 265.9 119.6 265.9 119.6 248.9
v-12__0.5__416___408 0.222331911325 157.1 348.2 157.1 363.1 139.9 363.1 139.9 348.2
v-12__0.5__416___408 0.211112752557 115.7 247.6 115.7 261.3 100.3 261.3 100.3 247.6
v-12__0.5__416___408 0.204014301300 147.8 259.2 147.8 274.4 132.5 274.4 132.5 259.2
v-12__0.5__416___408 0.195743054152 68.5 319.1 68.5 333.3 50.9 333.3 50.9 319.1
v-12__0.5__416___408 0.179871305823 182.7 248.7 182.7 267.5 163.0 267.5 163.0 248.7
v-12__0.5__416___408 0.157378166914 165.4 311.0 165.4 325.7 148.2 325.7 148.2 311.0
v-12__0.5__416___408 0.136243209243 77.9 258.4 77.9 271.8 64.6 271.8 64.6 258.4
v-12__0.5__416___408 0.117705665529 160.4 324.4 160.4 338.2 143.4 338.2 143.4 324.4
v-12__0.5__416___408 0.115711204708 123.2 257.8 123.2 272.9 108.2 272.9 108.2 257.8
v-12__0.5__416___408 0.103395327926 57.1 332.5 57.1 345.3 43.2 345.3 43.2 332.5
v-12__0.5__416___408 0.101067759097 158.5 364.0 158.5 377.1 143.8 377.1 143.8 364.0
v-14__0.5__416___0 0.288713246584 508.6 16.5 508.6 47.6 476.0 47.6 476.0 16.5
v-15__0.5__0___416 0.116320341825 580.9 266.0 580.9 279.4 566.8 279.4 566.8 266.0
v-11__0.5__416___408 0.112365528941 340.1 28.6 340.1 40.6 327.5 40.6 327.5 28.6
v-11__0.5__416___408 0.106327913702 374.5 20.1 374.5 34.3 359.7 34.3 359.7 20.1
v-11__0.5__416___408 0.106044985354 333.3 35.8 333.3 50.3 320.3 50.3 320.3 35.8
v-12__0.5__416___416 0.589142501354 124.1 286.1 124.1 302.3 107.5 302.3 107.5 286.1
v-12__0.5__416___416 0.577115356922 131.9 322.6 131.9 338.9 115.0 338.9 115.0 322.6
v-12__0.5__416___416 0.551159441471 115.4 329.1 115.4 345.7 99.0 345.7 99.0 329.1
v-12__0.5__416___416 0.516551613808 112.0 262.4 112.0 278.0 96.8 278.0 96.8 262.4
v-12__0.5__416___416 0.507436573505 114.8 298.7 114.8 314.4 98.9 314.4 98.9 298.7
v-12__0.5__416___416 0.500815629959 124.9 269.5 124.9 286.3 108.7 286.3 108.7 269.5
v-12__0.5__416___416 0.497401684523 96.5 298.9 96.5 313.6 79.0 313.6 79.0 298.9
v-12__0.5__416___416 0.477457433939 67.9 338.5 67.9 354.6 51.0 354.6 51.0 338.5
v-12__0.5__416___416 0.465973764658 119.5 314.3 119.5 328.4 104.8 328.4 104.8 314.3
v-12__0.5__416___416 0.447046369314 95.7 284.0 95.7 297.5 78.9 297.5 78.9 284.0
v-12__0.5__416___416 0.436925560236 156.5 280.5 156.5 299.3 137.5 299.3 137.5 280.5
v-12__0.5__416___416 0.431126028299 67.2 266.7 67.2 280.4 51.6 280.4 51.6 266.7
v-12__0.5__416___416 0.429589509964 172.5 286.9 172.5 303.0 155.1 303.0 155.1 286.9
v-12__0.5__416___416 0.427193671465 100.3 327.4 100.3 342.9 83.1 342.9 83.1 327.4
v-12__0.5__416___416 0.426984429359 121.6 353.4 121.6 370.5 103.2 370.5 103.2 353.4
v-12__0.5__416___416 0.415224790573 67.7 296.1 67.7 309.9 51.4 309.9 51.4 296.1
v-12__0.5__416___416 0.415046840906 141.0 353.4 141.0 370.9 124.2 370.9 124.2 353.4
v-12__0.5__416___416 0.394884467125 96.6 311.5 96.6 327.1 78.8 327.1 78.8 311.5
v-12__0.5__416___416 0.382998079062 181.0 257.7 181.0 274.1 164.4 274.1 164.4 257.7
v-12__0.5__416___416 0.371042966843 157.9 339.6 157.9 355.8 139.4 355.8 139.4 339.6
v-12__0.5__416___416 0.371019214392 130.4 339.2 130.4 354.8 115.5 354.8 115.5 339.2
v-12__0.5__416___416 0.352762639523 66.0 249.7 66.0 263.8 51.5 263.8 51.5 249.7
v-12__0.5__416___416 0.352610379457 175.1 272.9 175.1 288.1 158.9 288.1 158.9 272.9
v-12__0.5__416___416 0.345660775900 148.9 298.4 148.9 315.0 131.4 315.0 131.4 298.4
v-12__0.5__416___416 0.340207278728 164.9 242.3 164.9 258.9 148.6 258.9 148.6 242.3
v-12__0.5__416___416 0.331426054239 66.5 355.8 66.5 369.2 51.0 369.2 51.0 355.8
v-12__0.5__416___416 0.313954114914 83.9 354.7 83.9 370.1 67.9 370.1 67.9 354.7
v-12__0.5__416___416 0.296273201704 148.1 250.7 148.1 266.7 132.3 266.7 132.3 250.7
v-12__0.5__416___416 0.295043975115 67.4 280.2 67.4 293.5 50.9 293.5 50.9 280.2
v-12__0.5__416___416 0.281167775393 97.0 266.8 97.0 282.4 78.5 282.4 78.5 266.8
v-12__0.5__416___416 0.278315842152 165.6 302.4 165.6 318.1 147.8 318.1 147.8 302.4
v-12__0.5__416___416 0.276351213455 137.8 240.1 137.8 258.3 119.2 258.3 119.2 240.1
v-12__0.5__416___416 0.271073400974 182.9 240.4 182.9 259.8 162.8 259.8 162.8 240.4
v-12__0.5__416___416 0.262045860291 116.1 239.1 116.1 253.9 99.8 253.9 99.8 239.1
v-12__0.5__416___416 0.250424861908 159.1 355.2 159.1 370.0 142.9 370.0 142.9 355.2
v-12__0.5__416___416 0.241322949529 78.4 237.7 78.4 253.1 62.6 253.1 62.6 237.7
v-12__0.5__416___416 0.216487273574 68.5 311.2 68.5 325.3 51.1 325.3 51.1 311.2
v-12__0.5__416___416 0.196628853679 161.0 315.9 161.0 330.6 143.1 330.6 143.1 315.9
v-12__0.5__416___416 0.141843557358 123.4 249.3 123.4 265.2 107.9 265.2 107.9 249.3
v-12__0.5__416___416 0.132472410798 78.0 250.4 78.0 264.0 64.6 264.0 64.6 250.4
v-12__0.5__416___416 0.123893268406 57.1 324.7 57.1 337.2 43.1 337.2 43.1 324.7
v-12__0.5__416___416 0.104949988425 130.0 299.6 130.0 313.9 116.4 313.9 116.4 299.6
v-9__0.5__416___408 0.331068843603 27.0 440.8 27.0 464.8 0.4 464.8 0.4 440.8
v-9__0.5__416___408 0.162077426910 498.0 7.8 498.0 21.1 485.8 21.1 485.8 7.8
v-9__0.5__416___408 0.142215505242 475.2 517.5 475.2 538.9 452.9 538.9 452.9 517.5
v-9__0.5__416___408 0.102215960622 543.4 501.1 546.2 512.0 531.2 516.4 528.4 505.5
v-9__0.5__416___416 0.368927210569 27.3 432.4 27.3 457.0 0.1 457.0 0.1 432.4
v-9__0.5__416___416 0.150543957949 545.3 493.4 545.3 508.7 529.6 508.7 529.6 493.4
v-9__0.5__416___416 0.113874882460 474.3 509.8 474.3 530.0 453.8 530.0 453.8 509.8
v-15__0.5__408___408 0.130575701594 183.3 263.4 183.3 275.1 169.0 275.1 169.0 263.4
v-10__0.5__0___408 0.104363344610 597.1 269.5 603.9 280.3 591.2 288.1 584.4 277.3
v-10__0.5__0___816 0.250557750463 563.1 402.5 591.3 454.6 535.1 484.7 506.9 432.6
v-10__0.5__0___1224 0.238587692380 569.2 0.9 588.4 56.1 528.6 76.6 509.3 21.4
v-10__0.5__408___0 0.152050733566 293.9 184.0 293.9 200.5 277.8 200.5 277.8 184.0
v-19__0.5__0___2040 0.290960222483 83.0 313.6 91.3 323.2 82.2 330.9 73.9 321.3
v-19__0.5__0___2040 0.281397312880 56.1 181.5 65.5 191.6 53.1 204.7 43.6 194.6
v-19__0.5__0___2040 0.272735267878 129.6 288.2 138.5 297.7 128.5 307.9 119.5 298.4
v-19__0.5__0___2040 0.266071170568 132.5 266.7 141.1 275.3 132.9 283.3 124.3 274.7
v-19__0.5__0___2040 0.257685393095 115.2 257.7 125.9 266.8 113.9 282.5 103.2 273.4
v-19__0.5__0___2040 0.250389635563 93.2 263.9 105.2 275.7 88.6 291.0 76.5 279.2
v-19__0.5__0___2040 0.189925849438 102.6 241.5 113.4 250.1 102.7 265.5 91.9 256.9
v-19__0.5__0___2040 0.176982298493 104.9 296.7 111.9 305.9 100.9 314.8 93.9 305.6
v-19__0.5__0___2040 0.174456834793 44.5 164.8 53.1 173.2 39.8 188.9 31.2 180.5
v-19__0.5__0___2040 0.172376841307 117.2 282.7 126.0 291.3 114.7 303.0 105.9 294.4
v-19__0.5__0___2040 0.165370613337 79.6 212.4 89.7 219.2 78.7 237.6 68.6 230.8
v-19__0.5__0___2040 0.156756520271 61.0 262.3 72.8 274.1 55.3 292.6 43.4 280.8
v-19__0.5__0___2040 0.149988427758 75.6 176.6 75.6 194.5 60.2 194.5 60.2 176.6
v-19__0.5__0___2040 0.145159751177 73.9 300.6 80.5 308.9 69.0 318.3 62.4 310.0
v-19__0.5__0___2040 0.141191482544 117.6 244.1 124.2 253.1 114.4 261.4 107.7 252.5
v-19__0.5__0___2040 0.139852762222 142.8 278.5 150.3 287.1 140.2 296.0 132.7 287.4
v-19__0.5__0___2040 0.134827673435 18.2 259.9 26.2 267.3 16.5 279.8 8.5 272.3
v-19__0.5__0___2040 0.131836563349 48.9 303.2 59.3 311.5 50.2 325.6 39.7 317.3
v-19__0.5__0___2040 0.130263090134 63.2 162.6 63.2 181.9 48.6 181.9 48.6 162.6
v-19__0.5__0___2040 0.126985877752 91.8 226.3 102.9 232.4 89.7 255.8 78.5 249.8
v-19__0.5__0___2040 0.123057037592 67.7 282.6 77.7 292.5 59.5 311.3 49.6 301.4
v-19__0.5__0___2040 0.111990176141 66.0 197.5 77.4 206.3 60.1 229.5 48.7 220.7
v-19__0.5__0___2040 0.108926221728 47.8 243.8 57.8 254.2 44.3 270.8 34.3 260.4
v-19__0.5__0___2040 0.106948800385 36.8 288.1 46.6 294.5 38.2 308.9 28.4 302.6
v-10__0.5__1224___0 0.112022608519 260.5 581.2 260.5 596.0 246.2 596.0 246.2 581.2
v-19__0.5__408___408 0.119907774031 318.5 310.9 318.5 328.0 301.1 328.0 301.1 310.9
v-10__0.5__1224___1224 0.220474481583 497.5 -4.0 502.1 12.9 486.0 17.7 481.4 0.8
v-19__0.5__408___2040 0.156007990241 549.6 164.2 549.6 182.2 532.6 182.2 532.6 164.2
v-19__0.5__408___2040 0.151243269444 411.4 340.9 420.1 349.9 412.2 359.2 403.4 350.3
v-10__0.5__1632___1224 0.216734275222 323.5 289.3 323.5 306.7 305.3 306.7 305.3 289.3
v-10__0.5__1632___1224 0.171413496137 349.2 257.4 360.0 272.7 343.4 283.2 332.6 267.8
v-10__0.5__1632___1224 0.116580709815 90.9 -3.0 94.3 13.7 76.3 17.2 73.0 0.4
v-19__0.5__816___2040 0.175238698721 195.3 120.7 195.3 135.3 181.2 135.3 181.2 120.7
v-19__0.5__816___2040 0.155009284616 140.5 164.8 140.5 181.1 125.1 181.1 125.1 164.8
v-19__0.5__816___2040 0.135218411684 204.0 107.2 204.0 122.4 189.5 122.4 189.5 107.2
v-19__0.5__2040___0 0.155022516847 111.5 310.1 111.5 327.0 94.0 327.0 94.0 310.1
v-19__0.5__2040___0 0.142266333103 143.4 403.0 143.4 419.2 128.0 419.2 128.0 403.0
v-19__0.5__2040___0 0.126397073269 387.5 295.7 387.5 314.0 369.6 314.0 369.6 295.7
v-19__0.5__2448___1224 0.179306611419 84.2 594.9 84.2 608.3 64.6 608.3 64.6 594.9
v-19__0.5__2856___1224 0.126070752740 193.6 255.4 207.0 264.0 199.1 276.5 185.6 267.9
v-19__0.5__2856___1224 0.115609742701 223.3 141.5 223.3 157.4 208.5 157.4 208.5 141.5
v-19__0.5__3264___1632 0.120551556349 299.0 582.3 299.0 598.4 283.5 598.4 283.5 582.3
v-19__0.5__3488___1632 0.256588369608 74.7 582.8 74.7 597.5 60.5 597.5 60.5 582.8
v-19__0.5__3488___3488 0.112338900566 89.4 576.1 99.5 591.0 86.4 601.1 76.3 586.2
v-1__1__1224___1440 0.184658780694 605.5 489.5 605.5 505.3 590.9 505.3 590.9 489.5
v-9__1__408___0 0.132636696100 481.4 431.4 481.4 448.8 462.7 448.8 462.7 431.4
v-9__1__408___408 0.149892359972 483.2 34.2 483.2 50.1 467.9 50.1 467.9 34.2
v-9__1__408___1224 0.302348375320 464.2 467.1 477.2 510.1 423.4 526.1 410.4 483.1
v-9__1__408___1440 0.426413476467 463.6 250.9 477.9 297.2 423.7 313.5 409.4 267.2
v-9__1__408___1440 0.307547539473 530.5 447.5 530.5 472.4 504.1 472.4 504.1 447.5
v-9__1__408___1440 0.159452572465 607.1 407.9 607.1 423.6 594.9 423.6 594.9 407.9
v-9__1__408___1440 0.141983553767 588.0 406.3 588.0 419.3 574.4 419.3 574.4 406.3
v-9__1__408___1440 0.133404836059 453.1 491.8 453.1 510.5 435.2 510.5 435.2 491.8
v-9__1__816___0 0.110334888101 73.1 431.0 73.1 449.2 53.3 449.2 53.3 431.0
v-9__1__816___408 0.141179531813 73.4 24.1 73.4 44.1 52.9 44.1 52.9 24.1
v-9__1__816___408 0.123140200973 357.1 109.8 357.1 136.7 327.4 136.7 327.4 109.8
v-9__1__816___1224 0.346848100424 60.6 467.8 73.0 511.5 23.4 525.2 11.1 481.5
v-9__1__816___1440 0.407759070396 59.2 251.7 71.7 298.4 17.8 312.6 5.4 266.0
v-9__1__816___1440 0.319931954145 125.1 446.7 125.1 472.0 97.4 472.0 97.4 446.7
v-9__1__816___1440 0.140359103680 44.4 492.1 44.4 510.4 26.5 510.4 26.5 492.1
v-9__1__816___1440 0.102637365460 605.9 93.2 605.9 114.5 589.5 114.5 589.5 93.2
v-9__1__1224___0 0.353316605091 494.2 555.5 494.2 576.1 474.0 576.1 474.0 555.5
v-9__1__1224___0 0.304978162050 507.3 539.4 507.3 559.8 487.3 559.8 487.3 539.4
v-9__1__1224___0 0.196931153536 520.2 564.6 520.2 584.0 496.2 584.0 496.2 564.6
v-9__1__1224___0 0.111185520887 162.3 299.5 162.3 321.0 140.4 321.0 140.4 299.5
v-9__1__1224___0 0.104257538915 523.4 546.2 523.4 561.1 509.4 561.1 509.4 546.2
v-9__1__1224___1224 0.135269016027 258.7 267.8 258.7 287.6 238.4 287.6 238.4 267.8
v-9__1__1224___1224 0.119466461241 229.7 222.1 229.7 241.6 210.3 241.6 210.3 222.1
v-9__1__1224___1440 0.244337588549 229.6 6.1 229.6 23.7 211.1 23.7 211.1 6.1
v-9__1__1224___1440 0.201224923134 258.4 52.3 258.4 72.4 238.8 72.4 238.8 52.3
v-9__1__1440___1224 0.201307624578 40.1 268.9 40.1 286.3 22.1 286.3 22.1 268.9
v-9__1__1440___1224 0.144989714026 14.0 220.3 14.0 239.8 -1.9 239.8 -1.9 220.3
v-10__1__0___2856 0.169901579618 236.8 269.7 236.8 287.2 218.8 287.2 218.8 269.7
v-10__1__408___1224 0.236433133483 46.3 580.7 46.3 606.7 20.6 606.7 20.6 580.7
v-10__1__408___1224 0.124368891120 605.9 402.2 605.9 421.6 590.2 421.6 590.2 402.2
v-10__1__408___2040 0.132308691740 565.8 110.7 587.4 146.0 550.0 170.2 528.5 134.9
v-10__1__2856___0 0.139461308718 269.8 552.5 277.8 561.5 269.4 569.5 261.3 560.5
v-10__1__2856___2448 0.206464201212 576.2 204.8 576.2 236.3 546.7 236.3 546.7 204.8
v-10__1__2856___2448 0.137780442834 592.5 -0.5 592.5 35.4 555.8 35.4 555.8 -0.5
v-10__1__3264___2448 0.181563720107 188.4 -4.8 188.4 35.0 148.3 35.0 148.3 -4.8
v-10__1__3264___2448 0.136667415500 168.3 203.3 168.3 237.3 136.0 237.3 136.0 203.3
v-10__1__3264___2448 0.100028686225 401.2 0.5 401.2 12.8 332.0 12.8 332.0 0.5
v-10__1__4080___2040 0.155680626631 262.7 381.2 278.1 392.0 268.9 403.4 253.5 392.6
v-10__1__4080___2040 0.122746735811 596.9 222.1 596.9 237.1 582.6 237.1 582.6 222.1
v-10__1__4488___2040 0.135033458471 203.3 234.6 203.3 249.3 189.2 249.3 189.2 234.6
v-10__1__4896___816 0.194846659899 521.0 463.4 521.0 479.8 504.2 479.8 504.2 463.4
v-10__1__4896___1224 0.212063416839 521.8 53.7 521.8 72.2 503.5 72.2 503.5 53.7
v-10__1__4896___1224 0.188699573278 241.3 397.4 250.1 406.2 239.7 414.7 230.9 405.9
v-11__1__1440___1224 0.116998679936 135.2 186.0 135.2 200.4 121.0 200.4 121.0 186.0
v-12__1__816___1224 0.145884618163 382.5 474.3 382.5 487.3 368.8 487.3 368.8 474.3
v-14__1__1224___0 0.550482988358 606.2 37.0 606.2 95.5 549.2 95.5 549.2 37.0
v-15__1__0___816 0.154913753271 371.9 -0.0 371.9 12.5 354.0 12.5 354.0 -0.0
v-15__1__816___408 0.135633364320 601.8 403.4 601.8 419.2 586.7 419.2 586.7 403.4
v-15__1__1224___1440 0.205497741699 379.3 511.1 379.3 528.8 361.7 528.8 361.7 511.1
v-15__1__1440___1440 0.122927844524 161.9 510.9 161.9 528.9 144.7 528.9 144.7 510.9
v-19__1__408___4488 0.270790934563 104.3 395.1 104.3 412.4 87.4 412.4 87.4 395.1
v-19__1__408___4896 0.151324406266 193.3 235.5 202.4 242.8 194.1 254.4 185.0 247.0
v-19__1__408___4896 0.113459631801 248.9 189.6 260.8 201.4 249.7 212.4 237.8 200.6
v-19__1__816___6528 0.145241141319 365.8 193.1 365.8 208.7 350.0 208.7 350.0 193.1
v-19__1__1224___1632 0.100935146213 465.2 168.7 480.0 183.0 464.4 200.5 449.7 186.2
v-19__1__1224___6120 0.106933608651 381.8 176.8 387.4 186.7 379.2 191.8 373.5 182.0
v-19__1__1632___1632 0.109598755836 56.7 167.4 74.1 180.8 59.7 201.6 42.3 188.1
v-19__1__2040___3672 0.312800347805 429.0 307.3 436.8 315.8 429.0 323.1 421.2 314.6
v-19__1__2040___3672 0.163959041238 453.0 291.8 463.4 303.7 452.9 312.7 442.4 300.7
v-19__1__2040___3672 0.141949996352 445.5 281.7 452.2 291.2 442.0 298.2 435.4 288.7
v-19__1__2040___3672 0.132097557187 413.0 310.8 420.8 320.3 411.1 327.8 403.2 318.4
v-19__1__2040___3672 0.124359123409 193.1 478.4 203.0 487.6 193.5 497.5 183.5 488.3
v-19__1__2040___3672 0.116781428456 432.3 288.1 441.9 299.3 431.3 308.4 421.8 297.2
v-19__1__2448___3672 0.294855654240 28.8 307.7 28.8 322.0 14.8 322.0 14.8 307.7
v-19__1__2448___3672 0.119335897267 43.4 281.8 43.4 298.3 26.7 298.3 26.7 281.8
v-19__1__4488___408 0.100827619433 22.1 164.7 22.1 195.4 -1.0 195.4 -1.0 164.7
v-19__1__7344___6528 0.116305656731 111.1 537.5 111.1 553.9 95.1 553.9 95.1 537.5
v-19__1__7584___4080 0.105982862413 473.8 354.3 483.7 360.3 478.2 370.9 468.4 365.0
v-20__1__0___0 0.138180792332 349.5 276.2 349.5 312.2 310.9 312.2 310.9 276.2
