v-6__0.5__0___416 0.100991457701 444.6 89.5 461.8 96.1 456.6 106.1 439.3 99.5
v-4__0.5__0___0 0.173561483622 119.2 364.4 119.2 383.1 101.1 383.1 101.1 364.4
v-4__0.5__0___0 0.104553237557 223.0 -0.9 226.0 12.5 197.7 20.9 194.7 7.5
v-1__0.5__408___408 0.119625158608 178.5 511.3 178.5 534.7 161.4 534.7 161.4 511.3
v-3__0.5__0___0 0.349529922009 321.1 71.7 321.1 99.5 306.4 99.5 306.4 71.7
v-3__0.5__0___0 0.124358475208 319.4 30.6 319.4 46.1 302.0 46.1 302.0 30.6
v-3__0.5__0___0 0.122071541846 319.1 50.6 319.1 64.8 300.6 64.8 300.6 50.6
v-7__0.5__0___0 0.234980911016 229.3 405.8 230.6 422.0 199.0 423.9 197.7 407.7
v-20__0.5__408___408 0.523672878742 245.3 326.3 247.3 347.6 237.5 349.2 235.5 327.9
v-20__0.5__408___408 0.352466851473 259.6 324.6 259.6 345.1 248.5 345.1 248.5 324.6
v-7__0.5__0___408 0.147782340646 591.6 264.4 591.6 297.8 572.5 297.8 572.5 264.4
v-20__0.5__408___416 0.316512703896 247.6 318.1 247.6 341.0 235.5 341.0 235.5 318.1
v-20__0.5__408___416 0.158708617091 259.9 316.4 259.9 336.9 248.2 336.9 248.2 316.4
v-1__0.5__416___408 0.173134908080 169.7 510.6 169.7 535.1 154.1 535.1 154.1 510.6
v-20__0.5__416___408 0.436724603176 236.8 326.1 239.4 347.2 230.0 349.1 227.3 328.0
v-20__0.5__416___408 0.253073006868 251.8 324.7 251.8 344.8 240.4 344.8 240.4 324.7
v-7__0.5__408___408 0.149534106255 183.6 264.1 183.6 298.1 164.3 298.1 164.3 264.1
v-20__0.5__416___416 0.498828411102 239.5 318.1 239.5 341.4 227.5 341.4 227.5 318.1
v-20__0.5__416___416 0.300061792135 251.6 316.6 251.6 337.0 240.6 337.0 240.6 316.6
v-7__0.5__408___416 0.180518642068 183.9 255.7 183.9 290.9 164.3 290.9 164.3 255.7
v-12__0.5__0___0 0.102571636438 535.6 397.3 535.6 415.2 517.2 415.2 517.2 397.3
v-7__0.5__416___408 0.111064448953 175.4 264.6 175.4 297.4 156.8 297.4 156.8 264.6
v-12__0.5__0___408 0.119866900146 321.5 249.7 321.5 274.3 307.7 274.3 307.7 249.7
v-12__0.5__0___408 0.102691374719 233.9 262.2 233.9 286.5 219.9 286.5 219.9 262.2
v-7__0.5__416___416 0.180959284306 524.9 530.5 526.6 559.1 510.0 560.4 508.3 531.8
v-7__0.5__416___416 0.144294962287 540.0 525.1 540.0 551.2 526.3 551.2 526.3 525.1
v-7__0.5__416___416 0.120611600578 425.1 553.0 427.5 568.2 403.4 572.4 401.0 557.2
v-9__0.5__0___0 0.162156865001 558.4 495.3 562.4 505.9 534.1 517.5 530.0 507.0
v-9__0.5__0___0 0.125842094421 595.5 505.7 600.0 519.3 552.4 537.0 547.9 523.3
v-9__0.5__0___0 0.104975201190 99.2 168.7 103.1 181.5 81.2 188.9 77.3 176.0
v-12__0.5__0___416 0.232814967632 145.2 146.8 145.2 169.2 132.4 169.2 132.4 146.8
v-12__0.5__0___416 0.227317139506 381.2 146.8 381.2 171.4 366.8 171.4 366.8 146.8
v-12__0.5__0___416 0.200927391648 105.1 145.2 105.1 169.7 92.4 169.7 92.4 145.2
v-12__0.5__0___416 0.199157640338 320.2 238.3 320.2 261.9 299.9 261.9 299.9 238.3
v-12__0.5__0___416 0.197372004390 126.3 145.6 126.3 172.1 111.4 172.1 111.4 145.6
v-12__0.5__0___416 0.173624411225 356.0 168.6 356.0 186.7 346.1 186.7 346.1 168.6
v-12__0.5__0___416 0.159946456552 228.8 146.5 228.8 168.9 216.0 168.9 216.0 146.5
v-12__0.5__0___416 0.154597491026 165.2 146.3 165.2 171.0 151.8 171.0 151.8 146.3
v-12__0.5__0___416 0.143113836646 340.7 160.9 340.7 180.1 327.4 180.1 327.4 160.9
v-12__0.5__0___416 0.135529056191 208.8 152.1 208.8 171.1 196.0 171.1 196.0 152.1
v-12__0.5__0___416 0.129943221807 227.1 167.9 227.1 179.6 210.8 179.6 210.8 167.9
v-12__0.5__0___416 0.111181370914 316.5 142.8 316.5 165.6 302.9 165.6 302.9 142.8
v-12__0.5__0___416 0.110742487013 297.3 142.8 297.3 166.5 283.9 166.5 283.9 142.8
v-12__0.5__0___416 0.110682383180 189.3 146.9 189.3 170.1 173.6 170.1 173.6 146.9
v-12__0.5__0___416 0.101452089846 328.2 143.2 328.2 165.2 318.1 165.2 318.1 143.2
v-11__0.5__0___408 0.315564960241 128.7 238.5 137.6 266.1 122.8 270.5 114.0 243.0
v-11__0.5__0___408 0.241973057389 145.6 235.5 153.0 261.3 139.1 264.3 131.7 238.4
v-11__0.5__0___408 0.141427502036 293.0 198.2 296.5 213.1 263.4 223.3 259.9 208.4
v-11__0.5__0___416 0.252446591854 129.0 230.0 137.2 257.9 122.3 262.3 114.1 234.4
v-11__0.5__0___416 0.219748750329 145.6 227.4 152.8 252.7 138.8 256.4 131.6 231.0
v-9__0.5__0___416 0.151124909520 558.2 79.4 562.2 89.9 534.2 101.4 530.2 91.0
v-9__0.5__0___416 0.136071339250 133.5 489.1 136.9 502.1 102.6 512.8 99.2 499.7
v-9__0.5__0___416 0.128931239247 40.2 463.6 54.7 503.2 35.0 510.2 20.5 470.6
v-9__0.5__0___416 0.125111445785 595.5 89.9 599.9 103.2 552.4 120.8 548.0 107.4
v-8__0.5__416___0 0.116984255612 230.7 57.1 233.7 67.3 212.1 74.0 209.1 63.8
v-11__0.5__408___0 0.106491521001 457.8 104.7 457.8 123.6 426.4 123.6 426.4 104.7
v-11__0.5__408___408 0.114383205771 536.7 215.5 538.8 222.7 514.2 229.6 512.1 222.4
v-11__0.5__408___408 0.104343466461 506.7 190.2 511.5 204.8 480.7 215.2 475.9 200.6
v-9__0.5__408___408 0.169472426176 407.6 548.6 407.6 568.8 397.0 568.8 397.0 548.6
v-12__0.5__416___0 0.158645838499 97.7 393.4 97.7 418.2 83.9 418.2 83.9 393.4
v-12__0.5__416___0 0.125302210450 119.6 397.1 119.6 415.4 101.1 415.4 101.1 397.1
v-9__0.5__408___416 0.114593759179 406.9 541.3 406.9 560.4 397.6 560.4 397.6 541.3
v-11__0.5__408___416 0.160529658198 536.4 207.1 538.8 215.4 514.1 222.2 511.7 213.8
v-11__0.5__408___416 0.129572853446 506.7 177.7 512.8 192.6 481.3 203.8 475.3 188.9
v-9__0.5__416___0 0.169206365943 142.4 495.3 146.4 506.0 118.0 517.5 114.0 506.9
v-11__0.5__416___408 0.116294749081 491.7 170.8 497.9 187.8 473.6 195.9 467.4 178.9
v-11__0.5__416___408 0.114433184266 491.6 156.5 494.3 167.7 464.8 177.3 462.1 166.1
v-9__0.5__416___408 0.151726409793 399.2 549.4 399.2 568.0 389.5 568.0 389.5 549.4
v-11__0.5__416___416 0.133740782738 492.1 163.3 498.2 179.3 473.2 187.5 467.1 171.6
v-11__0.5__416___416 0.123340263963 529.2 207.1 531.1 215.5 505.4 222.2 503.5 213.8
v-11__0.5__416___416 0.111446946859 478.7 157.4 480.4 166.4 459.9 172.3 458.2 163.3
v-11__0.5__416___416 0.100024804473 498.5 177.4 504.1 193.4 473.5 204.2 467.9 188.2
v-9__0.5__416___416 0.165787711740 142.3 79.4 146.2 90.0 118.1 101.4 114.2 90.9
v-10__0.5__0___0 0.139733359218 46.3 508.1 46.3 522.0 12.7 522.0 12.7 508.1
v-17__0.5__0___0 0.157817408442 386.9 493.9 386.9 518.6 376.7 518.6 376.7 493.9
v-17__0.5__0___0 0.122827902436 398.8 472.8 398.8 498.2 387.7 498.2 387.7 472.8
v-16__0.5__408___408 0.121312499046 78.3 387.6 78.3 408.7 62.9 408.7 62.9 387.6
v-17__0.5__0___408 0.132300123572 387.2 85.9 387.2 110.2 376.7 110.2 376.7 85.9
v-17__0.5__0___408 0.126418665051 378.8 85.2 378.8 112.0 368.0 112.0 368.0 85.2
v-17__0.5__0___408 0.122335456312 399.0 64.9 399.0 89.9 387.7 89.9 387.7 64.9
v-16__0.5__408___416 0.102299667895 78.1 379.3 78.1 400.9 63.1 400.9 63.1 379.3
v-17__0.5__0___416 0.136204883456 386.8 78.0 386.8 102.5 376.7 102.5 376.7 78.0
v-17__0.5__0___416 0.127836674452 378.7 77.0 378.7 104.3 368.0 104.3 368.0 77.0
v-10__0.5__0___1632 0.141009122133 89.4 134.5 89.4 188.5 51.1 188.5 51.1 134.5
v-10__0.5__0___1632 0.122251324356 304.0 38.1 314.8 41.4 308.3 61.9 297.5 58.6
v-10__0.5__408___0 0.274174004793 544.8 439.7 547.9 456.1 524.3 461.0 521.1 444.7
v-10__0.5__408___0 0.120744593441 518.4 472.7 523.0 485.7 502.8 491.6 498.2 478.7
v-10__0.5__408___0 0.109208673239 383.5 526.0 383.5 541.9 348.4 541.9 348.4 526.0
v-10__0.5__408___0 0.104992590845 522.9 490.0 526.0 501.6 505.8 505.3 502.7 493.7
v-10__0.5__408___408 0.200867310166 544.6 31.5 548.2 47.9 524.4 52.9 520.8 36.5
v-10__0.5__408___408 0.129283785820 518.2 65.4 522.3 77.2 502.7 82.9 498.6 71.0
v-10__0.5__408___408 0.125990867615 525.8 82.2 525.8 97.1 503.3 97.1 503.3 82.2
v-10__0.5__408___408 0.122525252402 414.7 200.4 414.7 219.8 398.0 219.8 398.0 200.4
v-10__0.5__408___408 0.109493754804 331.3 452.6 331.3 479.5 318.0 479.5 318.0 452.6
v-10__0.5__1224___0 0.206101074815 604.6 112.3 604.6 131.5 590.2 131.5 590.2 112.3
v-10__0.5__1224___0 0.195199936628 602.9 72.5 602.9 106.7 584.9 106.7 584.9 72.5
v-10__0.5__1224___0 0.102378636599 607.5 132.2 607.5 176.6 594.8 176.6 594.8 132.2
v-19__0.5__408___816 0.106563188136 561.8 489.5 561.8 506.2 538.3 506.2 538.3 489.5
v-19__0.5__408___2040 0.101903140545 512.7 447.4 525.3 454.4 515.5 477.3 502.9 470.3
v-10__0.5__1632___816 0.335112005472 71.1 350.8 75.7 358.7 52.1 374.0 47.5 366.1
v-10__0.5__1632___816 0.202840179205 40.7 358.5 50.7 374.7 43.4 380.1 33.4 363.9
v-10__0.5__1632___816 0.185711666942 51.2 416.5 51.2 436.2 39.4 436.2 39.4 416.5
v-10__0.5__1632___816 0.157616943121 121.1 370.2 121.1 385.6 101.9 385.6 101.9 370.2
v-10__0.5__1632___816 0.141602188349 84.7 327.5 84.7 342.3 63.2 342.3 63.2 327.5
v-10__0.5__1632___816 0.134321287274 72.2 363.8 76.8 371.4 59.9 384.0 55.3 376.5
v-10__0.5__1632___816 0.127436622977 90.3 93.3 90.3 109.8 76.7 109.8 76.7 93.3
v-10__0.5__1632___816 0.115962207317 148.5 226.2 152.8 253.4 138.0 255.7 133.7 228.5
v-10__0.5__1632___816 0.108473241329 364.7 227.3 364.7 242.5 334.7 242.5 334.7 227.3
v-10__0.5__1632___816 0.106749892235 48.0 334.3 56.3 350.6 44.6 357.1 36.3 340.8
v-10__0.5__1632___816 0.106172457337 426.8 72.5 426.8 98.0 410.5 98.0 410.5 72.5
v-10__0.5__1632___816 0.100286290050 494.2 447.4 494.2 469.1 479.9 469.1 479.9 447.4
v-19__0.5__816___816 0.172246754169 153.9 489.8 153.9 506.1 129.9 506.1 129.9 489.8
v-10__0.5__1632___1224 0.139777466655 494.0 39.1 494.0 61.6 480.2 61.6 480.2 39.1
v-10__0.5__1632___1224 0.134370565414 444.4 88.3 456.6 95.4 447.3 106.9 435.1 99.8
v-10__0.5__1632___1224 0.118357636034 404.2 106.1 414.3 107.9 407.9 130.1 397.9 128.3
v-10__0.5__1632___1224 0.114888727665 476.9 43.0 476.9 57.6 463.8 57.6 463.8 43.0
v-19__0.5__816___2040 0.105561465025 107.0 448.4 117.5 460.0 105.1 476.4 94.5 464.8
v-10__0.5__2040___408 0.295415312052 181.5 226.3 181.5 257.6 166.6 257.6 166.6 226.3
v-10__0.5__2040___408 0.240566641092 35.3 332.4 35.3 344.2 9.6 344.2 9.6 332.4
v-10__0.5__2040___408 0.238497287035 121.6 385.1 121.6 409.6 108.7 409.6 108.7 385.1
v-10__0.5__2040___408 0.210684388876 74.5 352.6 74.5 364.2 48.3 364.2 48.3 352.6
v-10__0.5__2040___408 0.197706356645 286.5 346.3 286.5 362.2 261.9 362.2 261.9 346.3
v-10__0.5__2040___408 0.160552084446 65.6 263.7 65.6 285.7 51.9 285.7 51.9 263.7
v-10__0.5__2040___408 0.157927900553 51.6 263.1 51.6 284.5 39.3 284.5 39.3 263.1
v-10__0.5__2040___408 0.157647237182 273.1 414.7 273.1 430.3 251.4 430.3 251.4 414.7
v-10__0.5__2040___408 0.156273454428 73.2 344.4 73.2 354.0 50.4 354.0 50.4 344.4
v-10__0.5__2040___408 0.144941523671 392.4 280.4 395.4 287.1 373.2 297.9 370.2 291.2
v-10__0.5__2040___408 0.138826757669 368.3 127.4 368.3 151.0 355.8 151.0 355.8 127.4
v-10__0.5__2040___408 0.135265246034 310.2 360.1 310.2 372.6 293.2 372.6 293.2 360.1
v-10__0.5__2040___408 0.134156644344 50.4 311.8 50.4 325.7 33.5 325.7 33.5 311.8
v-10__0.5__2040___408 0.128725841641 74.1 318.5 74.1 334.2 58.5 334.2 58.5 318.5
v-10__0.5__2040___408 0.128565147519 134.2 372.8 134.2 391.8 119.6 391.8 119.6 372.8
v-10__0.5__2040___408 0.128225907683 216.4 360.3 218.3 372.2 194.5 378.3 192.6 366.5
v-10__0.5__2040___408 0.126331865788 387.8 296.0 392.1 308.5 376.9 316.7 372.5 304.2
v-10__0.5__2040___408 0.122290387750 110.7 380.1 110.7 407.5 95.7 407.5 95.7 380.1
v-10__0.5__2040___408 0.116385050118 198.4 440.7 198.4 459.3 181.5 459.3 181.5 440.7
v-10__0.5__2040___408 0.113645263016 309.0 339.9 309.0 360.6 296.0 360.6 296.0 339.9
v-10__0.5__2040___408 0.111367002130 184.2 298.9 186.0 307.8 162.7 313.8 160.9 304.8
v-10__0.5__2040___408 0.110074147582 286.1 396.0 286.1 408.2 253.4 408.2 253.4 396.0
v-10__0.5__2040___408 0.109155729413 332.8 135.9 354.0 142.4 350.6 156.2 329.3 149.6
v-10__0.5__2040___408 0.105755098164 207.3 350.5 210.6 360.3 189.5 366.7 186.2 356.8
v-10__0.5__2040___408 0.104505166411 146.8 361.1 150.1 384.7 137.5 386.2 134.3 362.6
v-10__0.5__2040___408 0.104173958302 469.3 146.5 471.6 164.4 447.4 169.1 445.1 151.2
v-10__0.5__2040___408 0.101256780326 589.3 207.7 589.3 230.6 575.3 230.6 575.3 207.7
v-10__0.5__2040___408 0.100641757250 166.2 257.8 166.2 275.7 151.0 275.7 151.0 257.8
v-10__0.5__2040___408 0.100341297686 231.9 440.0 231.9 450.1 211.4 450.1 211.4 440.0
v-10__0.5__2040___816 0.160244435072 490.6 279.5 494.3 308.3 484.1 309.7 480.4 280.9
v-10__0.5__2040___816 0.155249804258 603.3 388.1 605.9 401.5 576.6 407.6 574.1 394.2
v-10__0.5__2040___816 0.128536403179 282.5 200.1 282.5 212.3 248.7 212.3 248.7 200.1
v-10__0.5__2040___816 0.127012237906 77.2 384.4 96.0 393.1 87.2 412.2 68.4 403.5
v-10__0.5__2040___816 0.116262741387 311.6 285.6 323.9 294.0 299.6 325.2 287.3 316.8
v-10__0.5__2040___816 0.105964936316 86.4 447.7 86.4 468.9 71.7 468.9 71.7 447.7
v-19__0.5__1224___0 0.132162705064 437.3 355.7 438.1 367.2 414.0 369.8 413.1 358.3
v-10__0.5__2448___408 0.526328325272 585.6 11.5 604.5 29.2 595.0 39.1 576.0 21.4
v-10__0.5__2448___408 0.261229395866 213.5 535.1 218.1 563.9 199.7 566.5 195.1 537.6
v-10__0.5__2448___408 0.249962925911 209.9 511.4 212.8 521.2 193.5 526.0 190.6 516.2
v-10__0.5__2448___408 0.247171267867 573.7 18.5 591.6 35.8 584.2 43.3 566.3 26.1
v-10__0.5__2448___408 0.170680791140 393.6 565.0 394.8 578.9 362.1 582.7 360.9 568.9
v-10__0.5__2448___408 0.150208339095 599.5 -0.8 613.7 12.5 605.7 20.2 591.5 6.8
v-10__0.5__2448___408 0.132944419980 452.3 328.2 457.3 345.8 447.0 349.5 442.0 331.9
v-10__0.5__2448___408 0.131592929363 452.3 265.3 452.3 275.0 431.9 275.0 431.9 265.3
v-10__0.5__2448___408 0.129415303469 414.7 142.5 426.5 154.3 414.6 165.5 402.8 153.8
v-10__0.5__2448___408 0.128985717893 193.6 558.6 196.0 569.3 179.4 572.4 177.0 561.8
v-10__0.5__2448___408 0.113247178495 207.2 502.6 208.5 512.2 187.6 516.8 186.3 507.2
v-10__0.5__2448___408 0.111549995840 438.0 244.8 438.0 255.2 414.5 255.2 414.5 244.8
v-10__0.5__2448___408 0.107189953327 565.3 41.4 577.5 54.7 566.2 65.8 554.0 52.5
v-10__0.5__2448___408 0.103629566729 118.6 495.4 118.7 505.8 103.8 508.3 103.6 497.9
v-10__0.5__2448___408 0.103181570768 188.5 533.7 190.7 546.1 175.9 549.0 173.7 536.7
v-19__0.5__1632___1632 0.141384840012 333.2 123.7 336.9 157.7 317.7 160.1 314.0 126.1
v-19__0.5__1632___2040 0.250402718782 449.3 509.5 454.6 530.8 442.9 534.8 437.6 513.5
v-19__0.5__1632___2040 0.158346518874 460.2 499.2 467.6 525.0 455.3 528.5 447.9 502.6
v-19__0.5__1632___2040 0.136150106788 439.7 494.0 446.8 513.9 437.7 517.2 430.5 497.3
v-19__0.5__1632___2040 0.116436898708 419.6 523.0 431.6 539.8 422.9 546.3 410.9 529.6
v-19__0.5__1632___2040 0.105283029377 433.4 504.3 447.5 534.1 435.8 540.1 421.7 510.3
v-19__0.5__2040___0 0.113344296813 65.0 524.3 65.0 552.9 51.5 552.9 51.5 524.3
v-19__0.5__2040___408 0.116780139506 32.3 497.5 32.3 529.9 18.3 529.9 18.3 497.5
v-19__0.5__2040___816 0.251665234566 118.4 319.9 118.4 341.2 101.3 341.2 101.3 319.9
v-19__0.5__2040___816 0.168798297644 447.6 397.9 454.8 416.1 428.5 429.5 421.3 411.4
v-19__0.5__2040___816 0.147097960114 69.5 253.6 69.5 279.5 54.2 279.5 54.2 253.6
v-19__0.5__2040___816 0.141797408462 303.4 160.6 317.5 180.3 309.5 186.5 295.4 166.8
v-19__0.5__2040___816 0.139946639538 310.8 335.0 319.4 359.5 307.6 364.9 299.1 340.3
v-19__0.5__2040___816 0.122727081180 73.8 355.8 73.8 375.5 64.7 375.5 64.7 355.8
v-19__0.5__2040___816 0.120566390455 80.5 317.3 80.5 342.7 67.1 342.7 67.1 317.3
v-19__0.5__2040___816 0.118709906936 324.5 341.3 332.5 360.9 321.5 366.1 313.4 346.5
v-19__0.5__2040___816 0.114534340799 395.3 260.6 406.8 269.6 384.2 296.3 372.7 287.3
v-19__0.5__2040___816 0.114225909114 412.6 284.9 429.3 295.9 406.5 327.8 389.8 316.8
v-19__0.5__2040___816 0.111282080412 112.9 357.6 112.9 382.6 100.5 382.6 100.5 357.6
v-19__0.5__2040___816 0.104769729078 32.0 91.0 32.0 120.5 18.9 120.5 18.9 91.0
v-19__0.5__2040___816 0.102239690721 444.4 195.0 451.0 216.3 415.5 226.5 408.9 205.2
v-19__0.5__2040___816 0.101932898164 97.2 259.6 126.4 268.3 122.9 279.9 93.7 271.3
v-19__0.5__2040___816 0.100009262562 66.2 278.9 66.2 307.0 49.9 307.0 49.9 278.9
v-19__0.5__2448___816 0.155794024467 50.0 399.0 55.8 417.8 26.7 428.2 21.0 409.4
v-19__0.5__2448___1224 0.317929863930 190.0 292.7 203.4 317.5 189.3 324.9 175.9 300.1
v-19__0.5__2448___1224 0.111977271736 553.7 550.9 553.7 564.9 530.5 564.9 530.5 550.9
v-19__0.5__2448___1224 0.102727152407 213.6 281.0 219.8 292.3 207.3 300.2 201.1 288.8
v-19__0.5__2856___816 0.196156457067 322.4 121.1 336.8 141.0 329.2 146.3 314.8 126.4
v-19__0.5__2856___816 0.108906835318 384.0 263.5 384.0 276.5 364.0 276.5 364.0 263.5
v-19__0.5__2856___816 0.103005588055 159.9 383.4 162.6 417.7 146.9 419.9 144.2 385.7
v-19__0.5__2856___1224 0.121387213469 223.4 560.9 235.2 563.8 229.8 585.6 218.1 582.6
v-19__0.5__2856___1224 0.105152882636 151.0 526.3 151.0 557.8 132.7 557.8 132.7 526.3
v-19__0.5__3264___2040 0.251011162996 402.0 364.2 402.0 391.6 387.4 391.6 387.4 364.2
v-19__0.5__3264___2040 0.164258450270 454.8 319.5 473.7 322.7 471.2 331.8 452.3 328.6
v-19__0.5__3264___2040 0.112778000534 526.8 341.8 526.8 358.6 510.2 358.6 510.2 341.8
v-19__0.5__3264___3264 0.260377854109 224.3 166.9 224.3 189.7 213.3 189.7 213.3 166.9
v-19__0.5__3264___3264 0.250694632530 213.2 166.6 213.2 189.4 197.7 189.4 197.7 166.6
v-19__0.5__3264___3264 0.160572305322 310.9 247.1 310.9 269.2 295.2 269.2 295.2 247.1
v-19__0.5__3264___3264 0.126774907112 154.6 531.4 165.9 536.4 159.7 551.1 148.4 546.1
v-19__0.5__3264___3488 0.107505038381 154.6 307.5 165.8 312.5 159.7 327.0 148.4 322.0
v-19__0.5__3488___2040 0.252154409885 178.0 364.2 178.0 391.6 163.4 391.6 163.4 364.2
v-19__0.5__3488___2040 0.155977383256 230.8 319.5 249.6 322.7 247.1 331.8 228.3 328.6
v-19__0.5__3488___3264 0.151112243533 86.9 247.1 86.9 269.2 71.2 269.2 71.2 247.1
v-2__1__816___408 0.272768199444 410.8 256.3 410.8 314.2 368.8 314.2 368.8 256.3
v-5__1__0___816 0.131719529629 186.9 196.0 200.3 213.5 169.6 230.6 156.3 213.1
v-9__1__0___1224 0.173054128885 275.9 586.0 278.5 603.9 207.8 618.9 205.2 601.0
v-9__1__0___1224 0.169349923730 21.6 464.2 35.6 490.4 6.2 506.9 -7.7 480.7
v-9__1__0___1224 0.157096669078 400.8 455.7 405.5 472.2 370.2 484.5 365.6 468.0
v-9__1__0___1224 0.109649837017 365.7 360.5 373.2 382.5 334.9 396.7 327.4 374.7
v-9__1__0___1440 0.127870902419 17.6 248.2 31.1 274.5 3.8 290.8 -9.7 264.5
v-9__1__0___1440 0.102176077664 370.1 149.8 379.3 176.6 337.5 190.7 328.4 163.9
v-9__1__408___1224 0.133982241154 16.5 520.8 27.1 555.6 2.6 563.1 -7.9 528.2
v-9__1__408___1440 0.102584548295 15.7 300.6 27.3 338.1 3.5 344.9 -8.1 307.5
v-9__1__816___408 0.138544559479 302.9 583.2 307.7 603.8 243.9 621.7 239.2 601.1
v-9__1__1224___1224 0.111030481756 366.9 284.8 395.4 310.4 372.7 336.1 344.2 310.5
v-10__1__0___2856 0.248148962855 158.2 340.4 158.2 367.4 144.0 367.4 144.0 340.4
v-10__1__0___2856 0.224899992347 179.2 278.8 179.2 292.4 151.9 292.4 151.9 278.8
v-10__1__0___2856 0.130864426494 176.2 337.8 176.2 364.2 158.1 364.2 158.1 337.8
v-10__1__0___2856 0.121926479042 110.5 295.9 110.5 331.9 85.6 331.9 85.6 295.9
v-10__1__0___3264 0.101200252771 234.9 385.8 258.3 406.5 240.2 426.6 216.8 405.9
v-10__1__408___0 0.137393504381 281.4 459.8 286.2 494.4 266.5 496.8 261.7 462.2
v-10__1__816___408 0.401002407074 536.7 492.7 536.7 518.0 522.7 518.0 522.7 492.7
v-10__1__816___408 0.154126569629 374.8 484.6 378.0 517.8 356.6 520.3 353.4 487.2
v-10__1__816___408 0.135593831539 153.8 255.6 165.0 268.8 154.9 276.9 143.8 263.7
v-10__1__816___408 0.105869255960 353.2 486.9 358.5 521.6 338.0 525.0 332.7 490.3
v-10__1__2856___0 0.104859679937 59.8 364.8 67.9 372.7 50.5 389.4 42.4 381.5
v-10__1__2856___2448 0.151259362698 506.0 16.7 509.0 50.3 488.8 52.7 485.8 19.1
v-10__1__2856___2448 0.109057784081 416.4 48.4 420.6 65.1 410.6 68.2 406.4 51.5
v-10__1__3264___2448 0.252556174994 99.4 19.2 99.4 49.7 79.4 49.7 79.4 19.2
v-10__1__3264___2448 0.102987945080 116.6 144.6 120.0 157.8 98.6 164.5 95.2 151.4
v-10__1__3264___2856 0.127232998610 186.3 336.4 186.3 363.5 169.7 363.5 169.7 336.4
v-10__1__4080___2040 0.203893586993 91.6 501.6 91.6 517.5 64.1 517.5 64.1 501.6
v-10__1__4080___2040 0.184243485332 229.6 483.7 232.0 498.5 215.1 501.8 212.7 487.1
v-10__1__4080___2040 0.150529637933 596.6 182.8 609.6 191.7 583.5 228.9 570.5 220.0
v-10__1__4080___2040 0.125279605389 127.3 497.9 127.3 522.5 99.9 522.5 99.9 497.9
v-10__1__4488___816 0.204525083303 361.5 268.0 365.8 302.9 347.9 305.7 343.6 270.9
v-10__1__4488___1224 0.538663983345 194.9 274.8 194.9 298.9 184.0 298.9 184.0 274.8
v-10__1__4488___1224 0.517939805984 211.4 275.6 211.4 298.3 200.5 298.3 200.5 275.6
v-10__1__4488___1224 0.320159316063 86.2 484.7 86.2 504.3 70.9 504.3 70.9 484.7
v-10__1__4488___1224 0.315747529268 105.4 470.7 105.4 493.4 93.0 493.4 93.0 470.7
v-10__1__4488___1224 0.292450010777 118.1 419.7 118.1 440.8 93.8 440.8 93.8 419.7
v-10__1__4488___1224 0.233735337853 109.8 534.2 109.8 558.1 87.1 558.1 87.1 534.2
v-10__1__4488___1224 0.165989682078 201.8 367.0 201.8 391.2 188.2 391.2 188.2 367.0
v-10__1__4488___1224 0.160186424851 142.0 535.6 142.0 556.4 125.9 556.4 125.9 535.6
v-10__1__4488___1224 0.146828129888 107.9 511.7 107.9 526.0 78.7 526.0 78.7 511.7
v-10__1__4488___1224 0.134620696306 140.5 336.3 140.5 356.1 111.8 356.1 111.8 336.3
v-10__1__4488___1224 0.133514553308 222.6 416.7 222.6 436.2 205.1 436.2 205.1 416.7
v-10__1__4488___1224 0.132925376296 182.0 275.9 182.0 297.4 172.8 297.4 172.8 275.9
v-10__1__4488___1224 0.132839083672 64.9 482.2 64.9 505.5 52.2 505.5 52.2 482.2
v-10__1__4488___1224 0.128367841244 206.1 313.3 206.1 331.7 182.0 331.7 182.0 313.3
v-10__1__4488___1224 0.114564739168 142.1 397.8 142.1 414.8 117.8 414.8 117.8 397.8
v-10__1__4488___1224 0.110687017441 197.0 342.6 197.0 357.4 166.9 357.4 166.9 342.6
v-10__1__4488___1224 0.104492224753 200.5 304.3 200.5 315.0 181.6 315.0 181.6 304.3
v-10__1__4896___816 0.129244104028 368.9 45.4 368.9 73.0 356.7 73.0 356.7 45.4
v-10__1__4896___816 0.122898854315 60.8 -1.1 66.3 34.5 47.1 37.8 41.6 2.2
v-10__1__4896___816 0.111528143287 415.0 119.5 415.0 139.4 398.2 139.4 398.2 119.5
v-10__1__4896___1224 0.109629429877 353.7 4.8 353.7 47.4 321.8 47.4 321.8 4.8
v-12__1__408___408 0.120093889534 222.6 102.4 222.6 125.4 188.4 125.4 188.4 102.4
v-12__1__816___408 0.113629452884 175.7 390.0 175.7 422.3 155.9 422.3 155.9 390.0
v-19__1__408___5304 0.128743067384 509.1 567.9 523.3 571.3 517.6 595.6 503.4 592.3
v-19__1__408___5712 0.239022105932 509.4 159.1 522.5 162.1 518.2 182.3 505.1 179.3
v-19__1__816___5712 0.204757973552 101.4 158.8 114.7 161.9 110.4 182.7 97.1 179.6
v-19__1__1224___1632 0.290831506252 280.6 562.3 287.8 570.2 269.5 588.2 262.3 580.4
v-19__1__1224___1632 0.192837610841 269.0 552.1 277.6 560.7 259.9 576.8 251.4 568.2
v-19__1__2856___2448 0.164334177971 400.9 285.4 403.9 307.5 394.3 309.0 391.3 286.9
v-19__1__2856___2448 0.135797083378 409.1 323.9 410.9 351.0 398.1 352.4 396.3 325.4
v-19__1__4488___408 0.107670977712 273.4 584.2 279.8 606.5 260.1 611.3 253.7 589.0
v-19__1__4488___816 0.103432007134 404.9 59.0 413.5 83.8 374.2 97.2 365.7 72.3
v-19__1__5304___2040 0.101033717394 487.9 136.2 500.5 143.3 484.2 170.9 471.6 163.9
v-19__1__5304___2448 0.113861657679 28.6 155.2 28.6 175.1 0.4 175.1 0.4 155.2
v-19__1__5712___2040 0.163641124964 255.6 361.8 269.7 365.7 261.5 393.9 247.4 390.0
v-19__1__5712___2040 0.107781186700 151.4 288.4 176.3 294.4 171.5 309.5 146.7 303.5
v-19__1__6936___6528 0.127301573753 264.6 449.8 273.4 469.8 260.2 475.5 251.5 455.5
v-19__1__6936___6936 0.155539929867 264.6 41.8 273.3 62.4 260.3 67.7 251.6 47.0
v-20__1__0___0 0.670879781246 263.3 151.7 282.3 153.6 277.1 195.1 258.1 193.2
v-20__1__0___0 0.608137369156 233.7 148.5 253.8 150.3 248.5 192.1 228.3 190.3
v-20__1__0___0 0.280041903257 63.6 337.7 113.1 363.3 93.3 402.8 43.8 377.2
