v-20__0.5__0___0 0.422981679440 108.9 164.5 118.0 174.8 97.9 195.8 88.8 185.6
v-20__0.5__0___0 0.190361022949 72.7 154.9 93.8 169.7 85.0 181.4 63.9 166.7
v-20__0.5__0___408 0.447232812643 353.9 269.5 353.9 285.4 330.6 285.4 330.6 269.5
v-6__0.5__0___408 0.176608592272 227.6 577.1 247.3 600.4 230.8 610.6 211.1 587.3
v-6__0.5__0___408 0.144105166197 203.8 548.8 229.7 583.2 205.9 597.7 180.0 563.3
v-2__0.5__408___0 0.267473846674 304.7 403.4 327.5 408.7 307.0 483.7 284.3 478.4
v-2__0.5__408___0 0.180547967553 343.7 410.2 362.8 412.8 349.1 469.6 330.0 466.9
v-20__0.5__0___416 0.439746975899 353.9 261.2 353.9 276.9 330.4 276.9 330.4 261.2
v-20__0.5__0___416 0.109845809639 235.2 262.3 235.2 275.4 223.1 275.4 223.1 262.3
v-6__0.5__0___416 0.131949543953 206.0 540.7 228.5 572.4 211.5 582.1 189.0 550.4
v-6__0.5__0___416 0.128689289093 242.4 582.9 255.1 603.3 231.7 613.2 219.0 592.7
v-6__0.5__0___416 0.127993717790 169.7 541.7 198.0 580.6 183.8 589.3 155.5 550.4
v-4__0.5__0___0 0.428427904844 343.2 486.2 355.9 512.0 333.9 523.6 321.2 497.8
v-4__0.5__0___0 0.355618625879 92.7 56.0 106.4 80.9 81.6 94.4 67.9 69.5
v-4__0.5__0___0 0.187530189753 416.3 296.5 417.7 299.5 397.0 309.1 395.6 306.1
v-4__0.5__0___0 0.180828124285 434.7 469.8 441.6 488.1 437.0 490.0 430.0 471.7
v-3__0.5__0___0 0.298477381468 375.8 234.4 375.8 329.1 340.5 329.1 340.5 234.4
v-3__0.5__0___0 0.289784163237 289.4 200.4 291.8 211.0 265.4 218.0 263.1 207.4
v-3__0.5__0___0 0.161093115807 240.1 -6.6 255.4 3.0 242.2 18.9 226.8 9.4
v-7__0.5__0___0 0.485567182302 427.5 61.9 430.3 85.0 403.0 87.8 400.1 64.7
v-7__0.5__0___0 0.418457984924 19.1 500.6 22.9 533.4 15.7 533.0 11.9 500.2
v-7__0.5__0___0 0.290262669325 62.1 49.8 62.1 66.7 54.2 66.7 54.2 49.8
v-7__0.5__0___0 0.281748026609 70.5 267.2 73.7 287.2 64.1 288.7 60.9 268.7
v-7__0.5__0___0 0.256333529949 431.0 222.1 431.0 236.5 416.0 236.5 416.0 222.1
v-7__0.5__0___0 0.106699585915 460.5 215.8 460.5 234.4 449.7 234.4 449.7 215.8
v-7__0.5__0___0 0.103705577552 398.6 3.7 398.6 26.7 389.1 26.7 389.1 3.7
v-2__0.5__408___408 0.181070894003 342.5 6.5 361.7 10.2 342.6 78.5 323.4 74.8
v-2__0.5__408___408 0.172028392553 303.6 2.6 327.4 7.7 307.7 82.3 283.9 77.2
v-4__0.5__0___408 0.403614044189 342.3 80.6 355.8 106.6 334.3 118.7 320.8 92.7
v-4__0.5__0___408 0.296031296253 606.8 269.6 609.4 274.5 589.3 284.9 586.7 280.0
v-4__0.5__0___408 0.226385012269 470.5 16.5 472.5 23.1 459.1 27.3 457.0 20.7
v-7__0.5__0___408 0.453114569187 19.3 95.4 23.2 128.4 16.1 128.4 12.1 95.4
v-7__0.5__0___408 0.275686919689 55.7 437.7 56.5 447.1 37.1 450.4 36.4 440.9
v-7__0.5__0___408 0.141419529915 271.1 252.5 276.6 292.5 269.2 293.4 263.7 253.5
v-7__0.5__0___408 0.125210389495 519.7 561.1 519.7 578.7 507.1 578.7 507.1 561.1
v-7__0.5__0___408 0.101788632572 14.8 203.9 14.8 214.0 -0.2 214.0 -0.2 203.9
v-2__0.5__408___416 0.109186634421 302.0 -4.9 328.6 0.6 309.3 73.9 282.6 68.4
v-2__0.5__408___416 0.107593178749 336.3 10.2 356.5 12.5 340.8 74.5 320.6 72.2
v-4__0.5__0___416 0.322063118219 343.8 73.9 358.4 103.5 333.8 116.2 319.2 86.6
v-4__0.5__0___416 0.258730381727 470.6 7.8 472.8 14.6 458.9 19.5 456.8 12.6
v-4__0.5__0___416 0.257889896631 605.9 261.9 608.8 267.0 589.9 276.7 587.0 271.7
v-4__0.5__0___416 0.144389599562 434.6 53.5 441.1 70.6 435.9 72.7 429.4 55.6
v-7__0.5__0___416 0.390709102154 19.1 87.6 22.8 120.0 16.2 119.6 12.5 87.3
v-7__0.5__0___416 0.320963203907 55.2 430.2 56.0 439.1 37.8 442.1 37.0 433.2
v-7__0.5__0___416 0.161662459373 519.0 552.8 519.0 570.6 507.3 570.6 507.3 552.8
v-7__0.5__0___416 0.122599028051 14.7 196.1 14.7 205.8 -0.2 205.8 -0.2 196.1
v-2__0.5__416___0 0.233025923371 296.5 401.8 321.2 407.6 299.3 485.4 274.6 479.5
v-2__0.5__416___0 0.173852831125 332.3 407.9 355.3 412.1 337.2 479.7 314.2 475.6
v-4__0.5__408___0 0.243910759687 341.4 137.5 343.7 144.5 327.8 148.9 325.5 142.0
v-4__0.5__408___0 0.243786230683 509.1 331.5 514.2 345.1 507.1 347.2 502.1 333.6
v-4__0.5__408___0 0.167488142848 26.5 469.8 33.2 486.7 28.7 488.5 22.0 471.5
v-4__0.5__408___0 0.127497509122 370.1 45.9 372.8 62.7 363.8 63.5 361.1 46.7
v-2__0.5__416___408 0.162426650524 333.5 9.7 353.5 13.0 335.3 75.1 315.3 71.7
v-2__0.5__416___408 0.125617519021 295.8 2.2 325.7 7.7 307.5 82.8 277.6 77.3
v-7__0.5__408___0 0.419350206852 27.9 61.1 30.6 85.9 -0.4 89.0 -3.0 64.2
v-7__0.5__408___0 0.201413542032 227.2 430.0 231.8 455.9 222.7 456.6 218.1 430.7
v-7__0.5__408___0 0.150992915034 121.9 0.5 121.9 26.3 109.4 26.3 109.4 0.5
v-7__0.5__408___0 0.147738739848 379.0 305.2 379.0 316.2 355.7 316.2 355.7 305.2
v-7__0.5__408___0 0.146320104599 24.7 222.3 24.7 236.5 9.6 236.5 9.6 222.3
v-7__0.5__408___0 0.138055965304 52.5 214.8 52.5 234.9 41.4 234.9 41.4 214.8
v-3__0.5__408___408 0.178164631128 306.4 343.6 306.4 357.6 273.3 357.6 273.3 343.6
v-3__0.5__408___408 0.115488983691 308.5 551.5 308.5 564.3 279.0 564.3 279.0 551.5
v-4__0.5__408___408 0.418923169374 330.9 524.5 331.8 528.1 313.0 535.7 312.1 532.2
v-4__0.5__408___408 0.339823544025 197.3 270.7 199.4 273.8 181.8 283.3 179.8 280.3
v-4__0.5__408___408 0.302667349577 244.8 358.6 247.0 363.1 229.6 372.1 227.5 367.6
v-4__0.5__408___408 0.287335306406 454.2 477.1 460.1 489.8 456.8 491.0 450.8 478.3
v-4__0.5__408___408 0.206004813313 65.2 15.5 67.8 22.7 52.5 27.6 49.9 20.4
v-4__0.5__408___408 0.139294698834 26.4 61.7 33.2 79.0 28.3 80.2 21.6 62.9
v-3__0.5__408___416 0.157175943255 307.2 545.0 307.2 561.0 281.0 561.0 281.0 545.0
v-3__0.5__408___416 0.146602258086 307.1 335.2 307.1 350.1 273.2 350.1 273.2 335.2
v-3__0.5__408___416 0.129089295864 308.5 351.5 308.5 365.9 278.6 365.9 278.6 351.5
v-7__0.5__408___408 0.240385860205 111.4 563.4 111.4 583.3 102.3 583.3 102.3 563.4
v-7__0.5__408___408 0.206081271172 228.2 25.7 231.9 49.7 223.4 50.7 219.7 26.8
v-2__0.5__416___416 0.112165115774 295.2 -4.7 328.1 2.4 308.2 73.7 275.3 66.6
v-2__0.5__416___416 0.103929124773 331.5 8.4 353.3 12.3 336.9 68.3 315.1 64.5
v-4__0.5__408___416 0.396860361099 330.7 516.5 331.5 519.7 313.1 527.4 312.3 524.2
v-4__0.5__408___416 0.333769321442 245.2 350.5 247.2 355.0 229.6 363.9 227.7 359.4
v-4__0.5__408___416 0.281475752592 65.5 6.8 68.3 14.7 52.4 20.0 49.5 12.1
v-4__0.5__408___416 0.236867621541 454.2 469.1 460.0 481.4 456.6 483.0 450.8 470.7
v-4__0.5__408___416 0.202941030264 197.8 262.6 199.9 265.5 181.4 275.4 179.4 272.6
v-7__0.5__408___416 0.249331951141 111.7 552.7 111.7 571.2 101.7 571.2 101.7 552.7
v-7__0.5__408___416 0.182681798935 228.0 16.6 232.3 43.2 223.6 44.3 219.4 17.6
v-4__0.5__416___0 0.260487258434 333.4 137.4 335.9 144.2 319.5 149.0 317.0 142.2
v-4__0.5__416___0 0.260396659374 501.1 331.6 506.1 344.8 499.2 347.1 494.2 333.9
v-4__0.5__416___0 0.133622288704 56.5 421.7 59.3 428.8 45.7 433.2 42.9 426.1
v-4__0.5__416___0 0.113900922239 18.8 470.1 25.4 487.1 20.7 488.6 14.0 471.6
v-4__0.5__416___0 0.105304926634 364.6 46.0 364.6 63.6 353.2 63.6 353.2 46.0
v-8__0.5__0___0 0.283981174231 573.1 293.5 599.5 319.6 591.3 327.3 564.9 301.3
v-8__0.5__0___0 0.140369549394 579.3 274.1 609.8 303.7 600.7 312.7 570.2 283.2
v-7__0.5__416___0 0.209850475192 16.6 62.4 16.6 86.8 -3.6 86.8 -3.6 62.4
v-7__0.5__416___0 0.204614967108 44.3 215.1 44.3 235.0 33.7 235.0 33.7 215.1
v-7__0.5__416___0 0.154063925147 113.8 0.3 113.8 20.3 101.3 20.3 101.3 0.3
v-7__0.5__416___0 0.146856099367 115.6 97.7 115.6 116.4 105.2 116.4 105.2 97.7
v-7__0.5__416___0 0.139899611473 15.4 224.3 15.4 241.6 2.2 241.6 2.2 224.3
v-7__0.5__416___0 0.134893938899 371.7 305.0 371.7 316.8 346.4 316.8 346.4 305.0
v-7__0.5__416___0 0.103208623827 219.0 430.2 223.3 455.9 214.2 456.3 209.9 430.6
v-4__0.5__416___408 0.358341127634 322.4 524.4 323.1 527.7 304.9 535.7 304.1 532.5
v-4__0.5__416___408 0.259570419788 446.4 476.6 452.7 489.6 449.0 491.1 442.7 478.1
v-4__0.5__416___408 0.241867378354 236.3 358.7 238.4 362.9 221.8 371.5 219.7 367.3
v-4__0.5__416___408 0.238039791584 57.1 15.4 60.1 23.0 44.9 27.9 41.9 20.3
v-4__0.5__416___408 0.230164840817 189.0 270.8 191.2 273.8 174.2 283.2 171.9 280.2
v-3__0.5__416___416 0.208806410432 299.7 544.8 299.7 561.3 271.1 561.3 271.1 544.8
v-12__0.5__0___0 0.244750440121 447.9 477.4 447.9 499.2 433.3 499.2 433.3 477.4
v-4__0.5__416___416 0.363885968924 322.5 516.2 323.3 519.9 305.1 527.7 304.2 524.0
v-4__0.5__416___416 0.315349817276 189.0 262.8 191.1 265.5 173.5 275.5 171.4 272.8
v-4__0.5__416___416 0.301149576902 236.7 350.7 238.7 354.8 221.4 363.7 219.4 359.5
v-4__0.5__416___416 0.276620239019 446.4 468.4 452.8 482.0 448.5 483.6 442.1 470.0
v-4__0.5__416___416 0.255621999502 57.0 6.7 60.4 14.9 44.9 20.3 41.5 12.1
v-4__0.5__416___416 0.119618825614 20.4 56.7 28.0 74.0 22.9 76.5 15.3 59.3
v-7__0.5__416___408 0.231041744351 219.8 26.0 223.6 49.6 215.0 50.6 211.2 27.1
v-7__0.5__416___408 0.230598628521 103.3 562.8 103.3 584.1 94.6 584.1 94.6 562.8
v-12__0.5__0___408 0.244748905301 447.9 72.3 447.9 94.1 433.4 94.1 433.4 72.3
v-7__0.5__416___416 0.215718775988 103.7 552.2 103.7 571.7 93.8 571.7 93.8 552.2
v-7__0.5__416___416 0.196563184261 220.5 17.8 224.2 42.1 214.8 42.9 211.1 18.6
v-8__0.5__408___0 0.445738881826 166.7 294.1 193.6 320.0 186.3 327.2 159.4 301.4
v-8__0.5__408___0 0.399123936892 173.3 274.3 202.8 305.4 194.7 312.4 165.2 281.3
v-9__0.5__0___0 0.498695552349 343.3 219.9 348.5 234.6 316.5 246.5 311.3 231.7
v-9__0.5__0___0 0.463442713022 430.8 437.4 436.5 455.4 400.7 467.2 395.1 449.2
v-11__0.5__0___0 0.231822535396 199.9 342.2 205.3 366.5 200.4 367.3 195.0 343.0
v-11__0.5__0___0 0.137236520648 370.8 14.2 377.6 37.2 370.7 38.4 363.9 15.3
v-11__0.5__0___0 0.106156878173 566.9 232.5 571.7 245.0 557.6 249.8 552.7 237.3
v-12__0.5__0___416 0.226351052523 447.9 63.7 447.9 86.8 433.4 86.8 433.4 63.7
v-9__0.5__0___408 0.548487126827 301.0 291.9 312.2 321.2 293.6 328.1 282.4 298.9
v-9__0.5__0___408 0.546395301819 449.5 237.0 458.6 265.2 445.6 269.4 436.4 241.2
v-9__0.5__0___408 0.472106099129 426.9 35.0 432.7 52.4 396.4 65.4 390.7 47.9
v-9__0.5__0___408 0.448678106070 527.0 209.5 536.8 235.8 523.1 240.9 513.4 214.5
v-9__0.5__0___408 0.422272980213 500.4 203.7 503.9 215.0 459.7 231.0 456.2 219.7
v-9__0.5__0___408 0.293668597937 191.2 330.9 200.5 358.6 187.2 362.6 177.9 334.8
v-9__0.5__0___408 0.123402707279 606.8 510.5 611.5 528.8 597.0 530.9 592.2 512.6
v-12__0.5__408___0 0.325455218554 41.3 479.3 41.3 497.6 27.2 497.6 27.2 479.3
v-11__0.5__0___416 0.106911279261 606.6 256.8 609.4 268.3 597.7 273.1 595.0 261.6
v-9__0.5__0___416 0.574058294296 450.4 229.3 459.4 257.0 444.9 261.6 435.8 233.9
v-9__0.5__0___416 0.540330529213 426.1 27.0 432.6 44.7 396.8 58.2 390.4 40.5
v-9__0.5__0___416 0.482814252377 527.2 202.3 536.2 227.5 523.0 232.3 514.0 207.1
v-9__0.5__0___416 0.477524489164 297.8 283.1 309.2 312.7 291.1 320.3 279.6 290.7
v-9__0.5__0___416 0.368153363466 493.1 191.1 497.2 202.3 459.5 216.7 455.5 205.5
v-9__0.5__0___416 0.350340604782 196.1 328.1 204.0 351.7 187.8 356.5 179.8 332.9
v-9__0.5__0___416 0.191789269447 19.3 390.3 27.7 412.2 16.6 415.4 8.2 393.5
v-9__0.5__0___416 0.118107728660 500.0 210.2 501.7 217.3 461.3 231.7 459.6 224.6
v-8__0.5__416___0 0.416295230389 157.5 293.4 186.2 319.8 178.5 327.8 149.8 301.4
v-8__0.5__416___0 0.339087992907 166.4 274.9 194.5 304.9 186.2 312.1 158.0 282.1
v-12__0.5__408___408 0.473990619183 246.5 212.9 246.5 228.4 211.0 228.4 211.0 212.9
v-12__0.5__408___408 0.243118405342 41.3 73.8 41.3 92.9 27.5 92.9 27.5 73.8
v-12__0.5__408___408 0.121685206890 207.9 436.9 207.9 457.6 185.3 457.6 185.3 436.9
v-9__0.5__408___0 0.435488104820 27.4 437.4 33.5 454.3 1.1 466.7 -5.0 449.8
v-9__0.5__408___0 0.390013247728 305.0 538.9 317.6 546.6 308.3 576.2 295.7 568.5
v-9__0.5__408___0 0.377414017916 290.5 35.2 299.1 60.2 282.5 65.0 273.9 40.0
v-13__0.5__408___0 0.351385563612 503.6 343.7 525.1 376.8 505.6 388.9 484.1 355.9
v-13__0.5__408___0 0.140877291560 225.8 -20.4 374.5 166.8 338.0 194.1 189.2 6.9
v-11__0.5__408___0 0.250289231539 165.9 225.4 171.9 247.6 163.3 249.0 157.4 226.8
v-11__0.5__408___0 0.166399478912 356.6 165.5 363.6 191.1 352.2 194.0 345.2 168.4
v-11__0.5__408___0 0.158201873302 479.1 131.4 479.1 156.0 466.6 156.0 466.6 131.4
v-12__0.5__408___416 0.491400301456 246.9 204.9 246.9 220.4 211.4 220.4 211.4 204.9
v-12__0.5__408___416 0.253923356533 40.7 68.3 40.7 89.0 28.2 89.0 28.2 68.3
v-12__0.5__408___416 0.112376116216 209.3 425.3 209.3 445.5 183.4 445.5 183.4 425.3
v-11__0.5__408___408 0.417088449001 342.8 315.1 348.6 336.8 340.2 338.9 334.4 317.2
v-11__0.5__408___408 0.158228233457 363.2 385.3 369.1 402.3 360.6 404.8 354.7 387.8
v-9__0.5__408___408 0.495332121849 304.8 137.3 318.9 139.3 313.7 174.7 299.6 172.6
v-9__0.5__408___408 0.479211658239 469.9 134.7 498.6 220.7 483.5 225.6 454.8 139.6
v-9__0.5__408___408 0.476732879877 121.5 209.5 130.5 237.1 116.3 241.5 107.3 213.9
v-9__0.5__408___408 0.468285232782 94.1 203.1 98.0 214.4 56.1 230.1 52.2 218.8
v-9__0.5__408___408 0.465519011021 25.8 32.2 31.8 49.3 2.2 60.7 -3.8 43.6
v-9__0.5__408___408 0.433242082596 45.5 236.8 54.6 264.8 39.7 269.5 30.6 241.5
v-9__0.5__408___408 0.415826886892 216.4 504.1 221.4 520.6 192.3 531.0 187.3 514.5
v-9__0.5__408___408 0.318418145180 491.4 130.2 518.1 209.2 502.6 213.7 475.9 134.7
v-9__0.5__408___408 0.213629171252 573.9 402.3 589.8 457.0 573.4 461.1 557.5 406.4
v-15__0.5__0___0 0.544367074966 277.6 498.6 277.6 534.4 252.1 534.4 252.1 498.6
v-15__0.5__0___0 0.509791135788 566.9 101.4 566.9 128.9 539.4 128.9 539.4 101.4
v-15__0.5__0___0 0.190762519836 545.3 464.2 574.8 469.4 569.8 505.9 540.3 500.6
v-12__0.5__416___0 0.318467855453 33.6 482.4 33.6 501.6 19.7 501.6 19.7 482.4
v-9__0.5__408___416 0.491143018007 25.6 24.9 31.4 41.7 2.5 52.6 -3.4 35.7
v-9__0.5__408___416 0.488440841436 46.7 229.2 55.3 257.2 38.8 262.0 30.1 234.0
v-9__0.5__408___416 0.488188654184 469.9 128.0 498.5 211.9 483.7 216.7 455.1 132.8
v-9__0.5__408___416 0.469510555267 121.5 201.7 130.2 229.3 116.2 233.5 107.5 205.9
v-9__0.5__408___416 0.469181030989 304.5 129.3 319.1 131.6 313.9 166.6 299.3 164.3
v-9__0.5__408___416 0.437664270401 213.2 499.1 218.0 515.2 188.0 525.2 183.2 509.0
v-9__0.5__408___416 0.411181509495 94.2 195.1 98.1 206.5 55.5 222.4 51.6 210.9
v-9__0.5__408___416 0.284212887287 93.9 209.3 96.2 217.0 55.6 231.6 53.3 223.9
v-9__0.5__408___416 0.272843062878 490.8 120.9 518.6 202.5 502.8 207.1 474.9 125.5
v-9__0.5__408___416 0.208356380463 574.2 386.8 591.3 447.4 573.4 452.2 556.3 391.6
v-11__0.5__408___416 0.387831449509 343.4 309.3 349.1 331.4 341.0 333.6 335.3 311.5
v-11__0.5__408___416 0.169714748859 363.8 381.1 370.0 398.1 361.5 401.1 355.2 384.1
v-13__0.5__416___0 0.321633577347 494.5 344.8 516.1 376.8 498.6 388.1 477.0 356.1
v-13__0.5__416___0 0.181548669934 218.6 -22.9 365.9 160.1 328.6 188.9 181.3 5.9
v-15__0.5__0___408 0.623341381550 303.2 330.1 322.1 366.8 301.7 377.9 282.8 341.1
v-15__0.5__0___408 0.551436901093 142.0 406.7 153.9 459.0 131.0 464.5 119.1 412.1
v-15__0.5__0___408 0.546874582767 329.9 219.1 329.9 238.9 289.1 238.9 289.1 219.1
v-15__0.5__0___408 0.501649796963 278.4 99.2 278.4 130.8 251.2 130.8 251.2 99.2
v-15__0.5__0___408 0.450467139482 561.7 436.2 561.7 474.2 545.3 474.2 545.3 436.2
v-15__0.5__0___408 0.143445819616 547.0 63.1 579.2 67.1 575.7 103.7 543.5 99.7
v-15__0.5__0___408 0.136455342174 77.0 511.1 86.3 527.3 80.7 530.8 71.4 514.6
v-15__0.5__0___408 0.116851001978 443.5 271.1 448.0 277.7 429.4 290.5 424.9 283.9
v-15__0.5__0___408 0.111209958792 460.4 154.9 473.2 168.2 468.1 174.4 455.2 161.1
v-9__0.5__416___0 0.422984391451 286.2 36.6 292.8 59.1 275.1 64.3 268.4 41.8
v-9__0.5__416___0 0.386788457632 295.2 542.6 309.2 547.2 301.8 579.3 287.8 574.7
v-9__0.5__416___0 0.343361437321 19.3 439.2 25.5 455.5 1.3 464.4 -5.0 448.2
v-12__0.5__416___408 0.445540487766 238.5 212.6 238.5 228.7 202.9 228.7 202.9 212.6
v-12__0.5__416___408 0.296343356371 33.5 74.3 33.5 92.1 19.3 92.1 19.3 74.3
v-12__0.5__416___408 0.146019726992 199.1 437.1 199.1 457.3 177.5 457.3 177.5 437.1
v-11__0.5__416___0 0.336755394936 471.4 130.4 471.4 156.3 458.0 156.3 458.0 130.4
v-11__0.5__416___0 0.158672809601 158.0 226.0 163.5 247.0 155.4 248.1 150.0 227.1
v-11__0.5__416___0 0.134508132935 344.5 168.2 350.3 190.4 341.8 192.1 336.1 169.8
v-15__0.5__0___416 0.642459750175 303.3 321.3 322.4 359.6 301.8 370.8 282.6 332.5
v-15__0.5__0___416 0.575183808804 142.7 400.6 153.1 449.5 130.1 454.6 119.8 405.7
v-15__0.5__0___416 0.536624073982 329.6 211.6 329.6 230.7 289.6 230.7 289.6 211.6
v-15__0.5__0___416 0.529525876045 278.6 89.3 278.6 124.5 251.3 124.5 251.3 89.3
v-15__0.5__0___416 0.457134246826 562.6 426.4 562.6 468.1 544.5 468.1 544.5 426.4
v-15__0.5__0___416 0.147278696299 76.9 502.1 86.4 520.7 80.6 523.9 71.1 505.2
v-11__0.5__416___408 0.432814240456 335.7 317.4 341.2 339.2 333.1 341.4 327.6 319.6
v-11__0.5__416___408 0.165474221110 353.9 382.6 358.6 397.7 349.5 400.2 344.8 385.2
v-12__0.5__416___416 0.455521941185 239.0 204.9 239.0 220.8 203.1 220.8 203.1 204.9
v-12__0.5__416___416 0.291066855192 32.7 69.4 32.7 87.8 20.5 87.8 20.5 69.4
v-9__0.5__416___408 0.492946803570 113.4 209.0 122.4 236.5 108.3 241.0 99.3 213.6
v-9__0.5__416___408 0.479641258717 296.7 137.5 311.3 139.8 305.9 173.8 291.3 171.6
v-9__0.5__416___408 0.458264678717 86.8 202.5 90.8 214.4 47.0 230.6 43.0 218.7
v-9__0.5__416___408 0.456369608641 37.0 236.4 46.5 265.4 31.8 270.0 22.3 241.1
v-9__0.5__416___408 0.449233919382 461.8 135.4 490.9 220.3 475.5 225.1 446.5 140.3
v-9__0.5__416___408 0.424050956964 208.6 504.2 213.2 520.5 183.6 530.6 179.0 514.4
v-9__0.5__416___408 0.283243030310 483.2 130.1 510.8 209.2 495.0 213.9 467.3 134.8
v-9__0.5__416___408 0.248653084040 565.6 396.2 582.3 454.3 565.6 459.1 548.9 400.9
v-9__0.5__416___408 0.211420029402 18.2 33.5 25.0 50.8 1.9 59.7 -4.9 42.4
v-9__0.5__416___408 0.199707478285 88.7 215.1 90.5 224.2 53.1 236.9 51.2 227.9
v-11__0.5__416___416 0.422994136810 335.5 309.0 341.4 331.3 333.1 333.7 327.2 311.5
v-9__0.5__416___416 0.489594131708 113.3 201.6 121.9 228.5 108.6 232.9 100.0 205.9
v-9__0.5__416___416 0.489341318607 37.3 229.0 46.4 257.0 31.4 261.6 22.3 233.6
v-9__0.5__416___416 0.475735604763 295.1 129.9 309.0 134.0 302.2 165.5 288.3 161.4
v-9__0.5__416___416 0.450577855110 462.4 127.6 491.0 211.1 474.9 216.5 446.3 133.0
v-9__0.5__416___416 0.426233589649 205.7 498.6 210.4 515.7 179.4 525.4 174.7 508.3
v-9__0.5__416___416 0.401670545340 86.9 196.1 90.4 205.7 46.8 221.5 43.4 211.9
v-9__0.5__416___416 0.351845651865 18.2 25.2 24.8 41.7 2.3 50.6 -4.3 34.2
v-9__0.5__416___416 0.249728679657 90.3 207.7 92.2 215.9 51.4 229.4 49.5 221.2
v-9__0.5__416___416 0.238928407431 564.5 384.9 581.7 440.6 567.3 445.9 550.1 390.2
v-9__0.5__416___416 0.210668265820 483.2 121.2 510.8 201.8 494.4 206.6 466.8 126.0
v-9__0.5__416___416 0.103027485311 577.6 387.5 588.9 433.3 578.6 435.1 567.3 389.2
v-15__0.5__408___0 0.517858326435 160.0 101.4 160.0 128.2 136.5 128.2 136.5 101.4
v-15__0.5__408___0 0.354384154081 141.0 465.0 167.3 468.2 163.8 504.6 137.5 501.4
v-15__0.5__408___0 0.195729017258 454.9 590.7 454.9 605.0 433.4 605.0 433.4 590.7
v-15__0.5__408___408 0.576093018055 455.9 447.0 455.9 489.1 430.2 489.1 430.2 447.0
v-15__0.5__408___408 0.539067149162 160.4 434.2 160.4 477.0 142.7 477.0 142.7 434.2
v-15__0.5__408___408 0.529291510582 455.4 185.8 455.4 216.0 431.0 216.0 431.0 185.8
v-15__0.5__408___408 0.183818906546 141.8 63.0 167.6 65.4 163.4 103.0 137.5 100.6
v-15__0.5__408___408 0.100694574416 151.4 260.7 151.4 285.3 136.8 285.3 136.8 260.7
v-10__0.5__0___408 0.378792732954 495.3 322.5 495.3 330.5 449.5 330.5 449.5 322.5
v-10__0.5__0___408 0.296707987785 492.9 344.3 492.9 355.7 451.8 355.7 451.8 344.3
v-10__0.5__0___408 0.214222282171 499.7 330.9 499.7 338.3 452.5 338.3 452.5 330.9
v-15__0.5__408___416 0.564408004284 455.5 438.0 455.5 480.9 430.5 480.9 430.5 438.0
v-15__0.5__408___416 0.537958145142 161.2 424.7 161.2 469.9 142.1 469.9 142.1 424.7
v-15__0.5__408___416 0.467743366957 454.2 180.8 454.2 211.0 426.4 211.0 426.4 180.8
v-15__0.5__408___416 0.142859786749 141.8 54.4 167.3 57.5 163.1 95.0 137.6 91.9
v-15__0.5__408___416 0.133213654160 151.3 252.3 151.3 277.5 136.7 277.5 136.7 252.3
v-15__0.5__408___416 0.117553085089 233.4 167.6 236.8 173.2 216.5 185.3 213.0 179.7
v-15__0.5__408___416 0.105489090085 591.5 484.6 591.5 508.9 580.3 508.9 580.3 484.6
v-17__0.5__0___0 0.362026780844 353.1 229.0 368.7 256.2 357.9 261.6 342.3 234.3
v-17__0.5__0___0 0.200550317764 418.2 239.5 421.5 248.7 380.1 266.4 376.8 257.3
v-17__0.5__0___0 0.131797552109 422.3 347.5 431.6 367.3 425.4 370.2 416.1 350.5
v-17__0.5__0___0 0.113643862307 371.9 261.7 391.5 300.2 385.1 301.9 365.6 263.4
v-10__0.5__0___816 0.178653284907 282.2 308.2 316.6 312.8 314.0 327.7 279.6 323.1
v-10__0.5__0___816 0.158145219088 291.2 413.9 301.2 414.6 294.8 587.3 284.8 586.5
v-10__0.5__0___816 0.116008482873 529.2 462.3 533.1 467.3 520.9 475.9 516.9 470.9
v-17__0.5__0___408 0.205255866051 356.5 215.1 356.5 227.4 327.4 227.4 327.4 215.1
v-15__0.5__416___0 0.548273682594 156.5 101.3 156.5 128.3 131.4 128.3 131.4 101.3
v-15__0.5__416___0 0.273911416531 445.4 590.3 445.4 605.4 426.3 605.4 426.3 590.3
v-15__0.5__416___0 0.241428032517 136.3 464.1 163.3 466.8 159.7 506.1 132.7 503.5
v-10__0.5__0___1224 0.289778023958 227.2 481.5 271.8 486.1 271.3 496.4 226.7 491.8
v-10__0.5__0___1224 0.245740830898 223.3 501.3 269.6 506.5 267.4 524.4 221.1 519.2
v-10__0.5__0___1224 0.183667868376 230.3 527.7 270.1 531.7 267.8 538.0 228.1 534.0
v-10__0.5__0___1224 0.113540925086 300.3 19.1 300.3 187.3 285.4 187.3 285.4 19.1
v-10__0.5__0___1224 0.107421934605 523.9 58.7 523.9 75.1 509.9 75.1 509.9 58.7
v-15__0.5__416___408 0.595120787621 446.4 445.7 446.4 490.1 423.4 490.1 423.4 445.7
v-15__0.5__416___408 0.564180314541 152.7 432.7 152.7 478.1 134.1 478.1 134.1 432.7
v-15__0.5__416___408 0.489899277687 445.9 185.9 445.9 215.8 424.3 215.8 424.3 185.9
v-17__0.5__0___416 0.127404659986 357.4 207.6 357.4 219.1 326.6 219.1 326.6 207.6
v-10__0.5__0___1632 0.514121055603 153.6 406.3 171.2 407.4 167.1 457.7 149.5 456.6
v-10__0.5__0___1632 0.368580788374 226.5 117.7 266.7 120.9 264.4 129.6 224.3 126.4
v-10__0.5__0___1632 0.291122406721 227.5 88.1 274.6 93.4 271.5 109.5 224.5 104.3
v-10__0.5__0___1632 0.218295797706 2.8 468.4 19.3 477.6 16.4 484.2 -0.0 475.0
v-10__0.5__0___1632 0.208917051554 232.4 76.4 274.1 79.9 274.1 88.6 232.4 85.0
v-10__0.5__0___1632 0.155464023352 287.5 175.1 287.2 181.3 251.3 185.1 251.7 179.0
v-10__0.5__0___1632 0.137737959623 130.4 581.5 145.9 585.4 141.5 606.4 126.1 602.4
v-10__0.5__0___1632 0.106474347413 193.6 109.4 203.5 110.6 198.3 145.8 188.4 144.6
v-15__0.5__416___416 0.599423766136 153.2 424.9 153.2 470.2 133.9 470.2 133.9 424.9
v-15__0.5__416___416 0.595058977604 446.7 436.9 446.7 482.1 423.1 482.1 423.1 436.9
v-15__0.5__416___416 0.525532066822 444.8 181.9 444.8 210.7 419.8 210.7 419.8 181.9
v-15__0.5__416___416 0.217667192221 134.1 51.6 159.4 55.4 155.0 91.7 129.7 87.9
v-15__0.5__416___416 0.102186881006 143.1 252.6 143.1 277.0 128.7 277.0 128.7 252.6
v-18__0.5__0___408 0.185453101993 348.7 216.4 358.9 251.6 335.7 258.0 325.5 222.8
v-18__0.5__0___408 0.173243805766 97.5 493.7 100.0 505.8 52.8 516.4 50.3 504.3
v-10__0.5__0___2040 0.452407866716 158.0 6.2 174.3 7.9 169.1 55.2 152.8 53.4
v-10__0.5__0___2040 0.428395092487 129.7 177.2 144.8 179.6 126.4 280.9 111.3 278.4
v-10__0.5__0___2040 0.268660604954 0.9 60.3 15.4 69.4 12.4 75.1 -2.1 66.0
v-10__0.5__0___2040 0.150991186500 86.5 176.6 95.4 178.4 79.2 265.0 70.3 263.1
v-10__0.5__0___2040 0.105546556413 182.0 197.6 187.0 199.1 170.6 236.3 165.7 234.8
v-18__0.5__0___416 0.201181694865 339.1 159.8 361.7 234.3 337.6 241.4 315.0 166.9
v-18__0.5__0___416 0.163981288671 88.6 487.5 90.4 497.4 53.8 506.7 52.0 496.8
v-18__0.5__0___416 0.112156473100 94.5 67.0 97.0 77.7 80.1 81.8 77.6 71.1
v-18__0.5__408___0 0.299987435341 406.7 330.4 410.6 337.2 391.9 348.4 388.0 341.5
v-18__0.5__408___0 0.125262394547 575.7 483.2 577.3 488.9 561.2 494.9 559.6 489.2
v-18__0.5__408___408 0.260657101870 573.7 76.6 575.7 82.1 557.8 88.2 555.9 82.6
v-18__0.5__408___408 0.215121686459 360.4 315.8 360.4 336.6 325.2 336.6 325.2 315.8
v-10__0.5__0___3264 0.191859409213 44.8 167.3 282.9 617.2 266.9 623.8 28.8 174.0
v-18__0.5__408___416 0.234725221992 573.6 68.7 575.5 74.4 558.2 80.2 556.3 74.5
v-18__0.5__408___416 0.141216278076 359.6 310.2 359.6 325.9 326.0 325.9 326.0 310.2
v-10__0.5__0___3488 0.256169170141 56.0 -26.0 394.8 555.6 376.9 565.4 38.2 -16.2
v-18__0.5__416___0 0.278640538454 397.9 330.1 401.9 337.3 383.8 348.2 379.7 341.0
v-18__0.5__416___0 0.115035176277 563.5 486.2 565.8 490.9 552.1 495.9 549.9 491.1
v-18__0.5__416___408 0.323453247547 355.3 316.0 355.3 336.8 321.3 336.8 321.3 316.0
v-18__0.5__416___408 0.159935712814 564.8 77.0 566.8 82.0 550.2 88.1 548.2 83.1
v-10__0.5__408___408 0.327333807945 96.7 322.7 96.7 330.5 44.8 330.5 44.8 322.7
v-10__0.5__408___408 0.294492363930 94.0 342.1 94.0 352.6 47.2 352.6 47.2 342.1
v-10__0.5__408___408 0.273434370756 96.1 330.7 96.1 338.6 45.6 338.6 45.6 330.7
v-18__0.5__416___416 0.248821303248 354.3 310.9 354.3 326.1 322.7 326.1 322.7 310.9
v-18__0.5__416___416 0.139304593205 564.6 68.9 566.7 74.2 550.3 80.3 548.1 75.1
v-19__0.5__0___2448 0.118006274104 406.6 483.6 415.4 495.4 410.0 499.9 401.2 488.0
v-19__0.5__0___2856 0.195225492120 226.6 588.9 225.9 600.0 69.3 614.3 70.0 603.2
v-19__0.5__0___2856 0.123687602580 408.1 78.6 420.1 90.6 415.6 94.9 403.6 82.9
v-19__0.5__0___3264 0.135228201747 188.0 181.1 190.1 195.7 2.2 219.4 0.2 204.8
v-19__0.5__408___408 0.195158556104 474.7 550.8 503.8 560.9 502.4 565.7 473.4 555.7
v-19__0.5__408___816 0.203275665641 474.9 143.2 504.8 153.9 503.1 159.0 473.2 148.3
v-19__0.5__408___816 0.173840954900 204.1 256.6 213.5 261.6 207.0 273.4 197.6 268.5
v-10__0.5__1224___1224 0.456269353628 485.3 242.5 487.9 258.4 451.5 265.1 448.9 249.2
v-10__0.5__1224___1224 0.130513042212 368.3 21.0 371.3 27.6 349.0 33.5 346.0 27.0
v-10__0.5__1224___1632 0.104782834649 365.4 206.8 370.1 215.7 353.3 226.1 348.5 217.2
v-19__0.5__408___2040 0.236801773310 184.7 452.6 263.2 496.8 257.5 507.8 179.0 463.6
v-19__0.5__408___2040 0.224708855152 507.0 590.3 507.0 613.5 453.5 613.5 453.5 590.3
v-19__0.5__408___2040 0.200656965375 246.4 179.2 252.6 187.3 220.1 214.5 213.9 206.5
v-19__0.5__408___2040 0.132860735059 268.1 162.6 272.9 170.0 247.4 189.6 242.5 182.2
v-19__0.5__408___2448 0.375299066305 459.2 179.9 605.7 241.2 599.8 253.6 453.3 192.3
v-19__0.5__408___2448 0.269708633423 118.7 10.8 257.0 86.8 250.1 105.8 111.8 29.8
v-19__0.5__408___2856 0.292306274176 324.5 236.2 325.5 247.6 198.5 269.8 197.5 258.5
v-19__0.5__408___2856 0.168207764626 231.4 529.4 233.1 537.3 202.3 544.8 200.6 536.9
v-19__0.5__408___2856 0.123075336218 448.1 467.6 451.3 483.3 229.2 542.1 226.0 526.4
v-19__0.5__408___3264 0.284927785397 444.7 63.8 447.5 76.9 232.5 134.4 229.7 121.3
v-19__0.5__408___3264 0.100785359740 217.6 124.1 220.2 134.2 192.1 139.6 189.5 129.5
v-19__0.5__816___0 0.172899723053 435.6 459.9 444.2 468.9 387.4 517.3 378.9 508.4
v-19__0.5__816___0 0.158933967352 368.6 511.6 377.9 523.4 284.9 603.5 275.6 591.6
v-19__0.5__816___0 0.137740239501 596.3 351.1 604.8 364.3 445.7 471.3 437.2 458.2
v-19__0.5__816___408 0.272042483091 351.7 125.3 359.4 135.9 276.7 202.1 269.0 191.4
v-19__0.5__816___408 0.251698911190 432.4 57.5 440.4 67.0 391.6 108.7 383.6 99.2
v-19__0.5__816___408 0.201158538461 525.9 -3.8 532.5 7.6 442.8 64.0 436.1 52.7
v-19__0.5__816___408 0.113452732563 230.3 102.1 235.0 106.6 219.5 122.9 214.8 118.3
v-19__0.5__816___408 0.107039690018 69.0 551.5 97.8 561.3 96.9 565.5 68.1 555.7
v-19__0.5__816___816 0.250986307859 69.0 145.3 98.8 154.8 97.8 158.4 68.0 148.9
v-10__0.5__1632___1224 0.394833743572 83.5 241.2 86.7 259.7 49.1 266.8 45.9 248.4
v-19__0.5__816___1224 0.178536176682 346.1 581.2 359.4 602.4 353.6 605.3 340.3 584.1
v-19__0.5__816___1632 0.334496259689 352.9 182.8 422.7 284.6 413.1 291.0 343.3 189.3
v-19__0.5__816___1632 0.202587559819 604.0 326.2 605.3 336.3 510.9 343.2 509.6 333.0
v-19__0.5__816___2040 0.201825037599 148.2 541.7 151.8 548.2 139.8 556.4 136.2 549.9
v-19__0.5__816___2040 0.196209743619 44.6 586.9 102.3 605.3 97.1 616.9 39.4 598.5
v-19__0.5__816___2040 0.136663049459 137.0 551.4 138.6 556.7 110.5 570.2 108.9 565.0
v-19__0.5__816___2448 0.330879598856 51.9 182.5 355.5 309.1 349.8 316.0 46.2 189.4
v-19__0.5__816___2856 0.108159370720 37.0 470.5 38.5 479.5 -0.2 491.0 -1.7 482.0
v-19__0.5__816___3264 0.184739187360 30.1 65.6 31.5 73.6 -1.0 84.4 -2.4 76.4
v-10__0.5__2040___816 0.266161501408 447.9 208.4 459.1 231.9 454.2 233.3 443.1 209.8
v-10__0.5__2040___816 0.110518522561 539.7 322.1 539.7 338.1 526.4 338.1 526.4 322.1
v-19__0.5__1224___0 0.376107513905 241.6 309.7 247.8 318.5 217.9 342.5 211.7 333.7
v-19__0.5__1224___0 0.188411131501 191.3 347.6 200.4 361.5 64.9 459.2 55.8 445.3
v-19__0.5__1224___0 0.121615797281 78.5 427.0 85.2 435.8 38.9 475.6 32.2 466.8
v-19__0.5__1224___0 0.101051971316 267.9 290.9 274.2 299.1 256.1 312.9 249.8 304.7
v-19__0.5__1224___1632 0.396241694689 338.9 314.3 339.5 324.3 111.1 345.2 110.5 335.3
v-19__0.5__1224___1632 0.149997144938 -1.5 259.3 23.9 297.4 14.1 303.2 -11.3 265.1
v-19__0.5__1224___1632 0.111704751849 23.7 301.2 33.6 315.7 28.6 319.0 18.7 304.4
v-19__0.5__1224___2040 0.110696800053 418.9 76.2 424.3 83.3 380.0 121.0 374.6 113.8
v-19__0.5__1632___1632 0.122854739428 424.8 379.2 429.9 402.2 423.4 403.5 418.3 380.5
v-19__0.5__1632___2040 0.101105578244 12.2 74.5 17.2 79.4 1.1 94.3 -3.9 89.3
v-19__0.5__2040___0 0.276681125164 282.4 83.0 284.7 87.4 265.2 97.4 263.0 93.0
v-19__0.5__2040___0 0.185432568192 294.8 436.0 294.8 442.4 269.5 442.4 269.5 436.0
v-19__0.5__2040___0 0.164988428354 88.3 194.0 88.3 280.2 70.1 280.2 70.1 194.0
v-19__0.5__2040___0 0.151677891612 499.4 241.5 507.6 249.9 501.8 255.0 493.6 246.6
v-19__0.5__2040___0 0.108176700771 420.9 32.5 422.7 39.1 368.6 67.4 366.8 60.8
v-19__0.5__2040___408 0.177964881063 294.5 27.3 294.5 35.0 269.6 35.0 269.6 27.3
v-19__0.5__2040___816 0.244704350829 577.3 337.6 594.1 352.1 585.2 364.3 568.5 349.8
v-19__0.5__2040___816 0.190980687737 595.4 342.9 602.3 349.0 592.4 366.9 585.6 360.8
v-19__0.5__2448___816 0.404174417257 187.8 346.8 192.8 351.4 182.5 370.0 177.5 365.4
v-19__0.5__2448___1224 0.176999866962 523.3 76.5 527.2 77.4 519.6 96.0 515.7 95.1
v-19__0.5__2448___1224 0.109732776880 491.5 69.3 493.1 77.5 453.0 89.6 451.4 81.4
v-19__0.5__2856___816 0.166165530682 119.1 476.6 123.4 478.7 113.9 499.9 109.6 497.8
v-19__0.5__2856___1224 0.143611624837 118.1 71.9 122.3 72.9 112.8 93.7 108.6 92.7
v-19__0.5__2856___1224 0.116103708744 519.4 216.3 528.9 240.2 522.5 241.6 513.1 217.7
v-19__0.5__3264___1632 0.350061863661 87.8 77.2 93.2 80.5 79.1 105.8 73.6 102.5
v-19__0.5__3264___1632 0.298575669527 563.4 370.9 569.3 373.1 542.3 418.2 536.5 416.0
v-19__0.5__3264___1632 0.271693438292 555.3 354.0 565.1 360.9 535.8 412.8 526.0 405.9
v-19__0.5__3264___1632 0.118782952428 294.3 449.7 327.7 468.0 325.2 472.2 291.8 453.9
v-19__0.5__3264___2040 0.208725035191 296.2 44.2 328.0 62.1 324.9 65.8 293.2 47.9
v-19__0.5__3264___2040 0.110440976918 208.1 297.7 214.4 299.8 201.3 346.3 195.1 344.2
v-19__0.5__3264___3264 0.370018362999 462.4 228.2 477.1 250.0 472.1 252.7 457.4 230.9
v-19__0.5__3264___3264 0.112566225231 219.3 540.4 219.3 574.6 208.4 574.6 208.4 540.4
v-19__0.5__3264___3488 0.192922681570 462.5 5.5 477.9 27.4 473.2 29.8 457.8 7.9
v-19__0.5__3264___3488 0.108628250659 214.1 371.0 224.3 381.9 219.7 386.6 209.5 375.6
v-19__0.5__3488___1632 0.409749507904 341.3 363.3 348.3 367.3 319.6 418.5 312.6 414.5
v-19__0.5__3488___1632 0.122225902975 72.5 452.1 106.1 471.8 102.9 475.3 69.4 455.6
v-19__0.5__3488___2040 0.257141798735 506.8 192.0 505.6 196.7 470.5 199.9 471.7 195.2
v-19__0.5__3488___2040 0.150484010577 71.8 43.9 105.9 63.1 103.3 66.7 69.2 47.5
v-19__0.5__3488___2040 0.102944239974 317.3 -3.1 326.5 2.2 318.3 14.8 309.1 9.6
v-19__0.5__3488___3264 0.372195154428 239.4 228.6 253.6 250.3 248.4 253.2 234.2 231.5
v-19__0.5__3488___3264 0.108157940209 389.1 72.6 404.8 100.7 400.6 103.1 384.9 75.0
v-19__0.5__3488___3488 0.203490450978 239.3 5.5 254.7 26.9 249.7 30.0 234.3 8.6
v-19__0.5__3488___3488 0.124971531332 257.3 417.8 272.6 450.4 264.8 453.5 249.5 420.9
v-1__1__1440___0 0.224742516875 547.5 253.6 601.0 257.4 599.0 278.6 545.5 274.8
v-1__1__1440___1440 0.133962035179 338.9 373.1 357.4 384.7 331.2 424.9 312.7 413.3
v-2__1__1224___816 0.102826893330 194.9 30.0 225.2 34.9 198.6 144.4 168.3 139.5
v-2__1__1224___816 0.101759105921 226.2 6.0 257.7 12.4 232.1 79.0 200.7 72.7
v-2__1__1224___816 0.100497372448 332.4 -5.6 332.4 18.5 280.0 18.5 280.0 -5.6
v-2__1__1440___408 0.207748442888 8.4 409.6 34.7 415.9 11.8 518.5 -14.5 512.2
v-2__1__1440___408 0.123767986894 28.8 513.4 28.8 535.6 -1.3 535.6 -1.3 513.4
v-2__1__1440___408 0.100527159870 70.9 416.1 101.7 422.5 78.9 488.1 48.1 481.6
v-2__1__1440___816 0.120853811502 8.1 7.0 29.0 15.2 4.1 118.2 -16.8 110.0
v-2__1__1440___816 0.104866228998 48.1 89.0 74.9 95.8 52.5 158.4 25.7 151.6
v-3__1__0___0 0.513525009155 562.3 407.0 571.0 439.3 520.6 456.3 511.8 424.1
v-3__1__0___0 0.444072604179 572.3 175.8 572.3 186.8 525.2 186.8 525.2 175.8
v-3__1__0___0 0.254265040159 473.9 7.1 489.6 18.1 455.2 69.4 439.5 58.4
v-3__1__0___0 0.237365067005 481.4 -10.1 503.6 1.5 487.4 22.7 465.3 11.1
v-3__1__0___408 0.333243906498 560.1 5.2 568.2 33.5 530.2 47.2 522.1 18.9
v-3__1__408___0 0.486334741116 161.7 406.7 170.8 437.3 118.0 457.0 109.0 426.4
v-3__1__408___0 0.449085295200 167.8 175.4 167.8 187.0 120.3 187.0 120.3 175.4
v-3__1__408___0 0.216154485941 71.8 -3.7 83.7 3.4 70.6 23.8 58.7 16.7
v-3__1__408___0 0.134510204196 70.4 13.4 85.5 23.6 55.3 72.0 40.2 61.8
v-3__1__408___408 0.221159800887 155.0 3.8 163.8 33.8 124.9 49.1 116.0 19.1
v-3__1__816___1224 0.107825785875 606.8 279.7 606.8 301.3 580.7 301.3 580.7 279.7
v-3__1__816___1440 0.191107243299 601.5 479.1 601.5 505.7 553.6 505.7 553.6 479.1
v-3__1__1224___1224 0.243640005589 202.8 277.7 202.8 302.6 150.5 302.6 150.5 277.7
v-3__1__1224___1440 0.338918924332 203.4 482.3 203.4 502.4 149.2 502.4 149.2 482.3
v-3__1__1224___1440 0.104344539344 212.3 93.8 212.3 114.0 148.5 114.0 148.5 93.8
v-3__1__1224___1440 0.102667123079 204.9 62.3 204.9 87.8 148.2 87.8 148.2 62.3
v-4__1__0___0 0.275814771652 189.3 111.7 213.1 160.7 147.6 192.4 123.9 143.4
v-4__1__408___0 0.140027925372 558.5 156.7 570.0 184.2 564.7 186.7 553.2 159.2
v-4__1__408___0 0.120170049369 295.0 313.0 302.2 350.6 228.4 364.1 221.3 326.5
v-4__1__408___408 0.281354844570 417.7 188.7 420.6 195.5 388.8 212.0 386.0 205.1
v-4__1__408___408 0.250301033258 296.3 569.6 310.9 596.7 250.8 625.6 236.3 598.5
v-4__1__408___408 0.121517449617 534.5 436.6 537.8 449.3 507.3 458.4 504.1 445.7
v-4__1__408___408 0.121203772724 460.0 528.3 472.4 558.8 460.5 563.2 448.1 532.7
v-4__1__408___816 0.368223398924 276.5 153.0 313.9 218.4 263.4 248.2 226.0 182.8
v-4__1__408___816 0.214437037706 531.9 31.6 535.9 44.3 508.6 54.5 504.6 41.8
v-4__1__816___408 0.225134149194 128.1 436.1 132.2 450.3 103.1 458.7 99.1 444.6
v-4__1__816___408 0.133929610252 54.5 532.0 67.0 562.1 55.4 566.6 43.0 536.4
v-4__1__816___816 0.264238297939 126.3 31.2 130.5 44.4 103.6 53.4 99.4 40.2
v-4__1__816___816 0.258193522692 391.4 541.3 396.4 549.8 367.5 565.3 362.5 556.9
v-4__1__816___816 0.152129426599 383.3 528.5 389.5 541.5 365.8 554.2 359.6 541.2
v-4__1__816___816 0.151117414236 53.7 125.3 68.0 157.2 57.2 162.1 42.9 130.2
v-4__1__816___1224 0.375137537718 397.3 131.5 401.1 140.9 368.2 157.2 364.3 147.8
v-4__1__816___1224 0.352398246527 486.4 311.2 490.0 319.1 457.5 335.0 453.9 327.2
v-4__1__816___1440 0.372020095587 486.0 95.1 489.8 103.7 457.1 119.9 453.3 111.4
v-4__1__1224___1224 0.448632389307 80.8 309.5 84.8 318.5 51.8 334.8 47.9 325.8
v-4__1__1224___1224 0.170645385981 501.4 544.8 511.5 568.7 504.7 571.2 494.6 547.2
v-4__1__1224___1440 0.419089317322 80.8 94.1 84.7 102.9 51.7 119.3 47.8 110.5
v-4__1__1224___1440 0.396693468094 251.6 425.9 254.2 433.9 222.0 447.1 219.4 439.1
v-4__1__1224___1440 0.256529569626 500.6 329.1 511.0 351.9 502.5 355.6 492.2 332.8
v-4__1__1440___408 0.380626797676 391.0 254.4 403.0 281.7 393.3 285.6 381.2 258.3
v-4__1__1440___1224 0.266707003117 284.2 542.3 296.1 568.6 288.4 572.4 276.6 546.1
v-4__1__1440___1440 0.420140445232 285.1 328.7 295.6 352.6 287.8 356.0 277.2 332.1
v-4__1__1440___1440 0.250495225191 35.9 425.9 38.7 432.9 7.5 446.7 4.8 439.7
v-5__1__0___816 0.107009224594 132.2 404.3 162.7 444.4 140.5 459.4 110.0 419.3
v-5__1__0___1224 0.123774126172 140.1 5.8 165.1 40.8 141.1 55.9 116.0 20.9
v-5__1__0___1224 0.103046596050 115.6 27.4 147.3 75.9 123.8 90.0 92.1 41.5
v-6__1__0___1440 0.114990167320 350.7 477.2 393.0 541.9 350.6 563.8 308.2 499.1
v-6__1__0___1440 0.102792255580 433.8 493.4 478.4 561.6 437.7 589.0 393.1 520.8
v-6__1__408___1440 0.157659560442 23.9 485.3 67.4 557.8 28.9 581.0 -14.6 508.5
v-7__1__0___0 0.362515717745 121.5 99.5 125.3 133.5 115.4 133.0 111.6 99.0
v-7__1__0___0 0.274359732866 137.2 536.5 141.8 567.6 127.5 569.5 122.9 538.3
v-7__1__0___408 0.273555755615 40.2 590.8 40.2 605.8 20.9 605.8 20.9 590.8
v-7__1__0___408 0.270399183035 137.2 131.5 141.7 161.8 127.4 163.6 122.9 133.3
v-7__1__0___816 0.491426557302 37.3 187.4 45.8 254.0 32.2 255.4 23.6 188.9
v-7__1__0___816 0.161635667086 10.9 194.2 17.2 256.1 8.1 256.4 1.7 194.5
v-7__1__0___1224 0.437452197075 109.8 469.7 111.6 486.4 71.5 491.8 69.7 475.2
v-7__1__0___1440 0.524028301239 110.5 254.6 112.8 272.2 71.1 277.5 68.8 259.9
v-7__1__408___0 0.612943530083 448.0 123.6 453.2 166.2 398.6 172.5 393.4 129.8
v-7__1__408___0 0.348459154367 441.8 447.5 445.7 477.3 430.3 479.7 426.3 450.0
v-7__1__408___0 0.326368749142 383.1 10.5 388.9 56.8 375.8 57.9 370.1 11.6
v-7__1__408___0 0.146131262183 505.8 429.5 511.3 465.5 495.9 466.5 490.5 430.5
v-7__1__408___0 0.135162681341 123.9 487.1 128.6 511.7 116.3 513.8 111.5 489.3
v-7__1__408___408 0.350481927395 441.3 41.9 446.2 72.2 431.1 74.9 426.2 44.5
v-7__1__408___408 0.182152137160 505.0 24.2 511.0 60.5 497.2 61.6 491.2 25.4
v-7__1__408___408 0.139495715499 123.9 81.7 128.0 106.4 116.4 108.5 112.4 83.8
v-7__1__816___0 0.568161129951 45.1 121.9 52.1 165.3 -0.7 174.4 -7.7 131.0
v-7__1__816___0 0.297152280807 42.2 448.1 45.5 477.6 26.3 479.4 22.9 449.9
v-7__1__816___0 0.275758892298 238.6 187.2 243.9 229.7 229.5 231.0 224.2 188.5
v-7__1__816___0 0.272406786680 234.7 -2.8 239.7 28.4 224.6 30.7 219.6 -0.5
v-7__1__816___0 0.183244794607 99.6 433.9 104.9 468.0 89.6 469.6 84.3 435.5
v-7__1__816___408 0.320474445820 42.8 42.8 46.1 72.5 26.0 74.5 22.6 44.8
v-7__1__816___408 0.216693907976 99.8 27.1 104.9 64.1 90.0 65.5 85.0 28.4
v-7__1__816___1440 0.465315163136 216.7 502.6 220.6 538.2 210.6 539.3 206.6 503.7
v-8__1__816___408 0.300494402647 345.7 188.2 391.0 234.8 371.0 254.0 325.7 207.4
v-9__1__0___1224 0.536633431911 386.0 266.4 405.0 309.9 379.0 322.0 360.0 278.6
v-9__1__0___1224 0.318140119314 588.3 183.6 607.9 240.8 583.2 250.2 563.6 193.0
v-9__1__0___1224 0.292111843824 43.5 395.2 57.0 434.5 33.7 443.1 20.2 403.7
v-9__1__0___1440 0.470525532961 384.6 53.5 404.9 100.9 380.8 112.1 360.5 64.7
v-9__1__0___1440 0.384173780680 43.5 181.2 56.8 220.0 34.4 228.2 21.1 189.5
v-9__1__0___1440 0.157275393605 592.0 -5.8 606.0 27.6 587.7 34.7 573.7 1.3
v-9__1__408___0 0.515184819698 279.8 443.2 289.3 467.2 226.7 492.4 217.1 468.4
v-9__1__408___408 0.613876163960 456.9 472.4 469.2 505.7 406.6 528.9 394.2 495.6
v-9__1__408___408 0.562036335468 279.4 37.4 289.2 62.3 226.8 87.9 217.0 63.0
v-9__1__408___816 0.604338169098 498.0 475.6 517.0 530.6 486.8 541.4 467.8 486.4
v-9__1__408___816 0.535626769066 454.0 72.1 465.1 102.8 402.1 125.9 391.0 95.2
v-9__1__408___816 0.205994158983 594.3 409.3 601.4 428.3 520.2 461.9 513.1 442.9
v-9__1__408___816 0.194542542100 584.2 398.7 589.2 415.1 522.2 439.8 517.3 423.4
v-9__1__408___1224 0.620364010334 195.1 181.7 215.1 239.0 182.8 251.4 162.8 194.1
v-9__1__408___1224 0.511867642403 497.4 71.4 516.5 126.2 487.1 136.5 468.0 81.7
v-9__1__408___1440 0.306308954954 203.5 -8.0 215.9 27.6 189.2 36.3 176.8 0.7
v-9__1__816___0 0.287224352360 577.7 80.1 593.1 118.5 569.7 127.1 554.3 88.6
v-9__1__816___408 0.513631880283 56.6 475.0 66.5 501.1 3.4 525.8 -6.5 499.7
v-9__1__816___816 0.565822541714 92.6 474.5 111.6 531.1 82.4 541.6 63.3 485.1
v-9__1__816___816 0.542471766472 54.8 70.4 64.7 97.7 5.3 120.3 -4.6 93.0
v-9__1__816___816 0.534492135048 238.8 420.1 259.4 474.6 235.4 484.4 214.7 429.8
v-9__1__816___816 0.198917090893 171.1 399.6 176.2 415.2 116.2 438.5 111.1 422.9
v-9__1__816___816 0.149978786707 187.6 407.8 195.2 428.4 108.6 464.0 101.0 443.3
v-9__1__816___1224 0.545586645603 92.2 70.8 110.8 127.7 82.7 137.0 64.0 80.1
v-9__1__816___1224 0.505895674229 238.3 17.5 258.6 66.2 235.4 76.8 215.1 28.1
v-9__1__816___1440 0.465810507536 425.4 392.9 437.3 423.3 381.2 445.6 369.2 415.2
v-9__1__1224___0 0.401133775711 172.9 75.9 190.1 120.7 163.6 130.8 146.3 86.1
v-9__1__1224___816 0.549130797386 203.3 271.5 226.5 274.7 215.0 349.3 191.8 346.1
v-9__1__1224___816 0.156351268291 522.6 279.4 586.2 435.2 560.0 445.5 496.5 289.7
v-9__1__1224___816 0.105213671923 20.1 528.6 36.1 556.0 1.0 578.6 -15.0 551.2
v-9__1__1224___1224 0.171210289001 567.2 -12.8 589.9 27.3 564.6 41.8 541.9 1.7
v-9__1__1224___1440 0.176661878824 22.9 399.1 32.7 423.5 -2.1 440.1 -11.9 415.6
v-9__1__1440___816 0.219446286559 3.0 275.3 17.0 279.9 8.8 337.3 -5.2 332.6
v-9__1__1440___816 0.171943530440 308.6 279.4 369.8 435.4 344.5 445.3 283.3 289.3
v-9__1__1440___1224 0.205435439944 523.6 440.6 547.8 505.0 526.6 511.8 502.4 447.4
v-9__1__1440___1224 0.150622919202 352.8 -12.2 373.0 29.8 348.2 42.0 328.1 -0.0
v-10__1__0___2856 0.219457626343 461.5 552.6 532.9 563.8 531.4 578.5 460.0 567.2
v-10__1__0___3264 0.229652330279 462.4 146.4 531.9 156.4 531.2 172.8 461.7 162.8
v-10__1__0___3264 0.212508991361 428.8 187.5 591.7 209.8 588.3 245.7 425.4 223.4
v-10__1__0___3264 0.182003572583 566.4 350.1 565.8 360.8 507.1 367.0 507.8 356.3
v-10__1__0___3264 0.178851276636 457.4 233.6 538.0 244.5 536.2 264.9 455.6 254.0
v-10__1__0___3672 0.605406045914 304.2 414.5 342.3 418.3 332.3 506.1 294.2 502.3
v-10__1__0___3672 0.350246846676 3.3 527.7 30.8 546.4 24.5 556.4 -3.0 537.6
v-10__1__0___3672 0.168797135353 396.2 453.8 403.7 454.2 393.5 505.5 386.0 505.1
v-10__1__0___4080 0.610653221607 302.6 12.6 342.4 16.1 333.7 105.6 294.0 102.1
v-10__1__0___4080 0.356761187315 4.2 122.3 31.6 141.6 24.9 150.7 -2.5 131.5
v-10__1__0___4080 0.306240946054 256.5 360.7 282.6 366.8 242.7 550.7 216.6 544.6
v-10__1__0___4080 0.187895894051 170.4 347.5 188.4 351.1 150.4 539.9 132.4 536.3
v-10__1__0___4080 0.157947853208 397.8 40.6 405.3 41.2 392.6 99.9 385.1 99.3
v-10__1__0___4488 0.233862742782 160.0 1.8 178.6 6.0 151.8 131.8 133.2 127.7
v-10__1__0___4488 0.225044652820 249.5 -7.7 276.6 -0.9 241.8 149.1 214.7 142.3
v-10__1__0___4896 0.217021316290 400.4 182.7 410.0 189.3 366.9 242.5 357.3 236.0
v-10__1__0___4896 0.138244614005 363.0 232.4 374.5 238.8 346.7 281.9 335.3 275.5
v-10__1__0___4896 0.107317432761 342.2 287.6 361.2 295.2 359.6 301.1 340.7 293.5
v-10__1__0___6528 0.107857547700 132.3 345.6 251.5 602.5 187.9 631.0 68.8 374.1
v-10__1__0___6936 0.327644050121 121.8 -16.6 460.0 613.3 432.6 629.1 94.4 -0.8
v-10__1__0___7344 0.140393674374 329.5 -11.1 606.8 458.7 574.6 477.0 297.2 7.2
v-10__1__0___7584 0.217566028237 464.7 -18.5 614.3 215.2 585.3 233.2 435.6 -0.5
v-10__1__408___1224 0.330484628677 598.1 251.2 598.1 272.4 492.7 272.4 492.7 251.2
v-10__1__408___1224 0.298397749662 580.7 238.4 580.7 252.6 493.4 252.6 493.4 238.4
v-10__1__408___1224 0.289857327938 599.4 296.5 599.4 313.7 498.9 313.7 498.9 296.5
v-10__1__408___1224 0.239945009351 593.4 279.0 593.4 298.9 496.8 298.9 496.8 279.0
v-10__1__408___2040 0.249191880226 158.7 207.9 246.3 221.9 242.7 249.9 155.1 235.9
v-10__1__408___2040 0.103868007660 196.1 196.5 236.0 211.9 229.2 221.3 189.3 205.8
v-10__1__408___2856 0.218861192465 64.8 553.8 127.5 563.2 125.7 577.5 62.9 568.1
v-10__1__408___2856 0.109522387385 27.4 583.5 138.6 602.9 138.6 619.7 27.4 600.2
v-10__1__408___3264 0.288072139025 65.2 147.5 126.5 155.3 125.1 172.6 63.8 164.7
v-10__1__408___3264 0.181568890810 167.5 350.5 167.5 366.2 103.6 366.2 103.6 350.5
v-10__1__408___3264 0.167884752154 57.1 233.1 135.5 243.9 133.3 265.2 54.9 254.5
v-10__1__408___3264 0.144662126899 39.8 177.9 125.7 188.9 125.6 206.9 39.7 195.9
v-10__1__408___6936 0.150099530816 2.1 505.1 53.8 598.0 34.0 609.4 -17.6 516.6
v-10__1__408___7344 0.130005821586 -10.1 96.7 339.1 607.8 306.1 629.5 -43.2 118.4
v-10__1__408___7584 0.179645672441 57.8 -32.2 460.6 523.5 424.8 547.4 21.9 -8.3
v-10__1__816___0 0.231236621737 29.5 85.9 29.5 105.1 -0.5 105.1 -0.5 85.9
v-10__1__816___0 0.126465305686 60.8 357.5 68.6 361.2 39.3 407.5 31.4 403.8
v-10__1__816___408 0.120409458876 72.0 294.1 72.0 318.0 13.0 318.0 13.0 294.1
v-10__1__816___1224 0.179384127259 173.5 237.8 173.5 253.0 90.0 253.0 90.0 237.8
v-10__1__816___1224 0.140935301781 166.8 298.0 166.8 312.8 96.6 312.8 96.6 298.0
v-10__1__816___1224 0.135999634862 190.6 278.3 190.6 300.2 96.8 300.2 96.8 278.3
v-10__1__816___1224 0.131408140063 198.1 249.5 198.1 273.4 89.7 273.4 89.7 249.5
v-10__1__816___7584 0.117378309369 6.1 441.4 146.7 601.4 119.2 624.7 -21.4 464.7
v-10__1__816___7584 0.100798249245 5.0 478.8 63.0 550.4 47.7 562.6 -10.4 491.0
v-10__1__2856___2448 0.640358865261 571.4 484.9 577.1 515.8 494.3 532.0 488.6 501.1
v-10__1__2856___2448 0.199085921049 333.5 40.9 337.4 51.6 310.7 61.6 306.9 50.9
v-10__1__2856___2856 0.564498245716 569.4 76.9 577.3 113.0 496.2 130.2 488.3 94.2
v-10__1__2856___2856 0.195364654064 420.7 518.2 426.4 523.0 410.5 539.8 404.8 535.0
v-10__1__2856___2856 0.129629760981 324.5 523.6 324.5 535.0 296.5 535.0 296.5 523.6
v-10__1__2856___3264 0.318202137947 343.1 431.3 346.2 438.2 309.0 458.1 305.9 451.3
v-10__1__2856___3264 0.209604784846 420.6 113.0 425.5 117.6 409.9 133.4 404.9 128.7
v-10__1__2856___3264 0.193022549152 329.8 410.8 333.4 418.6 298.5 437.2 294.9 429.4
v-10__1__3264___2448 0.634886503220 164.8 484.5 171.1 515.6 91.1 532.8 84.9 501.7
v-10__1__3264___2856 0.609625697136 163.2 79.3 171.3 118.0 92.2 134.6 84.1 95.9
v-10__1__3264___2856 0.156622424722 206.0 278.6 206.0 325.0 195.8 325.0 195.8 278.6
v-10__1__3264___2856 0.111790157855 11.7 516.9 18.5 521.9 2.0 541.2 -4.9 536.3
v-10__1__4080___2040 0.291917890310 368.6 262.4 436.4 274.9 430.1 309.0 362.3 296.5
v-10__1__4080___2040 0.251890689135 376.0 301.6 433.5 312.8 429.7 335.1 372.2 323.8
v-10__1__4488___2040 0.328528195620 0.3 308.2 32.7 314.2 28.5 337.0 -3.8 331.0
v-10__1__4488___2040 0.229788869619 486.9 11.5 506.9 46.1 498.3 50.3 478.4 15.7
v-10__1__4488___2040 0.150761112571 532.8 -3.5 542.0 39.6 533.8 40.7 524.6 -2.4
v-10__1__4488___2040 0.104868084192 1.7 278.0 25.4 284.7 19.5 309.4 -4.2 302.7
v-11__1__0___0 0.249595165253 44.0 505.3 58.3 546.0 0.8 568.4 -13.5 527.7
v-11__1__0___408 0.448766261339 400.4 281.9 410.4 319.2 400.0 322.1 390.0 284.8
v-11__1__0___408 0.375644326210 43.8 101.7 57.7 141.2 1.1 162.5 -12.8 123.0
v-11__1__0___408 0.109450846910 98.6 295.9 100.4 302.8 75.9 307.8 74.2 300.9
v-11__1__408___0 0.309408426285 335.4 33.4 344.4 65.4 332.5 68.6 323.5 36.6
v-11__1__408___408 0.257814347744 255.0 179.2 269.6 260.0 219.6 270.9 204.9 190.1
v-11__1__408___1224 0.228498950601 394.8 407.0 405.1 480.1 355.0 488.9 344.6 415.7
v-11__1__408___1224 0.100822366774 530.1 24.6 530.1 45.5 511.0 45.5 511.0 24.6
v-11__1__408___1440 0.234697684646 394.4 190.9 405.3 266.9 355.4 275.6 344.5 199.6
v-11__1__816___0 0.259753674269 332.6 452.9 343.6 487.8 329.5 492.2 318.5 457.3
v-11__1__816___408 0.312209933996 335.5 50.4 346.9 86.8 332.3 91.3 320.8 55.0
v-11__1__1224___0 0.461042821407 317.3 322.4 330.3 374.3 294.8 385.6 281.9 333.7
v-11__1__1224___0 0.247676938772 539.5 256.6 544.3 304.3 527.4 306.7 522.6 258.9
v-11__1__1224___1224 0.504480242729 278.6 231.0 288.1 264.7 275.9 268.3 266.4 234.6
v-11__1__1224___1440 0.431993275881 278.8 16.7 288.7 48.9 276.3 53.0 266.3 20.7
v-11__1__1440___0 0.506554782391 330.6 254.0 335.1 307.4 313.2 309.6 308.7 256.2
v-11__1__1440___0 0.435951262712 101.2 322.9 113.6 376.7 81.3 385.8 68.9 332.0
v-11__1__1440___0 0.196821913123 557.4 167.7 557.4 240.7 541.3 240.7 541.3 167.7
v-11__1__1440___1224 0.534559011459 64.4 232.2 73.1 264.3 60.8 267.6 52.1 235.4
v-11__1__1440___1224 0.186411827803 556.2 226.9 560.2 237.5 534.6 246.3 530.6 235.8
v-11__1__1440___1440 0.446581542492 64.4 20.4 74.0 52.1 61.5 55.6 51.9 24.0
v-11__1__1440___1440 0.141385152936 556.2 11.8 560.0 23.1 533.9 32.0 530.1 20.7
v-11__1__1440___1440 0.108817115426 286.0 239.1 291.7 258.0 284.8 259.5 279.1 240.6
v-12__1__408___408 0.284833520651 484.3 550.7 484.3 596.3 459.4 596.3 459.4 550.7
v-12__1__408___816 0.194884017110 482.7 150.1 482.7 193.8 461.0 193.8 461.0 150.1
v-12__1__816___408 0.254152506590 80.8 561.0 80.8 593.8 54.1 593.8 54.1 561.0
v-12__1__816___816 0.580927908421 499.2 426.3 499.2 452.5 420.7 452.5 420.7 426.3
v-12__1__816___816 0.189592704177 80.0 151.9 80.0 192.5 55.0 192.5 55.0 151.9
v-12__1__816___1224 0.495427906513 493.9 25.9 493.9 50.3 418.3 50.3 418.3 25.9
v-12__1__1224___816 0.537240505219 92.9 426.2 92.9 452.7 8.4 452.7 8.4 426.2
v-12__1__1224___1224 0.448589801788 90.4 25.8 90.4 50.8 11.0 50.8 11.0 25.8
v-13__1__1440___408 0.424309760332 410.2 258.6 452.1 317.5 412.8 345.9 370.8 287.0
v-15__1__0___816 0.588314890862 554.7 199.0 554.7 267.3 502.4 267.3 502.4 199.0
v-15__1__0___816 0.278206318617 603.6 435.4 608.7 472.6 584.5 477.1 579.5 439.9
v-15__1__0___1224 0.604377806187 281.7 420.9 301.8 497.1 264.3 508.1 244.1 431.8
v-15__1__0___1224 0.252095043659 595.6 256.3 626.1 315.2 600.5 331.6 570.0 272.7
v-15__1__0___1440 0.518229484558 282.6 209.4 303.0 287.1 264.3 297.6 244.0 219.9
v-15__1__0___1440 0.282099157572 595.0 37.8 627.8 104.2 601.2 120.6 568.4 54.2
v-15__1__0___1440 0.165424942970 292.8 279.0 316.1 338.4 278.7 357.6 255.4 298.2
v-15__1__408___816 0.675665378571 258.3 434.4 258.3 477.3 166.5 477.3 166.5 434.4
v-15__1__408___816 0.622059226036 147.5 197.5 147.5 268.3 100.2 268.3 100.2 197.5
v-15__1__408___816 0.100690796971 151.3 4.0 151.3 40.2 104.6 40.2 104.6 4.0
v-15__1__408___1224 0.644582986832 256.6 34.1 256.6 74.7 167.9 74.7 167.9 34.1
v-15__1__408___1224 0.556158244610 206.8 258.8 244.6 329.1 203.6 352.6 165.8 282.3
v-15__1__408___1440 0.577115833759 207.7 44.9 243.0 115.2 202.1 137.3 166.7 67.1
v-15__1__816___0 0.653327465057 325.4 200.5 325.4 256.4 277.6 256.4 277.6 200.5
v-15__1__816___816 0.342937499285 286.4 126.0 325.9 129.4 318.1 201.9 278.6 198.4
v-15__1__816___1224 0.614367306232 321.3 455.8 321.3 545.4 282.1 545.4 282.1 455.8
v-15__1__816___1440 0.578875005245 322.3 243.5 322.3 335.5 281.5 335.5 281.5 243.5
v-15__1__1224___816 0.610248267651 495.9 369.8 495.9 437.0 457.6 437.0 457.6 369.8
v-15__1__1224___1224 0.569319248199 499.4 482.0 499.4 567.8 454.1 567.8 454.1 482.0
v-15__1__1224___1224 0.508642673492 503.7 -0.7 503.7 36.8 456.4 36.8 456.4 -0.7
v-15__1__1224___1440 0.644919574261 502.8 272.9 502.8 354.9 456.8 354.9 456.8 272.9
v-15__1__1440___816 0.632205843925 286.3 371.1 286.3 435.6 244.0 435.6 244.0 371.1
v-15__1__1440___1224 0.610767602921 285.5 482.9 285.5 567.0 238.2 567.0 238.2 482.9
v-15__1__1440___1224 0.557944834232 288.5 -1.4 288.5 37.1 241.7 37.1 241.7 -1.4
v-15__1__1440___1224 0.128082394600 301.3 53.7 301.3 144.4 237.6 144.4 237.6 53.7
v-15__1__1440___1440 0.596735835075 289.5 273.1 289.5 354.7 239.9 354.7 239.9 273.1
v-18__1__408___816 0.347549974918 301.5 422.2 322.2 485.3 261.3 505.8 240.5 442.7
v-18__1__408___1224 0.369235724211 294.8 13.2 318.6 84.4 260.7 104.3 236.9 33.1
v-18__1__1224___408 0.409416079521 399.3 257.5 406.4 270.9 374.5 288.6 367.5 275.2
v-18__1__1224___1224 0.198544859886 319.8 234.8 319.8 272.0 259.3 272.0 259.3 234.8
v-18__1__1224___1224 0.110189944506 304.7 218.6 304.7 232.4 250.4 232.4 250.4 218.6
v-18__1__1224___1440 0.205791696906 318.6 24.9 318.6 52.3 261.0 52.3 261.0 24.9
v-18__1__1224___1440 0.123751714826 307.0 4.5 307.0 15.7 248.6 15.7 248.6 4.5
v-18__1__1440___408 0.424201488495 184.0 254.2 192.6 268.8 160.9 286.3 152.3 271.7
v-18__1__1440___408 0.309251874685 518.7 565.4 521.1 572.9 491.7 583.2 489.2 575.7
v-18__1__1440___816 0.415152341127 517.7 157.7 520.5 166.2 492.1 176.9 489.4 168.4
v-18__1__1440___1224 0.216418743134 108.5 233.1 108.5 273.4 41.2 273.4 41.2 233.1
v-18__1__1440___1440 0.126788958907 107.8 27.8 107.8 56.9 50.0 56.9 50.0 27.8
v-19__1__0___5304 0.218433171511 376.4 -6.1 399.9 0.3 389.8 34.8 366.3 28.5
v-19__1__0___5304 0.207665383816 582.1 335.8 601.1 354.0 589.6 365.0 570.6 346.7
v-19__1__0___5304 0.132521912456 462.0 142.6 469.9 150.2 458.4 160.7 450.5 153.1
v-19__1__0___6528 0.151398569345 324.3 370.0 327.6 398.7 -3.7 436.2 -7.0 407.5
v-19__1__0___6936 0.221245259047 221.4 -22.1 222.4 1.7 -7.0 34.1 -8.0 10.3
v-19__1__408___4488 0.225048571825 543.9 411.9 610.6 441.0 595.3 475.7 528.6 446.6
v-19__1__408___4488 0.200553208590 304.1 254.5 309.0 258.8 299.2 269.2 294.3 264.9
v-19__1__408___4488 0.152343288064 250.8 196.0 256.8 202.8 246.6 210.8 240.6 204.0
v-19__1__408___4896 0.195130884647 547.8 17.5 609.1 44.6 599.4 67.6 538.1 40.4
v-19__1__408___4896 0.103215977550 138.1 548.3 157.4 553.2 143.0 606.2 123.7 601.3
v-19__1__408___5304 0.227335169911 176.6 334.4 193.5 352.1 185.4 359.5 168.6 341.8
v-19__1__408___5712 0.135091111064 412.1 161.4 435.6 181.1 426.5 192.0 403.0 172.2
v-19__1__816___4488 0.176366999745 41.0 375.2 95.1 400.4 85.2 422.9 31.1 397.7
v-19__1__816___4488 0.134451597929 359.4 482.9 546.1 591.3 528.0 623.9 341.3 515.5
v-19__1__816___4488 0.104107834399 1.0 370.0 33.1 383.8 27.5 396.0 -4.6 382.2
v-19__1__816___4896 0.147024735808 359.7 82.2 537.8 190.8 520.0 221.4 341.9 112.7
v-19__1__816___5712 0.179557740688 609.8 472.9 613.0 500.4 400.0 536.9 396.8 509.4
v-19__1__816___5712 0.106495216489 1.4 157.8 21.3 175.2 11.1 188.0 -8.8 170.6
v-19__1__816___6120 0.249532267451 613.7 73.3 615.5 98.5 395.7 133.7 393.9 108.5
v-19__1__816___6528 0.273527204990 600.7 205.9 604.4 227.4 465.5 260.1 461.8 238.6
v-19__1__1224___1632 0.198559656739 547.8 287.7 601.6 307.2 597.8 316.6 543.9 297.1
v-19__1__1224___4488 0.215142741799 -1.7 509.7 120.0 581.5 102.9 613.0 -18.8 541.3
v-19__1__1224___4896 0.482781022787 520.0 361.6 611.8 401.5 602.9 421.1 511.0 381.2
v-19__1__1224___4896 0.308954060078 -1.3 107.0 121.3 184.2 103.2 213.2 -19.3 136.0
v-19__1__1224___5712 0.148632481694 259.4 462.2 262.1 499.5 4.0 539.0 1.3 501.6
v-19__1__1224___5712 0.114848352969 13.2 525.4 20.3 552.6 0.5 557.3 -6.6 530.1
v-19__1__1224___6120 0.160097420216 487.0 525.1 492.9 549.0 198.2 639.1 192.2 615.2
v-19__1__1224___6120 0.107175745070 259.7 56.4 261.8 91.3 3.7 134.3 1.5 99.4
v-19__1__1224___6528 0.136127427220 58.6 539.2 66.3 547.1 35.4 577.0 27.7 569.1
v-19__1__1224___6528 0.115268044174 627.5 72.1 635.9 104.9 58.1 280.5 49.6 247.8
v-19__1__1632___816 0.378028482199 596.7 325.7 613.4 348.9 534.7 408.1 518.0 384.9
v-19__1__1632___1632 0.337728053331 142.1 289.2 196.5 309.4 193.6 316.6 139.3 296.3
v-19__1__1632___4896 0.227305158973 125.7 360.1 605.3 572.1 591.5 600.1 111.9 388.1
v-19__1__1632___5304 0.109933629632 130.3 -41.2 600.9 161.0 587.6 191.6 117.0 -10.6
v-19__1__1632___6120 0.217493683100 62.0 534.6 66.6 551.1 -1.2 572.5 -5.8 556.0
v-19__1__1632___6528 0.323705345392 60.0 128.7 65.0 147.1 0.8 167.4 -4.2 149.0
v-19__1__2040___408 0.197830021381 588.6 420.7 606.5 443.9 485.9 540.4 468.0 517.2
v-19__1__2040___816 0.252247065306 589.9 18.3 604.5 38.5 492.3 124.2 477.7 104.0
v-19__1__2040___816 0.229874581099 274.3 257.7 293.3 283.9 143.9 403.4 124.8 377.1
v-19__1__2040___816 0.113191716373 567.6 63.1 576.3 73.5 507.2 135.5 498.4 125.0
v-19__1__2040___3264 0.388364344835 296.6 364.4 436.7 576.6 421.7 587.9 281.6 375.8
v-19__1__2040___3672 0.331046640873 316.7 -11.9 434.4 166.2 417.4 177.7 299.8 -0.4
v-19__1__2040___4896 0.299579590559 9.1 483.9 258.7 604.3 246.0 629.9 -3.7 509.5
v-19__1__2040___5304 0.270354449749 4.1 77.8 296.3 218.2 283.4 241.8 -8.8 101.4
v-19__1__2040___5304 0.101720646024 368.2 252.7 404.7 267.5 397.6 286.6 361.1 271.9
v-19__1__2448___408 0.318176984787 484.2 210.8 497.5 227.6 444.4 271.0 431.1 254.2
v-19__1__2448___408 0.180705577135 437.6 236.7 456.6 263.1 159.0 489.6 140.0 463.2
v-19__1__2448___408 0.114134028554 539.9 170.1 554.1 188.9 510.1 222.8 495.9 204.0
v-19__1__2448___816 0.191129371524 270.6 -39.8 292.3 -8.5 90.3 132.8 68.5 101.5
v-19__1__2448___3264 0.175210252404 -1.6 518.0 44.6 585.8 29.2 596.5 -17.0 528.8
v-19__1__2448___3672 0.279943645000 610.2 228.4 610.8 247.6 213.1 278.4 212.5 259.2
v-19__1__2448___3672 0.234069466591 0.3 113.8 43.9 178.0 27.1 190.2 -16.5 126.0
v-19__1__2856___408 0.221389517188 93.0 195.4 108.3 215.9 33.1 278.6 17.7 258.1
v-19__1__2856___3672 0.401267349720 295.8 217.3 297.7 237.3 -0.2 266.5 -2.1 246.5
v-19__1__4080___408 0.298132061958 588.6 464.2 588.6 473.8 542.1 473.8 542.1 464.2
v-19__1__4080___816 0.404886782169 591.2 56.6 591.2 68.1 539.9 68.1 539.9 56.6
v-19__1__4488___408 0.321702182293 189.0 463.7 188.6 471.1 138.5 474.4 138.9 466.9
v-19__1__4488___816 0.399568945169 191.0 56.4 191.0 68.1 136.8 68.1 136.8 56.4
v-19__1__4896___2040 0.404491543770 370.7 294.8 380.2 299.2 364.0 333.8 354.5 329.4
v-19__1__4896___2040 0.242394626141 360.0 289.1 371.5 295.0 357.4 323.7 345.9 317.7
v-19__1__5304___2040 0.170560345054 525.1 561.2 531.4 585.8 476.4 601.9 470.1 577.2
v-19__1__5712___2040 0.226402103901 235.3 555.1 242.1 558.6 224.4 592.4 217.5 588.8
v-19__1__5712___2040 0.179673060775 124.7 561.5 130.5 585.6 74.2 601.7 68.4 577.6
v-19__1__5712___2448 0.278868585825 234.5 149.2 240.5 151.9 222.3 187.8 216.4 185.1
v-19__1__6936___6528 0.286741405725 518.7 455.1 540.6 492.1 531.0 498.2 509.1 461.1
v-19__1__6936___6528 0.113634042442 496.8 428.0 511.6 446.3 504.7 451.3 490.0 433.0
v-19__1__6936___6936 0.340128451586 519.6 49.9 541.8 85.9 531.4 92.1 509.2 56.1
v-19__1__7344___3672 0.316120356321 310.9 326.3 326.2 335.9 277.2 415.7 261.8 406.1
v-19__1__7344___4080 0.100243590772 270.5 -7.3 284.0 0.8 268.4 26.4 254.9 18.4
v-19__1__7344___6528 0.326615184546 112.9 458.1 136.1 496.0 125.9 502.3 102.8 464.4
v-19__1__7344___6528 0.234726846218 449.3 206.1 449.3 243.3 436.7 243.3 436.7 206.1
v-19__1__7344___6528 0.141199365258 388.8 142.7 414.4 166.3 409.6 171.1 384.0 147.5
v-19__1__7344___6528 0.122054547071 84.0 420.3 97.5 437.6 90.4 442.6 76.9 425.3
v-19__1__7344___6936 0.397943735123 113.8 52.8 137.1 89.9 126.4 96.4 103.0 59.3
v-19__1__7344___6936 0.170846551657 234.2 193.0 257.7 213.0 247.7 224.3 224.1 204.3
v-19__1__7584___3672 0.307745456696 71.0 329.7 86.3 337.9 38.1 420.1 22.8 411.8
v-19__1__7584___4080 0.141982540488 404.2 379.1 404.3 389.3 345.6 395.5 345.5 385.3
v-20__1__0___0 0.111519411206 210.3 337.2 224.8 350.2 199.7 379.7 185.1 366.8
v-20__1__408___1224 0.361741960049 298.7 138.1 298.7 157.9 264.8 157.9 264.8 138.1
v-20__1__408___1224 0.113564379513 60.3 132.0 60.3 155.8 41.2 155.8 41.2 132.0
