v-5__0.5__0___408 0.506016731262 338.9 442.4 359.2 463.1 337.4 484.7 317.1 464.0
v-5__0.5__0___408 0.474442869425 401.8 294.5 421.1 324.2 390.1 342.6 370.7 312.9
v-5__0.5__0___408 0.305902838707 436.5 402.9 444.6 418.1 429.5 426.4 421.4 411.3
v-5__0.5__0___408 0.142125993967 446.8 355.9 452.1 371.1 434.9 377.6 429.6 362.4
v-5__0.5__0___416 0.443230926991 404.2 288.5 421.6 315.2 393.6 332.7 376.1 305.9
v-5__0.5__0___416 0.411389857531 337.3 434.4 358.7 453.4 338.7 476.4 317.3 457.4
v-5__0.5__0___416 0.153584972024 436.5 394.8 444.9 410.3 429.5 418.8 421.1 403.3
v-5__0.5__0___416 0.151731386781 447.0 348.2 452.0 363.0 434.7 369.2 429.7 354.3
v-10__0.5__0___0 0.120757162571 574.9 181.6 588.5 193.4 580.5 203.7 566.9 191.9
v-10__0.5__0___0 0.116210058331 514.6 181.6 525.8 188.5 517.6 203.9 506.5 197.0
v-10__0.5__0___408 0.107606396079 599.3 445.5 611.1 461.3 597.2 473.6 585.4 457.8
v-10__0.5__0___408 0.101789943874 597.1 269.5 603.9 280.3 591.2 288.1 584.4 277.3
v-17__0.5__0___0 0.274438202381 510.8 347.4 520.1 368.3 498.7 377.1 489.4 356.2
v-10__0.5__408___0 0.296506553888 107.0 179.9 119.5 191.7 108.5 205.0 96.0 193.1
v-10__0.5__408___408 0.269079744816 216.5 4.3 216.5 23.8 193.5 23.8 193.5 4.3
v-10__0.5__408___408 0.164498075843 192.4 444.9 207.1 459.4 192.6 473.8 177.9 459.3
v-10__0.5__1224___0 0.121177971363 38.8 137.0 46.8 153.6 30.8 160.7 22.8 144.1
v-10__0.5__1632___816 0.102734841406 89.5 404.3 93.6 421.3 78.2 425.4 74.0 408.5
v-19__0.5__816___2448 0.104867786169 603.7 197.5 614.2 208.6 600.1 221.6 589.6 210.5
v-10__0.5__2040___408 0.271050184965 101.0 273.1 101.0 290.5 81.3 290.5 81.3 273.1
v-19__0.5__2040___816 0.115836851299 4.8 360.0 52.4 368.3 40.7 431.0 -6.9 422.7
v-19__0.5__2448___1224 0.103308990598 221.4 122.7 221.4 140.5 203.9 140.5 203.9 122.7
v-19__0.5__2856___816 0.194290474057 446.4 148.1 475.0 183.6 441.5 211.1 412.9 175.6
v-19__0.5__2856___816 0.108958490193 193.1 458.5 193.1 477.7 175.9 477.7 175.9 458.5
v-10__1__0___4488 0.146484509110 422.3 284.5 471.5 415.6 343.4 465.1 294.1 334.0
v-10__1__408___2040 0.153693303466 538.9 -1.8 538.9 46.4 494.9 46.4 494.9 -1.8
v-10__1__816___0 0.500698924065 230.9 372.9 230.9 400.9 203.9 400.9 203.9 372.9
v-10__1__816___0 0.217950597405 586.4 370.2 586.4 397.7 560.0 397.7 560.0 370.2
v-10__1__816___0 0.193869486451 342.1 368.3 354.0 386.3 335.1 398.4 323.2 380.4
v-10__1__816___0 0.124273933470 245.4 371.0 245.4 386.7 230.3 386.7 230.3 371.0
v-10__1__816___408 0.183950543404 500.0 430.4 505.7 448.4 479.4 455.8 473.6 437.9
v-10__1__816___408 0.146039873362 461.2 536.7 461.2 561.3 435.9 561.3 435.9 536.7
v-10__1__816___1224 0.316804379225 319.0 160.6 319.0 182.4 294.4 182.4 294.4 160.6
v-10__1__816___1224 0.274770259857 379.7 140.5 384.2 158.0 361.5 163.5 357.0 146.0
v-10__1__816___1224 0.265061020851 313.8 109.8 322.9 128.4 305.9 136.4 296.8 117.9
v-10__1__816___1224 0.203741580248 197.1 580.7 230.1 593.8 222.2 614.8 189.2 601.6
v-10__1__816___1224 0.155154734850 553.9 9.0 553.9 34.2 528.5 34.2 528.5 9.0
v-12__1__816___1224 0.149072766304 28.5 202.6 28.5 230.9 -1.2 230.9 -1.2 202.6
v-17__1__408___408 0.212201744318 599.1 283.9 630.0 364.9 580.4 385.1 549.6 304.1
