v-20__0.5__0___0 0.323110312223 414.8 375.6 414.8 609.1 351.1 609.1 351.1 375.6
v-20__0.5__0___0 0.306081771851 220.1 295.6 232.0 304.7 229.9 309.3 218.0 300.3
v-20__0.5__0___0 0.254611402750 186.8 254.5 194.4 263.1 189.8 267.1 182.2 258.5
v-20__0.5__0___0 0.230657652020 493.2 462.3 502.7 475.6 492.9 481.7 483.4 468.4
v-20__0.5__0___0 0.222637012601 446.8 369.2 459.2 377.0 457.8 380.1 445.3 372.3
v-20__0.5__0___0 0.208570063114 123.6 229.0 134.8 241.8 131.3 245.0 120.2 232.2
v-20__0.5__0___0 0.166370317340 109.1 215.7 117.9 222.4 114.7 226.5 105.8 219.8
v-20__0.5__0___0 0.159700095654 205.4 275.9 210.3 284.8 205.6 287.9 200.7 278.9
v-5__0.5__0___408 0.109130129218 373.9 310.8 380.2 322.1 374.9 325.9 368.6 314.7
v-20__0.5__0___408 0.394606351852 499.7 234.2 503.2 238.8 492.8 249.4 489.3 244.8
v-20__0.5__0___408 0.370191067457 23.8 585.7 34.1 599.5 29.2 602.7 18.9 588.9
v-20__0.5__0___408 0.261926740408 395.2 280.2 395.2 510.3 354.5 510.3 354.5 280.2
v-20__0.5__0___408 0.260549306870 176.8 549.5 176.8 558.0 161.2 558.0 161.2 549.5
v-20__0.5__0___408 0.251078128815 26.6 576.5 34.9 591.9 28.1 595.2 19.8 579.8
v-20__0.5__0___408 0.239051312208 431.9 519.5 431.9 529.6 414.0 529.6 414.0 519.5
v-20__0.5__0___408 0.232716783881 225.4 566.9 231.4 580.3 225.7 582.1 219.7 568.7
v-20__0.5__0___408 0.218550682068 181.7 530.4 181.7 537.7 164.4 537.7 164.4 530.4
v-20__0.5__0___408 0.207268923521 495.7 77.8 504.8 93.8 499.4 97.6 490.3 81.6
v-20__0.5__0___408 0.180893629789 487.4 257.8 493.5 260.4 488.4 275.0 482.3 272.5
v-20__0.5__0___408 0.169066265225 492.4 359.6 492.4 373.7 486.5 373.7 486.5 359.6
v-20__0.5__0___408 0.155387178063 201.9 555.0 211.0 562.2 208.3 566.9 199.2 559.7
v-20__0.5__0___408 0.142256319523 328.3 301.3 328.3 505.0 284.3 505.0 284.3 301.3
v-20__0.5__0___408 0.135385245085 20.5 525.6 20.5 539.9 8.8 539.9 8.8 525.6
v-20__0.5__0___408 0.133817017078 193.8 525.8 193.8 532.3 175.2 532.3 175.2 525.8
v-20__0.5__0___408 0.130751594901 452.8 180.2 452.8 195.6 443.3 195.6 443.3 180.2
v-20__0.5__0___408 0.124748051167 522.5 401.3 522.5 414.8 511.2 414.8 511.2 401.3
v-20__0.5__0___408 0.122420825064 12.2 500.8 12.2 517.5 1.9 517.5 1.9 500.8
v-20__0.5__0___408 0.120741449296 493.5 53.8 502.6 66.5 492.6 73.1 483.5 60.5
v-20__0.5__0___408 0.119477212429 155.1 553.1 155.1 560.0 140.1 560.0 140.1 553.1
v-20__0.5__0___408 0.119363814592 337.9 498.1 337.9 512.0 329.1 512.0 329.1 498.1
v-20__0.5__0___408 0.114913947880 88.8 343.6 88.8 358.0 77.5 358.0 77.5 343.6
v-20__0.5__0___408 0.114492684603 453.0 355.8 453.0 368.9 444.7 368.9 444.7 355.8
v-20__0.5__0___408 0.113621316850 71.9 305.8 71.9 313.0 54.8 313.0 54.8 305.8
v-20__0.5__0___408 0.111835032701 454.2 396.9 454.2 408.8 443.2 408.8 443.2 396.9
v-20__0.5__0___408 0.111739702523 230.2 290.3 230.2 304.6 221.0 304.6 221.0 290.3
v-20__0.5__0___408 0.110218040645 453.2 336.6 453.2 349.8 443.4 349.8 443.4 336.6
v-20__0.5__0___408 0.103748597205 105.4 519.3 105.4 537.3 96.6 537.3 96.6 519.3
v-6__0.5__0___408 0.435580044985 212.1 204.3 224.1 215.8 221.3 218.9 209.2 207.4
v-6__0.5__0___408 0.412072360516 219.7 192.7 231.4 206.8 228.2 209.3 216.5 195.2
v-6__0.5__0___408 0.117419674993 225.0 226.5 225.0 241.1 216.8 241.1 216.8 226.5
v-6__0.5__0___408 0.111464120448 264.4 210.5 271.1 219.5 266.3 222.3 259.6 213.2
v-6__0.5__0___408 0.103077806532 247.6 181.0 254.9 195.4 252.0 196.8 244.6 182.4
v-1__0.5__408___0 0.155235901475 579.9 163.6 579.9 172.0 560.5 172.0 560.5 163.6
v-1__0.5__408___0 0.100937046111 312.3 282.3 313.5 287.2 299.8 290.8 298.6 285.9
v-20__0.5__0___416 0.447464883327 499.7 226.0 503.1 230.2 492.4 241.5 489.0 237.4
v-20__0.5__0___416 0.432309985161 395.8 271.4 395.8 503.1 353.8 503.1 353.8 271.4
v-20__0.5__0___416 0.356433779001 24.3 578.2 33.7 592.3 28.6 594.8 19.3 580.6
v-20__0.5__0___416 0.272629350424 284.4 279.2 284.4 495.2 238.1 495.2 238.1 279.2
v-20__0.5__0___416 0.263956606388 26.8 568.6 34.5 583.7 27.9 586.7 20.2 571.6
v-20__0.5__0___416 0.246157318354 227.2 561.9 231.6 573.7 224.8 575.6 220.3 563.7
v-20__0.5__0___416 0.241737931967 181.8 522.3 181.8 529.6 164.0 529.6 164.0 522.3
v-20__0.5__0___416 0.237703531981 431.5 512.1 431.5 521.2 414.2 521.2 414.2 512.1
v-20__0.5__0___416 0.224885910749 496.1 70.2 504.1 84.9 498.9 88.4 490.9 73.8
v-20__0.5__0___416 0.202462345362 493.5 249.8 493.5 266.8 482.9 266.8 482.9 249.8
v-20__0.5__0___416 0.192275345325 177.3 541.7 177.3 550.2 161.1 550.2 161.1 541.7
v-20__0.5__0___416 0.168217465281 327.4 285.4 327.4 488.8 285.5 488.8 285.5 285.4
v-20__0.5__0___416 0.164765819907 211.2 547.5 211.2 559.0 199.1 559.0 199.1 547.5
v-20__0.5__0___416 0.161185741425 229.9 282.6 229.9 296.5 221.0 296.5 221.0 282.6
v-20__0.5__0___416 0.158958867192 452.5 171.9 452.5 187.6 442.9 187.6 442.9 171.9
v-20__0.5__0___416 0.148789599538 513.5 420.0 519.1 433.3 514.7 435.1 509.1 421.8
v-20__0.5__0___416 0.148107349873 309.9 491.0 317.9 494.7 312.0 509.1 304.0 505.4
v-20__0.5__0___416 0.147445961833 522.1 392.9 522.1 406.6 511.6 406.6 511.6 392.9
v-20__0.5__0___416 0.146892234683 20.3 517.3 20.3 532.1 8.9 532.1 8.9 517.3
v-20__0.5__0___416 0.144455209374 220.2 447.1 220.2 458.0 204.9 458.0 204.9 447.1
v-20__0.5__0___416 0.143562480807 493.3 46.3 502.1 58.4 492.7 64.6 483.9 52.5
v-20__0.5__0___416 0.136937797070 189.9 512.2 189.9 521.3 172.2 521.3 172.2 512.2
v-20__0.5__0___416 0.132443010807 330.4 462.7 330.4 473.0 306.4 473.0 306.4 462.7
v-20__0.5__0___416 0.131498113275 155.5 545.2 155.5 552.0 139.7 552.0 139.7 545.2
v-20__0.5__0___416 0.129371687770 520.6 418.8 525.8 434.0 519.3 436.2 514.1 421.0
v-20__0.5__0___416 0.127259343863 219.3 279.6 219.3 518.6 166.4 518.6 166.4 279.6
v-20__0.5__0___416 0.124690584838 338.1 489.7 338.1 504.5 328.7 504.5 328.7 489.7
v-20__0.5__0___416 0.123584695160 454.3 389.1 454.3 400.7 443.0 400.7 443.0 389.1
v-20__0.5__0___416 0.122639060020 292.9 503.0 292.9 513.6 278.2 513.6 278.2 503.0
v-20__0.5__0___416 0.122175283730 286.2 491.4 286.2 502.1 268.0 502.1 268.0 491.4
v-20__0.5__0___416 0.120059721172 492.5 351.8 492.5 365.3 486.5 365.3 486.5 351.8
v-20__0.5__0___416 0.112777777016 454.1 137.4 454.1 149.3 441.4 149.3 441.4 137.4
v-20__0.5__0___416 0.111717678607 453.3 328.6 453.3 341.7 443.1 341.7 443.1 328.6
v-20__0.5__0___416 0.110868372023 257.3 477.6 257.3 492.6 243.0 492.6 243.0 477.6
v-20__0.5__0___416 0.110032312572 453.5 190.6 453.5 202.8 443.6 202.8 443.6 190.6
v-20__0.5__0___416 0.103716708720 105.4 511.3 105.4 529.2 96.9 529.2 96.9 511.3
v-20__0.5__0___416 0.103348083794 448.8 116.6 448.8 130.0 438.9 130.0 438.9 116.6
v-20__0.5__0___416 0.103289358318 453.0 347.6 453.0 360.9 444.4 360.9 444.4 347.6
v-20__0.5__0___416 0.102676406503 12.4 492.5 12.4 509.7 1.9 509.7 1.9 492.5
v-20__0.5__0___416 0.102667234838 101.0 446.4 101.0 455.8 81.5 455.8 81.5 446.4
v-20__0.5__0___416 0.102023035288 72.1 297.7 72.1 305.0 54.6 305.0 54.6 297.7
v-6__0.5__0___416 0.361463755369 211.9 196.4 223.8 208.4 221.3 211.1 209.4 199.1
v-6__0.5__0___416 0.273841977119 210.1 205.2 219.7 216.5 215.4 219.2 205.8 207.9
v-6__0.5__0___416 0.266262829304 219.4 185.0 231.1 199.0 228.5 200.9 216.8 186.9
v-6__0.5__0___416 0.100627250969 362.8 4.0 364.9 7.9 353.2 17.0 351.1 13.1
v-5__0.5__0___416 0.128962486982 374.1 302.6 380.5 313.6 374.6 318.0 368.2 306.9
v-20__0.5__408___0 0.222564145923 22.3 400.9 33.9 409.1 31.3 413.5 19.7 405.3
v-20__0.5__408___0 0.188198760152 41.6 369.7 53.0 377.2 50.6 380.6 39.2 373.1
v-20__0.5__408___0 0.179190412164 83.7 463.4 92.5 475.1 84.5 480.9 75.7 469.2
v-7__0.5__0___0 0.111084952950 425.1 24.3 425.1 44.1 415.2 44.1 415.2 24.3
v-20__0.5__408___408 0.385000437498 89.5 234.0 94.4 237.5 85.9 249.6 81.1 246.1
v-20__0.5__408___408 0.306252360344 23.9 519.8 23.9 529.7 4.8 529.7 4.8 519.8
v-20__0.5__408___408 0.231034815311 86.5 359.9 86.5 374.1 79.2 374.1 79.2 359.9
v-20__0.5__408___408 0.205986306071 83.7 258.1 83.7 274.3 74.8 274.3 74.8 258.1
v-20__0.5__408___408 0.157947361469 90.2 81.6 98.7 95.8 93.2 99.2 84.7 85.0
v-20__0.5__408___408 0.157900974154 112.9 404.7 112.9 418.0 102.6 418.0 102.6 404.7
v-20__0.5__408___408 0.154187247157 83.7 54.9 92.1 66.1 83.7 71.9 75.3 60.6
v-20__0.5__408___408 0.146701067686 121.6 455.8 130.8 465.5 126.6 469.5 117.5 459.8
v-20__0.5__408___408 0.140417441726 202.6 528.4 211.0 540.3 206.2 544.0 197.8 532.1
v-20__0.5__408___408 0.138034239411 111.1 426.3 117.3 443.1 111.1 445.0 104.8 428.2
v-20__0.5__408___408 0.130861058831 110.0 388.4 113.1 393.8 105.2 399.6 102.0 394.2
v-20__0.5__408___408 0.127117544413 35.3 295.6 35.3 309.4 2.5 309.4 2.5 295.6
v-20__0.5__408___408 0.116333208978 151.0 475.6 161.8 486.7 153.5 493.2 142.7 482.0
v-20__0.5__408___408 0.114570245147 82.7 291.4 82.7 305.9 75.4 305.9 75.4 291.4
v-20__0.5__408___408 0.108734585345 214.3 554.3 214.3 569.6 203.9 569.6 203.9 554.3
v-20__0.5__408___408 0.106781989336 36.6 491.7 36.6 516.9 0.1 516.9 0.1 491.7
v-1__0.5__416___0 0.189796492457 571.9 163.1 571.9 172.4 552.2 172.4 552.2 163.1
v-1__0.5__416___0 0.156958848238 592.0 90.0 592.0 107.8 580.9 107.8 580.9 90.0
v-1__0.5__416___0 0.113086037338 305.1 282.1 305.1 290.7 290.9 290.7 290.9 282.1
v-20__0.5__408___416 0.373130381107 89.9 226.0 94.3 228.7 85.6 241.4 81.2 238.7
v-20__0.5__408___416 0.339562028646 24.1 511.8 24.1 521.4 4.8 521.4 4.8 511.8
v-20__0.5__408___416 0.223362326622 86.9 351.9 86.9 366.2 79.2 366.2 79.2 351.9
v-20__0.5__408___416 0.184651628137 83.7 249.9 83.7 266.3 75.0 266.3 75.0 249.9
v-20__0.5__408___416 0.179645553231 121.2 448.0 130.7 457.6 127.1 461.0 117.6 451.4
v-20__0.5__408___416 0.171692401171 90.4 73.9 98.8 87.6 93.2 91.0 84.8 77.2
v-20__0.5__408___416 0.164388582110 110.6 417.7 117.5 435.9 111.8 437.9 104.9 419.7
v-20__0.5__408___416 0.153654590249 112.6 396.7 112.6 409.9 103.1 409.9 103.1 396.7
v-20__0.5__408___416 0.132994264364 110.0 380.6 113.0 385.5 105.0 391.1 102.0 386.2
v-20__0.5__408___416 0.125534996390 151.0 467.4 161.7 479.3 153.5 485.2 142.8 473.3
v-20__0.5__408___416 0.119413442910 82.9 283.2 82.9 297.9 75.3 297.9 75.3 283.2
v-20__0.5__408___416 0.114739216864 202.1 520.3 211.0 532.6 206.5 536.2 197.6 524.0
v-20__0.5__408___416 0.101980425417 45.2 141.7 45.2 510.4 -1.2 510.4 -1.2 141.7
v-20__0.5__408___416 0.101523704827 38.8 490.4 38.8 502.4 22.0 502.4 22.0 490.4
v-20__0.5__408___416 0.100732125342 93.8 282.2 93.8 297.9 82.8 297.9 82.8 282.2
v-2__0.5__416___0 0.139023378491 245.3 283.0 245.3 302.1 236.5 302.1 236.5 283.0
v-20__0.5__416___0 0.199949920177 14.4 400.9 25.5 409.3 22.8 413.2 11.7 404.8
v-20__0.5__416___0 0.190936625004 34.2 369.4 45.3 376.8 42.3 380.2 31.1 372.8
v-20__0.5__416___0 0.176156997681 75.7 463.3 84.1 475.2 76.1 481.0 67.7 469.1
v-20__0.5__416___0 0.156431451440 35.0 400.5 35.0 592.6 1.2 592.6 1.2 400.5
v-7__0.5__408___0 0.121709130704 106.9 13.6 108.6 38.4 10.6 47.5 8.8 22.7
v-6__0.5__416___408 0.157644644380 282.0 66.5 282.4 72.6 257.1 76.5 256.8 70.4
v-6__0.5__416___408 0.105725370347 277.3 52.7 277.3 63.6 254.4 63.6 254.4 52.7
v-4__0.5__408___408 0.176420971751 79.4 24.5 87.1 40.9 80.3 44.3 72.7 27.8
v-20__0.5__416___408 0.433133006096 81.0 233.8 86.0 237.0 78.0 249.5 73.0 246.3
v-20__0.5__416___408 0.224309846759 75.4 257.9 75.4 274.2 67.1 274.2 67.1 257.9
v-20__0.5__416___408 0.161121591926 75.6 55.2 83.5 66.7 75.4 71.8 67.5 60.3
v-20__0.5__416___408 0.141034111381 104.6 404.6 104.6 417.9 95.2 417.9 95.2 404.6
v-20__0.5__416___408 0.122320234776 205.8 554.6 205.8 569.5 196.1 569.5 196.1 554.6
v-20__0.5__416___408 0.119348242879 17.0 519.3 17.0 529.2 1.2 529.2 1.2 519.3
v-20__0.5__416___408 0.115972571075 114.0 456.0 122.6 465.4 118.3 469.1 109.7 459.6
v-20__0.5__416___408 0.108987517655 82.8 81.2 90.9 95.8 84.4 99.5 76.3 84.9
v-20__0.5__416___408 0.104248963296 75.5 314.3 75.5 328.3 67.2 328.3 67.2 314.3
v-20__0.5__416___408 0.101962782443 103.3 426.4 108.7 442.7 102.7 445.1 97.3 428.9
v-7__0.5__408___408 0.112771645188 14.6 -2.5 14.6 55.4 -1.8 55.4 -1.8 -2.5
v-20__0.5__416___416 0.424905091524 81.2 226.0 86.1 228.8 78.1 241.4 73.1 238.6
v-20__0.5__416___416 0.204698413610 75.2 249.8 75.2 266.3 67.2 266.3 67.2 249.8
v-20__0.5__416___416 0.168471008539 113.0 447.9 122.7 457.5 119.1 461.0 109.5 451.4
v-20__0.5__416___416 0.134612351656 17.0 511.2 17.0 520.9 1.1 520.9 1.1 511.2
v-20__0.5__416___416 0.131911963224 103.3 418.5 108.8 434.4 103.1 436.6 97.5 420.8
v-20__0.5__416___416 0.111357018352 75.5 306.0 75.5 320.3 67.3 320.3 67.3 306.0
v-20__0.5__416___416 0.108780361712 29.1 288.3 29.1 301.2 16.0 301.2 16.0 288.3
v-20__0.5__416___416 0.107069343328 39.4 159.2 39.4 169.5 20.7 169.5 20.7 159.2
v-20__0.5__416___416 0.106737002730 104.5 396.8 104.5 409.7 95.1 409.7 95.1 396.8
v-20__0.5__416___416 0.100574076176 22.7 487.8 22.7 513.1 -2.2 513.1 -2.2 487.8
v-7__0.5__408___416 0.130367532372 17.9 -4.1 17.9 49.0 -5.8 49.0 -5.8 -4.1
v-4__0.5__416___416 0.106639340520 39.6 354.7 42.5 369.4 -3.3 380.6 -6.2 366.0
v-8__0.5__408___0 0.113181643188 157.3 321.7 161.4 324.5 153.0 338.6 148.9 335.8
v-9__0.5__0___408 0.256480365992 449.6 169.4 459.1 189.8 452.6 192.5 443.1 172.1
v-9__0.5__0___408 0.140997678041 24.4 204.6 27.8 214.5 4.2 221.4 0.9 211.5
v-9__0.5__0___408 0.134156093001 38.5 330.6 45.1 344.0 38.5 347.2 31.8 333.9
v-9__0.5__0___408 0.115677699447 606.8 438.1 606.8 473.7 596.9 473.7 596.9 438.1
v-12__0.5__408___0 0.293353945017 336.9 119.6 343.5 121.1 339.5 136.0 332.9 134.5
v-12__0.5__408___0 0.264600425959 284.5 218.2 287.9 226.1 277.7 231.5 274.3 223.6
v-12__0.5__408___0 0.261144608259 265.3 237.8 267.6 242.2 255.2 250.6 252.9 246.2
v-12__0.5__408___0 0.249102905393 300.6 202.5 303.5 207.0 293.6 214.1 290.7 209.6
v-12__0.5__408___0 0.181473568082 309.0 191.4 311.8 194.0 302.6 203.6 299.8 201.0
v-12__0.5__408___0 0.165709912777 254.3 19.4 260.3 23.0 251.1 39.4 245.1 35.9
v-12__0.5__408___0 0.158742338419 263.6 541.2 271.0 551.6 266.2 555.4 258.8 545.0
v-12__0.5__408___0 0.152320399880 335.0 150.0 335.0 161.0 325.7 161.0 325.7 150.0
v-12__0.5__408___0 0.142049819231 318.0 175.4 324.8 178.5 319.2 185.8 312.4 182.7
v-12__0.5__408___0 0.137358203530 243.9 252.7 248.3 259.3 232.0 271.1 227.6 264.5
v-12__0.5__408___0 0.107578992844 249.6 380.4 254.6 391.7 249.2 394.9 244.2 383.6
v-9__0.5__0___416 0.282486349344 449.7 161.1 459.0 182.0 452.5 184.7 443.3 163.9
v-9__0.5__0___416 0.195840924978 39.0 322.4 45.3 336.4 38.4 339.0 32.2 325.1
v-9__0.5__0___416 0.153281778097 500.0 210.2 501.7 217.3 461.3 231.7 459.6 224.6
v-9__0.5__0___416 0.116618260741 24.3 196.2 27.8 206.0 4.3 213.5 0.8 203.7
v-12__0.5__408___408 0.465572506189 578.5 241.8 580.8 248.0 562.2 255.4 559.9 249.3
v-12__0.5__408___408 0.330052554607 601.9 239.3 602.9 244.1 587.0 250.4 586.0 245.5
v-12__0.5__408___408 0.266252845526 589.5 229.9 596.4 240.3 589.1 244.1 582.2 233.7
v-12__0.5__408___408 0.176764205098 576.7 209.7 578.8 216.8 562.2 222.2 560.1 215.1
v-12__0.5__408___408 0.113666206598 543.4 413.7 543.4 423.0 529.9 423.0 529.9 413.7
v-12__0.5__408___408 0.110170960426 313.1 405.3 318.2 413.4 314.3 415.8 309.2 407.7
v-11__0.5__408___0 0.126102253795 387.4 143.0 389.0 151.1 362.1 159.3 360.5 151.2
v-11__0.5__408___0 0.104565307498 308.9 128.6 308.9 150.5 302.1 150.5 302.1 128.6
v-12__0.5__408___416 0.474562466145 578.6 233.9 580.9 239.6 562.3 246.9 560.1 241.2
v-12__0.5__408___416 0.305196106434 601.9 231.1 603.0 236.0 586.7 242.5 585.6 237.6
v-12__0.5__408___416 0.247966602445 589.5 221.9 596.1 232.1 588.7 236.0 582.0 225.8
v-12__0.5__408___416 0.172123193741 576.7 202.1 578.4 209.2 562.2 213.8 560.4 206.6
v-12__0.5__408___416 0.133986860514 313.0 397.0 318.3 405.0 314.3 408.0 309.0 399.9
v-12__0.5__408___416 0.100310727954 543.3 405.8 543.3 414.8 529.8 414.8 529.8 405.8
v-9__0.5__408___408 0.125229209661 41.5 169.6 50.4 188.5 42.9 191.8 34.0 172.9
v-12__0.5__416___0 0.296838849783 329.2 119.9 335.4 121.5 331.4 135.7 325.3 134.0
v-12__0.5__416___0 0.267427593470 292.1 202.1 295.5 206.3 286.2 214.5 282.8 210.2
v-12__0.5__416___0 0.263329446316 257.2 237.8 259.7 242.2 247.5 250.5 245.0 246.2
v-12__0.5__416___0 0.241287529469 276.6 217.9 280.2 225.2 269.7 231.5 266.1 224.2
v-12__0.5__416___0 0.165128707886 256.2 541.2 263.0 551.4 257.9 555.0 251.1 544.8
v-12__0.5__416___0 0.161578536034 246.4 19.7 252.2 23.2 243.0 39.1 237.3 35.7
v-12__0.5__416___0 0.157625555992 300.5 191.3 303.8 194.0 295.0 203.5 291.7 200.8
v-12__0.5__416___0 0.134268745780 326.8 149.5 326.8 161.3 318.2 161.3 318.2 149.5
v-12__0.5__416___0 0.125900432467 241.8 380.5 246.5 391.6 240.7 394.6 236.0 383.5
v-12__0.5__416___0 0.107143692672 313.3 174.6 318.4 177.5 313.0 185.5 307.9 182.7
v-12__0.5__416___0 0.106574289501 228.7 346.8 233.5 360.5 227.2 362.1 222.4 348.4
v-9__0.5__408___416 0.100101687014 90.6 209.1 93.5 217.8 52.3 232.8 49.5 224.2
v-11__0.5__408___416 0.119383178651 381.6 301.8 383.0 307.8 366.4 312.9 365.0 306.9
v-15__0.5__0___408 0.186860397458 438.1 263.7 443.5 269.8 427.0 283.7 421.5 277.7
v-12__0.5__416___408 0.402183085680 570.3 242.1 572.4 247.9 554.3 255.2 552.2 249.4
v-12__0.5__416___408 0.244871556759 595.3 240.2 595.0 244.1 577.4 250.0 577.7 246.1
v-12__0.5__416___408 0.175764381886 605.3 211.3 605.3 223.7 590.1 223.7 590.1 211.3
v-12__0.5__416___408 0.174776554108 583.6 228.2 590.4 240.6 578.1 245.8 571.3 233.3
v-12__0.5__416___408 0.157017335296 569.1 210.0 570.7 217.2 553.9 221.6 552.3 214.5
v-12__0.5__416___408 0.135632127523 340.6 293.1 340.6 301.0 326.9 301.0 326.9 293.1
v-12__0.5__416___408 0.133177056909 256.5 132.6 263.6 142.6 258.1 147.1 251.0 137.1
v-12__0.5__416___408 0.132695734501 305.3 405.2 310.8 413.5 306.3 416.2 300.7 407.9
v-12__0.5__416___408 0.121351674199 535.2 413.6 535.2 423.1 521.6 423.1 521.6 413.6
v-12__0.5__416___408 0.115429788828 604.8 230.3 608.9 238.9 599.1 243.7 595.0 235.1
v-15__0.5__0___416 0.114362820983 438.6 256.7 443.3 262.6 426.5 275.2 421.9 269.4
v-12__0.5__416___416 0.416240870953 570.3 234.0 572.5 239.4 554.6 246.9 552.4 241.6
v-12__0.5__416___416 0.314114719629 593.7 231.3 594.4 236.3 578.3 242.1 577.6 237.1
v-12__0.5__416___416 0.208163335919 581.6 221.3 588.1 232.5 580.3 236.4 573.8 225.2
v-12__0.5__416___416 0.132240265608 605.5 203.2 605.5 215.6 590.1 215.6 590.1 203.2
v-12__0.5__416___416 0.130909591913 281.6 34.5 292.1 45.1 288.4 48.7 277.8 38.1
v-12__0.5__416___416 0.124390058219 535.2 405.6 535.2 415.0 521.5 415.0 521.5 405.6
v-12__0.5__416___416 0.123936541378 569.0 202.1 570.6 209.2 553.8 213.5 552.2 206.3
v-12__0.5__416___416 0.123705320060 604.6 222.1 608.9 230.8 599.3 235.8 595.1 227.2
v-12__0.5__416___416 0.116324856877 305.4 397.0 310.5 405.0 306.0 408.1 300.9 400.0
v-9__0.5__416___408 0.148074954748 33.5 169.3 42.2 188.6 34.7 191.7 26.0 172.4
v-11__0.5__416___416 0.120875038207 373.1 302.1 374.3 308.4 358.8 312.8 357.5 306.5
v-9__0.5__416___416 0.197689190507 33.7 161.2 42.5 181.0 34.9 183.9 26.1 164.1
v-9__0.5__416___416 0.147172600031 86.8 209.3 89.0 216.7 47.5 231.4 45.2 224.0
v-9__0.5__416___416 0.121702603996 100.3 210.4 102.4 216.7 84.0 222.1 81.9 215.7
v-15__0.5__408___408 0.145252138376 184.7 242.6 190.8 243.8 186.6 265.6 180.5 264.4
v-15__0.5__408___408 0.145118474960 172.2 240.0 182.3 242.2 179.0 260.1 168.9 257.9
v-15__0.5__408___408 0.122937701643 28.0 264.1 33.6 271.2 18.2 283.0 12.6 275.9
v-15__0.5__416___408 0.167358592153 164.4 240.2 173.9 242.2 170.7 259.5 161.2 257.5
v-15__0.5__416___408 0.105170227587 176.5 242.4 182.8 243.7 178.4 265.4 172.1 264.1
v-10__0.5__0___1632 0.101322196424 586.1 228.0 591.7 229.0 585.0 243.7 579.3 242.6
v-15__0.5__416___416 0.133036926389 20.2 256.4 25.8 262.3 10.6 275.0 5.0 269.1
v-18__0.5__408___0 0.435385495424 447.0 456.6 450.0 462.4 433.3 472.8 430.3 467.0
v-18__0.5__408___0 0.133359983563 450.3 409.8 463.1 430.6 453.2 436.6 440.4 415.7
v-18__0.5__408___408 0.311276137829 448.4 46.9 451.8 51.1 436.7 63.1 433.3 59.0
v-18__0.5__408___408 0.101672030985 450.3 1.6 463.6 22.4 454.9 27.7 441.6 6.9
v-18__0.5__408___416 0.281311959028 445.6 41.3 448.9 46.0 433.7 57.6 430.4 53.0
v-10__0.5__0___3488 0.400032192469 598.3 475.7 603.0 481.3 572.2 510.6 567.6 505.0
v-10__0.5__0___3488 0.310052901506 559.9 443.2 582.1 469.3 572.3 477.9 550.1 451.9
v-10__0.5__0___3488 0.282397657633 533.3 489.2 537.8 495.0 507.7 518.6 503.1 512.8
v-10__0.5__0___3488 0.237931221724 552.3 529.5 555.6 534.5 529.8 551.0 526.5 545.9
v-10__0.5__0___3488 0.221843421459 501.4 523.4 506.2 528.3 481.5 550.9 476.8 546.0
v-10__0.5__0___3488 0.204864263535 549.6 520.0 552.5 524.4 524.1 544.4 521.1 540.0
v-10__0.5__0___3488 0.196284711361 604.8 490.1 609.3 495.7 580.8 520.4 576.3 514.8
v-10__0.5__0___3488 0.167576327920 518.9 549.4 524.2 556.0 504.3 573.3 499.0 566.7
v-10__0.5__0___3488 0.166263267398 581.4 450.1 595.9 462.5 590.1 468.8 575.5 456.4
v-10__0.5__0___3488 0.121906407177 561.8 537.4 567.3 542.9 538.5 569.1 533.1 563.6
v-10__0.5__0___3488 0.119560874999 604.2 420.0 609.8 429.0 600.3 433.8 594.6 424.8
v-10__0.5__0___3488 0.118916571140 508.4 532.9 512.7 537.0 492.6 558.1 488.4 554.1
v-18__0.5__416___0 0.454505413771 439.0 456.2 442.3 462.2 425.5 472.9 422.2 466.8
v-18__0.5__416___0 0.146216914058 442.9 410.4 454.9 429.6 445.6 435.4 433.6 416.2
v-18__0.5__416___408 0.271329551935 439.9 46.8 443.7 52.0 428.9 63.2 425.2 58.1
v-18__0.5__416___408 0.242366701365 442.8 2.5 454.5 22.0 446.0 26.9 434.3 7.3
v-18__0.5__416___416 0.316121041775 439.9 39.2 443.3 43.8 428.8 54.9 425.4 50.3
v-18__0.5__416___416 0.174815684557 444.0 -1.7 454.6 15.2 445.2 21.1 434.6 4.1
v-10__0.5__408___3488 0.653234124184 566.7 64.0 571.7 69.0 547.4 94.3 542.4 89.3
v-10__0.5__408___3488 0.516860723495 520.1 104.8 525.3 110.3 499.6 134.1 494.4 128.6
v-10__0.5__408___3488 0.464434564114 578.3 80.2 582.4 84.2 559.6 110.8 555.5 106.7
v-10__0.5__408___3488 0.449211657047 594.0 94.3 597.7 97.5 577.2 121.3 573.4 118.1
v-10__0.5__408___3488 0.365174770355 214.9 404.4 219.6 409.5 195.2 433.2 190.4 428.0
v-10__0.5__408___3488 0.356249779463 272.7 378.9 277.9 385.4 249.0 410.5 243.7 404.0
v-10__0.5__408___3488 0.347887158394 265.9 371.1 269.3 376.7 242.5 397.2 239.0 391.6
v-10__0.5__408___3488 0.335748821497 357.2 500.0 360.1 504.0 344.3 518.4 341.4 514.4
v-10__0.5__408___3488 0.329894870520 606.5 20.2 615.0 27.4 603.7 40.0 595.2 32.8
v-10__0.5__408___3488 0.309751629829 226.6 415.0 230.0 420.9 200.2 441.9 196.8 436.1
v-10__0.5__408___3488 0.294904321432 483.9 140.6 487.5 145.4 461.3 166.3 457.7 161.5
v-10__0.5__408___3488 0.291370034218 597.6 101.5 602.4 104.4 583.8 129.3 579.0 126.4
v-10__0.5__408___3488 0.270055413246 558.0 350.6 562.9 353.8 547.9 373.5 542.9 370.2
v-10__0.5__408___3488 0.240073338151 524.5 249.4 529.4 254.5 509.1 275.4 504.1 270.2
v-10__0.5__408___3488 0.229783132672 252.7 567.8 255.4 574.3 228.1 590.5 225.4 584.1
v-10__0.5__408___3488 0.206063836813 424.8 222.8 427.9 228.0 405.7 244.1 402.6 238.9
v-10__0.5__408___3488 0.203124538064 378.3 253.4 381.0 260.4 353.5 275.4 350.7 268.5
v-10__0.5__408___3488 0.200133502483 245.5 550.3 246.4 554.6 211.8 566.1 210.9 561.9
v-10__0.5__408___3488 0.196756079793 582.3 428.5 585.2 433.5 573.9 441.0 571.0 435.9
v-10__0.5__408___3488 0.196346715093 197.2 491.0 201.3 497.9 171.5 519.2 167.4 512.3
v-10__0.5__408___3488 0.193421348929 340.6 282.1 345.9 287.8 314.5 316.2 309.2 310.5
v-10__0.5__408___3488 0.191921025515 531.2 117.6 536.5 122.1 512.5 148.9 507.1 144.4
v-10__0.5__408___3488 0.185178607702 381.3 261.6 385.9 268.2 362.5 286.6 357.8 280.0
v-10__0.5__408___3488 0.178132176399 538.3 129.8 543.1 135.8 519.4 157.9 514.6 151.9
v-10__0.5__408___3488 0.170872896910 231.3 423.6 235.1 431.7 202.4 449.4 198.6 441.4
v-10__0.5__408___3488 0.170861914754 549.6 212.1 554.6 216.6 534.1 236.8 529.1 232.3
v-10__0.5__408___3488 0.162380754948 191.9 473.8 197.2 479.9 167.5 504.7 162.2 498.5
v-10__0.5__408___3488 0.161843001842 321.2 533.1 324.9 537.0 305.2 558.5 301.5 554.6
v-10__0.5__408___3488 0.160068616271 453.4 258.7 457.7 262.8 441.0 280.1 436.7 276.0
v-10__0.5__408___3488 0.158016160131 524.6 189.8 530.5 194.6 508.9 219.0 502.9 214.2
v-10__0.5__408___3488 0.145845353603 92.9 521.7 98.6 526.8 75.3 551.3 69.6 546.2
v-10__0.5__408___3488 0.142171859741 311.3 521.0 317.0 526.3 292.6 552.0 286.9 546.6
v-10__0.5__408___3488 0.137592509389 273.1 516.2 275.4 520.3 257.6 532.8 255.2 528.7
v-10__0.5__408___3488 0.131285637617 584.0 165.8 592.0 170.1 572.5 203.7 564.5 199.4
v-10__0.5__408___3488 0.126134812832 301.6 324.0 305.4 330.9 270.4 353.8 266.6 347.0
v-10__0.5__408___3488 0.123164758086 468.3 263.4 473.2 267.0 460.1 285.5 455.3 281.9
v-10__0.5__408___3488 0.121069982648 275.9 533.3 278.5 536.9 268.3 546.3 265.7 542.6
v-10__0.5__408___3488 0.118115007877 424.8 305.2 430.6 311.9 407.5 331.9 401.6 325.2
v-10__0.5__408___3488 0.117863610387 443.0 333.6 446.8 336.9 426.8 358.1 423.0 354.8
v-10__0.5__408___3488 0.114435046911 143.3 517.9 146.9 522.9 119.9 543.2 116.3 538.2
v-10__0.5__408___3488 0.112571939826 450.3 168.9 455.1 172.0 430.2 202.9 425.4 199.8
v-10__0.5__408___3488 0.111750312150 598.3 315.0 602.6 317.7 586.8 336.4 582.5 333.7
v-10__0.5__408___3488 0.109401606023 275.9 500.0 279.9 507.7 253.1 522.9 249.0 515.2
v-10__0.5__408___3488 0.105966977775 191.0 592.7 195.3 600.9 169.5 612.3 165.2 604.0
v-19__0.5__0___2040 0.347085535526 76.9 215.5 89.1 225.0 66.0 258.2 53.7 248.6
v-19__0.5__0___2040 0.289940536022 72.3 280.4 81.9 290.4 62.1 308.5 52.4 298.5
v-19__0.5__0___2040 0.271339237690 8.1 241.1 17.3 249.0 3.0 272.1 -6.1 264.2
v-19__0.5__0___2040 0.260170042515 43.1 201.8 56.1 205.6 48.1 239.3 35.1 235.6
v-19__0.5__0___2040 0.244876563549 60.4 202.2 70.9 209.9 58.6 231.2 48.2 223.5
v-19__0.5__0___2040 0.239131644368 70.3 318.3 75.7 325.3 54.6 341.7 49.2 334.8
v-19__0.5__0___2040 0.235530734062 79.7 193.4 86.7 198.8 78.6 214.4 71.6 209.1
v-19__0.5__0___2040 0.202528715134 39.8 216.7 39.8 249.6 19.8 249.6 19.8 216.7
v-19__0.5__0___2040 0.191569224000 41.9 165.7 53.5 175.9 35.2 196.3 23.6 186.1
v-19__0.5__0___2040 0.190385714173 18.5 261.9 26.2 269.0 16.0 283.5 8.4 276.4
v-19__0.5__0___2040 0.185277551413 65.9 161.4 65.9 182.1 49.6 182.1 49.6 161.4
v-19__0.5__0___2040 0.184527769685 91.2 226.2 102.2 232.3 84.4 264.1 73.4 258.0
v-19__0.5__0___2040 0.180994197726 67.6 177.7 75.4 184.9 67.9 197.8 60.2 190.7
v-19__0.5__0___2040 0.178324207664 506.0 466.9 506.0 487.3 497.4 487.3 497.4 466.9
v-19__0.5__0___2040 0.177193954587 90.2 208.4 97.0 213.4 90.6 225.0 83.8 220.0
v-19__0.5__0___2040 0.174528524280 15.7 210.7 15.7 239.2 3.4 239.2 3.4 210.7
v-19__0.5__0___2040 0.172096922994 58.5 264.3 71.3 276.4 50.9 297.7 38.2 285.5
v-19__0.5__0___2040 0.160075053573 130.2 140.5 135.5 148.0 116.1 162.3 110.8 154.8
v-19__0.5__0___2040 0.156566977501 51.5 126.2 60.1 141.9 51.8 146.6 43.2 130.8
v-19__0.5__0___2040 0.154817789793 46.2 246.6 57.2 257.1 38.7 275.2 27.8 264.7
v-19__0.5__0___2040 0.148986428976 51.2 145.3 51.2 165.9 35.5 165.9 35.5 145.3
v-19__0.5__0___2040 0.145780429244 74.4 133.2 87.0 168.1 75.0 177.9 62.4 143.0
v-19__0.5__0___2040 0.134552583098 37.2 290.1 46.9 296.5 38.2 312.8 28.5 306.4
v-19__0.5__0___2040 0.133515641093 94.0 138.2 102.3 143.8 95.7 157.6 87.3 151.9
v-19__0.5__0___2040 0.127738967538 470.1 486.7 485.2 496.9 482.7 500.5 467.5 490.3
v-19__0.5__0___2040 0.126447334886 202.3 589.6 207.8 594.1 193.2 609.2 187.7 604.6
v-19__0.5__0___2040 0.121916174889 14.3 164.7 25.5 168.0 13.3 212.4 2.1 209.0
v-19__0.5__0___2040 0.121062017977 49.0 304.6 58.7 312.6 46.3 330.5 36.7 322.5
v-19__0.5__0___2040 0.118998259306 165.0 185.7 174.5 203.3 165.4 208.3 156.0 190.7
v-19__0.5__0___2040 0.114283375442 104.6 237.2 115.5 246.0 103.0 262.5 92.2 253.7
v-19__0.5__0___2040 0.112333051860 452.5 441.3 458.1 442.7 450.4 463.3 444.8 461.9
v-19__0.5__0___2040 0.106325641274 5.5 272.8 15.9 289.1 6.1 297.1 -4.3 280.7
v-19__0.5__0___2040 0.103618122637 26.1 278.0 34.3 282.8 26.2 299.2 18.0 294.4
v-19__0.5__0___2040 0.102863222361 91.3 262.6 100.6 272.1 84.5 286.5 75.2 277.0
v-19__0.5__0___2040 0.101126104593 135.0 153.5 141.1 161.5 120.8 175.9 114.8 167.9
v-19__0.5__0___2040 0.101124353707 54.7 181.7 64.0 192.2 48.0 205.5 38.7 195.0
v-19__0.5__0___2448 0.329110383987 359.0 301.5 362.2 305.5 348.1 318.3 344.9 314.3
v-19__0.5__0___2448 0.321869790554 412.5 214.7 423.4 227.3 419.4 228.5 408.5 215.9
v-19__0.5__0___2448 0.298184365034 569.5 452.2 581.0 462.0 576.4 466.7 564.9 456.8
v-19__0.5__0___2448 0.263016223907 431.7 163.7 448.1 167.9 446.6 173.8 430.2 169.6
v-19__0.5__0___2448 0.211542502046 500.9 59.6 505.6 60.9 501.1 80.4 496.4 79.1
v-19__0.5__0___2448 0.210424751043 408.4 231.5 408.4 250.5 399.1 250.5 399.1 231.5
v-19__0.5__0___2448 0.186546355486 470.2 80.1 485.1 88.9 482.4 92.5 467.6 83.7
v-19__0.5__0___2448 0.176435843110 378.0 281.5 382.5 286.4 370.2 298.7 365.8 293.8
v-19__0.5__0___2448 0.134730949998 421.9 191.2 439.6 197.4 434.5 209.1 416.8 202.9
v-19__0.5__0___2448 0.127556473017 432.1 168.4 449.2 175.1 447.2 183.0 430.1 176.2
v-19__0.5__0___2448 0.126801326871 227.2 455.4 229.0 457.2 214.6 470.6 212.8 468.7
v-19__0.5__0___2448 0.101761065423 469.3 47.0 479.0 50.8 475.2 62.2 465.5 58.4
v-19__0.5__0___2856 0.326433688402 570.5 42.8 580.4 53.9 574.9 57.8 564.9 46.7
v-19__0.5__0___2856 0.311910659075 15.3 246.1 20.0 249.5 5.2 269.6 0.5 266.3
v-19__0.5__0___2856 0.217044040561 26.4 245.9 30.9 250.1 24.2 258.7 19.7 254.5
v-19__0.5__0___2856 0.203197404742 40.1 213.3 47.4 218.4 29.6 238.4 22.3 233.4
v-19__0.5__0___3264 0.268598914146 200.7 378.6 205.8 394.6 200.7 396.2 195.6 380.2
v-19__0.5__0___3264 0.249401330948 173.4 205.1 173.4 229.3 163.5 229.3 163.5 205.1
v-19__0.5__0___3264 0.123812794685 223.9 401.7 232.5 417.3 227.7 420.5 219.1 404.9
v-10__0.5__1224___1632 0.193259596825 467.7 2.8 479.9 15.5 420.1 74.9 407.9 62.2
v-10__0.5__1224___1632 0.125509992242 456.3 -10.4 470.2 2.9 407.6 63.4 393.7 50.1
v-19__0.5__408___2040 0.410711169243 279.8 168.5 282.7 174.5 265.5 185.4 262.6 179.4
v-19__0.5__408___2040 0.366254746914 244.0 194.6 247.7 199.5 229.5 214.2 225.7 209.3
v-19__0.5__408___2040 0.210308313370 98.6 466.9 98.6 487.2 90.7 487.2 90.7 466.9
v-19__0.5__408___2040 0.155972316861 63.9 488.9 77.1 497.1 74.6 500.7 61.4 492.5
v-19__0.5__408___2040 0.109252467752 66.3 455.9 72.1 457.7 66.4 472.3 60.6 470.4
v-19__0.5__408___2040 0.102768167853 524.4 547.0 527.7 552.3 517.9 558.9 514.5 553.6
v-19__0.5__408___2040 0.101917363703 65.8 440.6 74.7 442.5 67.8 463.3 58.9 461.3
v-19__0.5__408___2448 0.217772930861 94.1 59.0 99.1 59.3 95.0 80.8 90.0 80.5
v-19__0.5__408___2448 0.214060679078 163.8 452.1 172.7 462.3 165.7 467.5 156.8 457.3
v-19__0.5__408___2448 0.196868509054 63.4 80.5 77.3 90.0 74.5 92.8 60.5 83.3
v-19__0.5__408___2448 0.112985432148 66.5 48.8 71.7 50.1 65.4 69.0 60.1 67.6
v-19__0.5__408___2448 0.106500685215 23.7 162.5 40.2 167.6 38.1 175.2 21.6 170.1
v-19__0.5__408___2448 0.103961423039 459.7 182.5 605.4 243.5 599.0 258.5 453.3 197.5
v-19__0.5__408___2856 0.209452584386 162.0 42.6 172.1 53.5 166.4 58.0 156.3 47.1
v-19__0.5__408___3264 0.452422589064 323.3 255.4 342.8 271.3 339.0 275.6 319.6 259.7
v-19__0.5__408___3264 0.226495191455 408.7 310.6 413.6 314.0 407.2 323.5 402.3 320.2
v-19__0.5__408___3264 0.138042911887 356.2 283.8 361.8 289.2 353.8 296.0 348.2 290.7
v-19__0.5__408___3264 0.130290925503 248.3 148.1 253.0 163.6 248.1 164.7 243.4 149.1
v-19__0.5__408___3264 0.125279098749 272.4 202.5 286.3 211.0 282.7 215.4 268.8 206.9
v-19__0.5__408___3264 0.107237398624 292.4 222.5 300.6 240.2 295.3 244.2 287.1 226.4
v-19__0.5__816___0 0.182403296232 100.4 11.8 132.1 36.7 122.4 49.8 90.7 25.0
v-19__0.5__816___0 0.153345569968 230.1 509.8 235.1 514.6 219.7 530.7 214.7 526.0
v-19__0.5__816___408 0.337432980537 376.4 294.5 392.5 307.1 389.1 311.9 373.0 299.4
v-19__0.5__816___408 0.270238250494 504.2 487.5 504.2 507.0 494.8 507.0 494.8 487.5
v-19__0.5__816___408 0.185250893235 463.5 381.6 469.6 399.5 464.2 400.8 458.1 382.9
v-19__0.5__816___408 0.164671719074 230.3 102.1 235.0 106.6 219.5 122.9 214.8 118.3
v-19__0.5__816___408 0.158048838377 317.3 318.1 321.4 323.4 308.5 334.2 304.4 329.0
v-19__0.5__816___408 0.111152946949 311.6 309.9 315.8 315.8 301.0 327.2 296.8 321.4
v-19__0.5__816___408 0.101506121457 298.4 324.0 304.5 329.3 291.7 343.9 285.6 338.6
v-19__0.5__816___816 0.295369684696 505.0 80.1 505.0 101.5 494.3 101.5 494.3 80.1
v-19__0.5__816___816 0.109658136964 581.0 556.2 581.0 566.6 565.2 566.6 565.2 556.2
v-10__0.5__1632___1224 0.146383717656 268.9 372.1 275.3 393.7 270.5 394.7 264.1 373.2
v-10__0.5__1632___1224 0.120928764343 207.4 424.8 219.2 434.5 210.8 436.9 199.0 427.2
v-10__0.5__1632___1224 0.105443663895 95.0 381.2 95.0 401.4 79.7 401.4 79.7 381.2
v-10__0.5__1632___1224 0.104875631630 288.7 396.3 297.5 404.9 291.4 408.8 282.7 400.1
v-10__0.5__1632___1224 0.103272773325 273.6 372.1 287.7 390.0 281.9 393.1 267.8 375.2
v-19__0.5__816___1632 0.187522679567 547.5 520.3 547.5 555.0 534.6 555.0 534.6 520.3
v-19__0.5__816___1632 0.164929717779 571.8 506.0 571.8 529.7 559.9 529.7 559.9 506.0
v-19__0.5__816___1632 0.113705553114 534.7 462.4 534.7 489.0 524.0 489.0 524.0 462.4
v-19__0.5__816___1632 0.109123177826 349.0 178.1 419.5 281.8 410.0 287.9 339.5 184.2
v-19__0.5__816___2040 0.471784412861 486.1 258.6 496.4 262.2 483.5 297.5 473.2 293.9
v-19__0.5__816___2040 0.443786054850 474.5 305.1 481.7 309.1 468.3 332.0 461.1 328.0
v-19__0.5__816___2040 0.409346878529 438.4 392.7 443.1 394.6 434.1 412.0 429.4 410.1
v-19__0.5__816___2040 0.311776757240 447.6 336.6 453.5 338.5 448.3 354.9 442.5 353.0
v-19__0.5__816___2040 0.271534383297 536.3 111.5 545.4 113.3 539.7 151.8 530.6 150.0
v-19__0.5__816___2040 0.231245696545 464.9 301.7 471.6 304.6 456.4 334.1 449.6 331.2
v-19__0.5__816___2040 0.193640232086 564.0 99.3 571.8 100.9 567.4 122.1 559.6 120.4
v-19__0.5__816___2040 0.193560346961 459.5 595.7 466.9 604.9 459.3 609.0 452.0 599.8
v-19__0.5__816___2040 0.188489556313 529.1 110.6 537.2 111.7 529.4 152.6 521.4 151.5
v-19__0.5__816___2040 0.175019919872 479.5 289.3 492.6 294.4 490.2 298.8 477.1 293.7
v-19__0.5__816___2040 0.155530184507 472.7 300.1 481.7 306.8 478.6 311.3 469.6 304.6
v-19__0.5__816___2040 0.126630857587 535.3 54.9 535.3 85.9 523.4 85.9 523.4 54.9
v-19__0.5__816___2040 0.122203454375 393.1 367.5 400.2 374.0 364.9 413.8 357.8 407.3
v-19__0.5__816___2040 0.120558351278 511.4 -6.7 511.4 43.7 450.0 43.7 450.0 -6.7
v-19__0.5__816___2040 0.120147511363 502.2 215.4 505.8 215.0 499.6 234.8 496.0 235.2
v-19__0.5__816___2040 0.107559651136 487.9 234.4 495.0 237.5 487.8 254.7 480.7 251.6
v-19__0.5__816___2040 0.105173796415 459.7 329.0 471.4 333.4 469.6 338.2 458.0 333.7
v-19__0.5__816___2448 0.197737157345 408.1 232.9 418.6 244.2 415.1 247.3 404.7 236.0
v-19__0.5__816___3264 0.105932928622 354.2 303.5 360.9 309.0 348.1 324.3 341.4 318.8
v-19__0.5__1224___0 0.127269074321 312.6 404.5 339.8 448.4 333.4 452.3 306.3 408.3
v-19__0.5__1224___408 0.259617984295 95.9 486.9 95.9 507.1 86.3 507.1 86.3 486.9
v-19__0.5__1224___408 0.123081259429 79.0 456.7 85.0 477.5 79.6 479.1 73.6 458.3
v-19__0.5__1224___816 0.312773376703 96.7 79.1 96.7 101.9 85.3 101.9 85.3 79.1
v-19__0.5__1224___816 0.190017148852 410.0 320.2 421.8 322.1 413.2 364.7 401.4 362.8
v-19__0.5__1224___1224 0.225443392992 376.7 589.0 376.7 606.7 367.3 606.7 367.3 589.0
v-19__0.5__1224___1224 0.198759585619 359.9 406.4 359.9 423.4 350.9 423.4 350.9 406.4
v-19__0.5__1224___1224 0.152381807566 376.8 520.1 376.8 545.6 364.9 545.6 364.9 520.1
v-19__0.5__1224___1224 0.116381846368 367.7 430.5 367.7 449.3 359.2 449.3 359.2 430.5
v-19__0.5__1224___1632 0.277410596609 365.2 563.9 365.2 574.3 346.4 574.3 346.4 563.9
v-19__0.5__1224___1632 0.256752997637 374.6 179.9 374.6 197.5 368.7 197.5 368.7 179.9
v-19__0.5__1224___1632 0.223991215229 377.1 505.0 377.1 528.6 365.4 528.6 365.4 505.0
v-19__0.5__1224___1632 0.220539778471 129.2 518.6 139.3 520.0 134.6 555.4 124.5 553.9
v-19__0.5__1224___1632 0.204285472631 161.8 505.6 161.8 529.0 151.2 529.0 151.2 505.6
v-19__0.5__1224___1632 0.189462974668 349.0 271.3 360.0 273.0 352.7 308.7 341.6 307.0
v-19__0.5__1224___1632 0.180516496301 72.4 472.5 84.0 474.5 75.9 528.3 64.2 526.3
v-19__0.5__1224___1632 0.167548447847 216.8 368.0 216.8 389.8 208.9 389.8 208.9 368.0
v-19__0.5__1224___1632 0.137927547097 225.3 368.4 225.3 391.2 216.3 391.2 216.3 368.4
v-19__0.5__1224___2040 0.491226017475 65.0 303.9 73.6 307.7 60.6 332.5 52.0 328.7
v-19__0.5__1224___2040 0.375509798527 78.2 258.7 89.2 261.9 77.4 295.2 66.5 292.0
v-19__0.5__1224___2040 0.311977297068 30.9 392.9 35.7 394.8 27.3 411.2 22.5 409.3
v-19__0.5__1224___2040 0.306613743305 128.5 110.1 139.3 110.9 134.6 151.4 123.8 150.7
v-19__0.5__1224___2040 0.306583642960 46.8 337.1 46.8 355.8 38.0 355.8 38.0 337.1
v-19__0.5__1224___2040 0.284500718117 158.4 99.5 165.3 100.7 161.2 121.8 154.3 120.6
v-19__0.5__1224___2040 0.230190709233 368.9 102.7 368.9 128.2 358.7 128.2 358.7 102.7
v-19__0.5__1224___2040 0.182924479246 75.6 288.0 87.2 293.0 84.1 298.7 72.5 293.7
v-19__0.5__1224___2040 0.172534361482 50.0 595.4 58.3 604.7 51.3 609.7 43.0 600.4
v-19__0.5__1224___2040 0.146213144064 71.7 70.3 82.6 71.8 76.6 118.9 65.7 117.4
v-19__0.5__1224___2040 0.143566057086 64.3 296.0 73.9 303.1 71.0 308.8 61.4 301.6
v-19__0.5__1224___2040 0.119524024427 365.6 155.4 365.6 165.5 345.5 165.5 345.5 155.4
v-19__0.5__1224___2040 0.106659874320 111.9 -2.2 111.9 46.3 46.4 46.3 46.4 -2.2
v-19__0.5__1224___2040 0.106520079076 164.7 527.8 164.7 537.5 155.5 537.5 155.5 527.8
v-3__1__408___0 0.109407372773 598.8 372.3 606.0 393.6 362.2 491.0 355.1 469.7
v-3__1__408___0 0.106654018164 40.5 306.0 49.0 308.9 44.0 322.8 35.5 319.8
v-3__1__408___408 0.222076669335 563.0 -31.1 574.3 -2.6 364.9 92.2 353.6 63.7
v-3__1__408___408 0.123845592141 603.2 575.7 611.3 600.7 552.4 620.0 544.4 595.0
v-3__1__816___1440 0.131278917193 534.9 301.1 534.9 312.4 513.8 312.4 513.8 301.1
v-4__1__0___0 0.375355273485 472.0 14.9 480.2 34.6 471.5 37.4 463.3 17.6
v-4__1__0___0 0.368889898062 482.3 3.2 491.0 30.6 479.4 35.3 470.8 7.8
v-4__1__0___0 0.168934404850 465.8 43.3 475.4 53.7 470.6 57.2 461.0 46.8
v-4__1__0___0 0.120375260711 460.5 45.2 467.8 56.7 458.5 64.3 451.3 52.8
v-4__1__408___0 0.150732964277 76.5 8.5 83.9 33.0 73.1 36.0 65.7 11.4
v-4__1__408___816 0.113806769252 492.8 2.6 501.0 21.3 491.7 25.0 483.5 6.3
v-4__1__816___816 0.155984356999 84.5 2.5 93.0 20.5 83.8 25.0 75.3 7.0
v-4__1__816___816 0.126026272774 182.1 12.2 184.6 18.3 172.1 24.5 169.6 18.5
v-4__1__1224___1224 0.162441283464 121.3 334.0 126.5 345.3 101.4 358.2 96.2 346.9
v-4__1__1224___1224 0.139353707433 112.8 320.1 118.1 329.0 92.7 343.1 87.3 334.3
v-4__1__1224___1224 0.118395701051 468.2 556.8 470.6 563.6 443.5 575.0 441.1 568.3
v-4__1__1224___1224 0.105811372399 36.1 294.4 46.2 311.2 -0.3 342.3 -10.4 325.5
v-4__1__1224___1440 0.105414643884 120.5 117.8 125.2 127.7 102.6 139.4 97.9 129.5
v-4__1__1440___1224 0.134804517031 279.9 580.2 283.9 589.4 259.7 601.2 255.7 592.1
v-4__1__1440___1224 0.131085187197 251.6 556.6 254.3 563.6 230.6 573.6 228.0 566.6
v-7__1__408___0 0.167396783829 597.1 25.9 603.4 70.8 420.4 100.0 414.1 55.1
v-7__1__816___0 0.203718647361 204.9 23.4 210.9 74.2 18.4 102.3 12.4 51.5
v-7__1__816___408 0.105385303497 50.2 0.9 55.9 40.7 41.9 42.6 36.2 2.8
v-9__1__0___1440 0.100914247334 79.3 37.1 92.7 63.8 77.7 72.2 64.3 45.4
v-9__1__816___0 0.122665628791 180.6 265.7 184.1 275.1 147.2 290.9 143.7 281.5
v-9__1__816___816 0.113502651453 217.5 439.5 219.9 448.5 184.8 458.6 182.4 449.7
v-9__1__816___1224 0.154028132558 217.9 31.5 220.2 40.7 184.0 52.0 181.8 42.8
v-9__1__1224___816 0.129481926560 570.4 263.9 629.6 408.9 601.4 420.7 542.1 275.7
v-9__1__1224___1224 0.142033129930 605.8 -2.4 605.8 23.0 589.9 23.0 589.9 -2.4
v-9__1__1440___816 0.102457202971 308.6 279.4 369.8 435.4 344.5 445.3 283.3 289.3
v-9__1__1440___1224 0.101321049035 473.4 592.4 473.4 603.7 341.9 603.7 341.9 592.4
v-10__1__0___2040 0.103056646883 603.6 62.2 603.6 225.3 32.5 225.3 32.5 62.2
v-10__1__0___2856 0.102448329329 539.9 581.3 593.4 593.0 591.5 605.3 538.0 593.6
v-10__1__0___6936 0.145793810487 363.0 515.5 385.0 546.3 379.2 550.5 357.2 519.7
v-10__1__0___7344 0.103901118040 369.3 113.2 388.7 144.0 380.2 148.8 360.8 118.1
v-10__1__408___2040 0.168360769749 434.5 58.5 464.5 78.3 421.9 140.7 391.8 120.9
v-10__1__2856___2856 0.182296186686 387.6 550.1 387.6 571.3 377.8 571.3 377.8 550.1
v-10__1__2856___3264 0.219587966800 608.6 -0.9 608.6 13.3 594.7 13.3 594.7 -0.9
v-10__1__3264___2856 0.245576053858 525.5 426.9 525.5 437.0 507.6 437.0 507.6 426.9
v-10__1__3264___2856 0.164915695786 486.3 417.9 486.3 429.3 474.2 429.3 474.2 417.9
v-10__1__3264___2856 0.163601025939 583.3 421.9 589.0 426.1 580.3 440.1 574.6 436.0
v-10__1__3264___2856 0.160262763500 547.1 374.1 547.1 383.9 528.2 383.9 528.2 374.1
v-10__1__3264___2856 0.108557052910 529.7 241.7 529.7 256.2 502.7 256.2 502.7 241.7
v-11__1__408___1224 0.132425248623 603.9 403.7 607.4 415.8 577.0 425.6 573.5 413.5
v-11__1__408___1224 0.102755591273 608.7 372.4 613.0 384.1 593.5 393.2 589.2 381.6
v-11__1__816___0 0.120259180665 502.7 161.2 502.7 184.1 491.7 184.1 491.7 161.2
v-11__1__1224___1440 0.148651883006 352.3 -3.0 356.9 7.5 332.3 14.3 327.7 3.9
v-11__1__1224___1440 0.129914939404 248.6 -1.9 254.9 18.7 248.6 21.3 242.2 0.7
v-11__1__1224___1440 0.109726198018 318.3 -9.5 323.4 3.9 293.3 15.4 288.3 2.0
v-11__1__1440___1440 0.227705433965 34.3 -3.2 42.2 19.6 33.1 22.4 25.2 -0.4
v-11__1__1440___1440 0.202575236559 101.9 -9.5 105.8 4.1 72.4 15.2 68.5 1.6
v-11__1__1440___1440 0.172462150455 137.7 -2.3 141.4 6.9 117.0 14.2 113.4 5.0
v-11__1__1440___1440 0.148518130183 44.4 -5.0 52.2 14.7 41.9 18.3 34.2 -1.3
v-12__1__408___816 0.144145667553 301.5 175.5 301.5 192.1 278.5 192.1 278.5 175.5
v-12__1__408___816 0.117706775665 309.5 137.3 309.5 151.0 293.2 151.0 293.2 137.3
v-12__1__816___408 0.350562185049 569.7 35.3 573.8 42.9 559.1 50.9 555.0 43.4
v-12__1__816___408 0.297899186611 595.2 499.5 595.2 518.1 584.0 518.1 584.0 499.5
v-12__1__816___408 0.248488411307 525.5 68.8 531.5 75.8 515.7 89.7 509.7 82.8
v-12__1__816___408 0.224005371332 595.1 3.1 602.8 9.6 590.8 23.8 583.2 17.2
v-12__1__816___408 0.201080650091 465.5 118.2 476.4 129.0 470.5 134.9 459.6 124.2
v-12__1__816___408 0.170473366976 397.9 564.5 397.9 573.8 382.6 573.8 382.6 564.5
v-12__1__816___408 0.151095852256 451.5 578.7 458.3 589.3 451.6 593.8 444.9 583.2
v-12__1__816___408 0.128490492702 447.2 159.2 447.2 176.9 437.9 176.9 437.9 159.2
v-12__1__816___408 0.101920463145 473.0 287.6 480.0 304.8 471.1 308.2 464.1 291.0
v-12__1__816___816 0.270819038153 595.4 93.5 595.4 111.4 584.2 111.4 584.2 93.5
v-12__1__816___816 0.169493392110 452.0 172.3 457.7 184.2 451.3 187.2 445.6 175.3
v-12__1__816___816 0.111123047769 600.9 -3.0 611.5 9.1 602.0 14.2 591.4 2.1
v-12__1__816___816 0.110631942749 398.0 158.7 398.0 167.0 382.6 167.0 382.6 158.7
v-12__1__816___1224 0.263442218304 382.3 244.1 388.1 247.0 382.7 262.1 376.8 259.1
v-12__1__816___1224 0.191010743380 408.9 505.3 408.9 514.3 390.9 514.3 390.9 505.3
v-12__1__816___1224 0.144371092319 603.4 553.5 603.4 562.9 584.2 562.9 584.2 553.5
v-12__1__816___1224 0.122308805585 396.5 228.6 396.5 244.0 384.0 244.0 384.0 228.6
v-12__1__816___1224 0.110812798142 380.1 268.6 380.1 285.8 369.8 285.8 369.8 268.6
v-12__1__1224___816 0.407766789198 284.9 586.4 286.6 596.4 262.6 600.6 260.9 590.6
v-12__1__1224___816 0.244888022542 43.2 172.7 48.0 183.4 42.2 186.1 37.5 175.4
v-12__1__1224___816 0.242259994149 188.8 93.4 188.8 111.2 177.8 111.2 177.8 93.4
v-12__1__1224___1224 0.474839419127 285.3 178.6 287.2 187.5 262.5 191.5 260.5 182.6
v-12__1__1224___1224 0.422787040472 220.5 402.4 226.7 416.9 219.8 420.3 213.6 405.8
v-12__1__1224___1224 0.230520963669 197.2 553.2 197.2 563.1 178.6 563.1 178.6 553.2
v-15__1__408___816 0.136840283871 471.0 534.7 475.7 541.9 440.7 564.7 436.0 557.4
v-15__1__816___1224 0.100731886923 366.2 77.4 376.1 80.2 367.8 122.5 357.9 119.7
v-18__1__1224___408 0.462230741978 487.7 504.9 492.7 513.3 457.7 536.9 452.6 528.5
v-18__1__1224___408 0.380519062281 484.5 497.4 489.7 506.0 451.3 528.7 446.1 520.1
v-18__1__1224___408 0.340016543865 488.3 410.5 511.0 450.6 496.4 459.4 473.7 419.3
v-18__1__1224___408 0.181428939104 466.9 413.7 478.1 447.6 470.7 449.4 459.5 415.5
v-18__1__1224___408 0.169571965933 477.1 427.1 500.5 464.0 491.0 469.5 467.6 432.6
v-18__1__1440___408 0.496588885784 272.4 503.4 278.3 512.3 243.8 537.2 237.9 528.3
v-18__1__1440___408 0.431351721287 273.6 407.4 296.4 448.5 281.4 457.0 258.6 415.9
v-18__1__1440___408 0.225409790874 259.4 418.6 283.6 464.3 272.7 470.0 248.5 424.3
v-18__1__1440___408 0.114788226783 71.1 325.8 75.9 331.6 61.1 343.6 56.4 337.8
v-18__1__1440___816 0.496105134487 272.2 94.9 278.6 104.1 242.0 130.3 235.6 121.0
v-18__1__1440___816 0.423147410154 274.5 4.2 296.1 47.3 281.1 55.0 259.5 11.9
v-18__1__1440___816 0.265929877758 261.8 13.4 283.5 58.2 271.4 64.0 249.7 19.2
v-19__1__0___6528 0.388717532158 335.0 411.7 341.1 452.5 332.8 453.3 326.7 412.5
v-19__1__0___6936 0.411076098680 335.2 6.8 341.8 45.8 333.2 47.2 326.6 8.2
v-19__1__0___6936 0.327957212925 404.2 348.3 411.8 383.3 400.8 385.2 393.1 350.2
v-19__1__0___6936 0.101042963564 415.5 376.3 415.5 389.2 405.6 389.2 405.6 376.3
v-19__1__408___4488 0.364556729794 595.5 526.2 601.1 527.8 593.8 564.2 588.3 562.6
v-19__1__408___4488 0.153863504529 549.5 582.2 562.3 588.4 558.2 595.5 545.4 589.3
v-19__1__408___4896 0.479597538710 413.5 426.2 440.0 453.3 432.7 460.5 406.1 433.3
v-19__1__408___4896 0.442569911480 286.8 474.1 296.7 481.2 277.4 510.2 267.5 503.0
v-19__1__408___4896 0.425315797329 595.5 118.9 601.7 120.8 593.4 162.2 587.2 160.3
v-19__1__408___4896 0.276866108179 405.0 461.7 405.0 497.8 395.1 497.8 395.1 461.7
v-19__1__408___4896 0.270436763763 349.8 564.8 356.7 571.6 327.8 599.7 321.0 592.9
v-19__1__408___4896 0.258833348751 220.0 448.5 226.5 453.5 211.2 472.0 204.7 467.0
v-19__1__408___4896 0.211424782872 197.6 474.7 204.4 478.8 188.1 501.8 181.3 497.8
v-19__1__408___4896 0.181012019515 549.5 173.9 562.1 180.1 558.4 185.5 545.8 179.2
v-19__1__408___4896 0.171667873859 165.2 197.9 182.0 208.2 148.0 259.3 131.3 249.0
v-19__1__408___4896 0.158251702785 169.8 513.4 187.8 519.7 166.5 577.0 148.5 570.8
v-19__1__408___4896 0.149075254798 141.5 546.7 159.8 550.9 145.5 600.8 127.2 596.5
v-19__1__408___4896 0.137075811625 453.6 324.8 488.2 337.2 482.6 352.2 447.9 339.8
v-19__1__408___4896 0.131337821484 500.7 305.8 500.7 314.5 485.7 314.5 485.7 305.8
v-19__1__408___4896 0.130577579141 308.7 441.5 320.1 448.3 302.1 478.2 290.8 471.4
v-19__1__408___4896 0.130007341504 226.3 545.7 246.1 564.8 183.3 626.4 163.5 607.3
v-19__1__408___4896 0.120100818574 474.4 366.6 481.0 368.7 471.5 392.1 464.9 390.0
v-19__1__408___4896 0.112685635686 229.3 557.9 236.9 563.1 220.5 582.9 212.9 577.7
v-19__1__408___4896 0.100885339081 37.5 308.5 58.2 323.1 7.7 393.7 -13.0 379.1
v-19__1__408___5304 0.451661735773 309.7 190.5 316.6 198.1 286.4 226.4 279.5 218.8
v-19__1__408___5304 0.447330385447 414.0 18.3 439.9 45.7 432.5 52.5 406.6 25.1
v-19__1__408___5304 0.408567249775 347.0 154.2 353.2 160.5 322.0 190.7 315.8 184.4
v-19__1__408___5304 0.333140552044 286.3 67.5 295.7 73.3 275.7 105.5 266.3 99.7
v-19__1__408___5304 0.270385354757 220.6 39.7 226.3 44.2 211.1 63.7 205.4 59.2
v-19__1__408___5304 0.266121715307 405.2 54.5 405.2 94.5 394.5 94.5 394.5 54.5
v-19__1__408___5304 0.163883686066 199.2 66.5 204.7 69.6 187.4 92.7 181.9 89.6
v-19__1__408___5304 0.142498850822 217.2 461.3 244.9 489.2 241.1 492.0 213.3 464.0
v-19__1__408___5304 0.141478195786 294.9 72.7 302.9 77.8 285.5 103.4 277.6 98.3
v-19__1__408___5304 0.127055391669 231.1 150.2 236.5 154.4 218.8 177.7 213.4 173.5
v-19__1__408___5304 0.124386489391 233.0 14.6 241.4 18.0 231.6 39.2 223.2 35.8
v-19__1__408___5304 0.119319126010 327.4 165.5 331.3 167.7 292.5 203.4 288.5 201.3
v-19__1__408___5304 0.108109280467 168.9 108.5 186.9 114.2 168.3 171.8 150.3 166.2
v-19__1__408___5304 0.106924362481 281.2 522.7 294.9 538.5 289.2 543.3 275.5 527.6
v-19__1__408___5304 0.103847473860 82.1 -37.9 223.7 7.4 164.6 228.2 22.9 182.9
v-19__1__408___5712 0.133891984820 224.8 59.8 240.7 73.8 234.6 80.9 218.7 66.9
v-19__1__408___5712 0.101193718612 282.0 114.0 294.5 129.0 288.1 134.7 275.6 119.7
v-19__1__816___4488 0.554264307022 187.8 525.4 195.6 526.6 188.3 565.9 180.4 564.6
v-19__1__816___4488 0.258255451918 477.0 -10.2 485.3 0.9 458.7 21.3 450.4 10.2
v-19__1__816___4488 0.216158717871 149.5 452.7 216.0 477.3 211.0 490.8 144.5 466.1
v-19__1__816___4488 0.208961978555 233.8 251.4 239.4 254.7 232.5 269.9 226.8 266.6
v-19__1__816___4488 0.154994800687 145.2 581.4 155.1 588.2 150.2 595.7 140.3 588.9
v-19__1__816___4896 0.502288997173 187.1 118.6 196.2 120.2 188.3 163.4 179.2 161.7
v-19__1__816___4896 0.359909564257 6.0 427.1 31.7 453.9 24.8 460.6 -0.9 433.8
v-19__1__816___4896 0.171070486307 120.5 158.2 153.6 178.5 148.6 186.1 115.5 165.8
v-19__1__816___4896 0.161194771528 154.7 47.2 218.3 71.9 213.1 85.6 149.6 60.9
v-19__1__816___4896 0.137949675322 93.6 305.7 93.6 314.4 80.4 314.4 80.4 305.7
v-19__1__816___4896 0.136661589146 47.0 324.4 83.3 337.6 77.6 352.7 41.3 339.5
v-19__1__816___4896 0.112103655934 44.4 347.2 77.3 357.8 72.7 368.9 39.7 358.4
v-19__1__816___5712 0.195439741015 336.4 95.2 346.6 104.4 341.0 111.2 330.8 102.0
v-19__1__816___6528 0.200593933463 497.1 305.7 502.2 320.8 495.1 323.1 490.0 308.0
v-19__1__1224___1632 0.101515978575 544.7 303.2 558.6 309.2 554.5 317.0 540.7 311.0
v-19__1__1224___4488 0.264208585024 69.2 -15.8 79.4 -0.4 50.4 21.7 40.2 6.2
v-19__1__1224___6528 0.128303304315 88.5 305.9 94.5 321.6 87.7 323.7 81.7 308.0
v-19__1__1632___816 0.194867402315 463.1 208.2 470.0 216.8 439.8 243.3 432.9 234.6
v-19__1__1632___4896 0.167369976640 288.1 295.3 294.8 307.7 289.7 310.5 282.9 298.1
v-19__1__1632___5304 0.168985038996 45.6 -38.8 116.1 -1.1 39.3 140.1 -31.2 102.4
v-19__1__1632___6528 0.130293205380 604.7 582.7 612.5 595.6 599.8 605.7 592.0 592.7
v-19__1__2040___816 0.180868893862 346.3 587.6 365.6 604.9 355.7 615.1 336.4 597.7
v-19__1__2040___816 0.133973404765 327.8 589.4 348.6 605.4 339.9 615.9 319.2 600.0
v-19__1__2040___3264 0.101025141776 441.4 167.5 448.2 170.2 439.1 195.4 432.3 192.7
v-19__1__2040___3672 0.169425234199 577.0 543.7 601.3 547.3 595.2 604.5 570.8 600.8
v-19__1__2040___4896 0.216338932514 410.9 465.3 428.3 487.3 420.6 493.1 403.1 471.1
v-19__1__2040___5304 0.263395488262 410.8 57.6 428.1 78.8 420.9 84.0 403.6 62.8
v-19__1__2448___2448 0.108934380114 331.6 297.3 337.3 299.2 330.4 321.5 324.7 319.6
v-19__1__2448___3264 0.143528014421 32.5 169.4 41.2 173.0 30.1 199.7 21.4 196.1
v-19__1__2448___3264 0.142376542091 23.1 592.1 32.4 603.6 20.8 612.4 11.6 600.9
v-19__1__2448___3672 0.245596557856 235.8 507.5 256.3 509.1 246.0 607.2 225.4 605.5
v-19__1__2448___3672 0.152955815196 428.9 326.0 428.9 367.0 417.6 367.0 417.6 326.0
v-19__1__2448___3672 0.139640167356 441.6 330.5 441.6 369.1 430.4 369.1 430.4 330.5
v-19__1__2448___3672 0.120140768588 169.2 542.8 198.5 547.0 191.6 605.6 162.2 601.4
v-19__1__2856___3672 0.275470495224 40.5 327.1 40.5 367.3 28.8 367.3 28.8 327.1
v-19__1__2856___3672 0.228252381086 28.6 325.9 28.6 367.3 15.9 367.3 15.9 325.9
v-19__1__2856___4080 0.373358964920 326.9 208.4 326.9 258.2 311.4 258.2 311.4 208.4
v-19__1__2856___4080 0.156934097409 321.8 313.4 321.8 330.8 284.1 330.8 284.1 313.4
v-19__1__2856___4080 0.110049247742 332.0 192.8 341.7 204.4 336.4 209.5 326.6 197.9
v-19__1__2856___4080 0.104231201112 346.1 205.6 346.1 236.3 330.3 236.3 330.3 205.6
v-19__1__7584___4080 0.105619944632 76.7 -11.0 107.0 12.7 98.3 23.1 68.0 -0.6
v-20__1__0___0 0.500523805618 410.4 558.0 418.8 570.0 413.8 573.6 405.5 561.5
v-20__1__0___0 0.414877027273 372.5 513.9 384.6 526.2 379.7 530.9 367.6 518.7
v-20__1__0___0 0.319347709417 300.4 516.3 309.5 528.0 303.8 532.5 294.7 520.8
v-20__1__0___0 0.284059166908 242.9 373.0 259.2 377.8 257.4 382.6 241.1 377.8
v-20__1__0___0 0.199014529586 249.7 456.6 264.2 474.0 257.9 479.9 243.3 462.6
v-20__1__0___0 0.197342008352 281.3 494.0 287.3 502.6 281.1 506.9 275.2 498.2
v-20__1__0___0 0.172303080559 447.1 593.8 456.4 604.6 448.9 611.5 439.5 600.7
v-20__1__0___0 0.154242366552 242.7 347.7 247.6 353.8 232.7 367.8 227.8 361.7
v-20__1__408___816 0.262681305408 593.4 179.2 602.0 192.2 594.7 195.9 586.1 182.8
v-20__1__408___816 0.257867753506 87.5 6.7 87.5 22.9 77.2 22.9 77.2 6.7
v-20__1__408___816 0.254245817661 278.6 508.0 278.6 525.6 268.0 525.6 268.0 508.0
v-20__1__408___816 0.240751266479 579.8 157.5 590.8 173.4 584.6 178.6 573.6 162.7
v-20__1__408___816 0.225578263402 42.2 580.7 53.3 585.5 44.9 608.8 33.7 604.1
v-20__1__408___816 0.201606467366 81.1 195.0 81.1 213.2 71.2 213.2 71.2 195.0
v-20__1__408___816 0.194857597351 84.8 236.1 84.8 254.6 74.4 254.6 74.4 236.1
v-20__1__408___816 0.177948102355 268.2 351.4 268.2 366.8 257.5 366.8 257.5 351.4
v-20__1__408___816 0.162838920951 317.2 278.2 317.2 299.8 305.0 299.8 305.0 278.2
v-20__1__408___816 0.162074610591 573.6 108.8 588.8 129.2 574.6 139.6 559.3 119.1
v-20__1__408___816 0.161145448685 37.6 347.1 37.6 362.4 29.5 362.4 29.5 347.1
v-20__1__408___816 0.160625964403 271.1 4.0 271.1 17.7 261.4 17.7 261.4 4.0
v-20__1__408___816 0.155846491456 569.9 534.1 569.9 548.0 560.1 548.0 560.1 534.1
v-20__1__408___816 0.153538540006 498.2 284.0 498.2 304.7 488.3 304.7 488.3 284.0
v-20__1__408___816 0.130482107401 587.5 470.6 595.2 477.5 576.8 497.5 569.1 490.6
v-20__1__408___816 0.125462204218 592.0 127.6 598.0 137.9 588.7 144.2 582.6 133.9
v-20__1__408___816 0.124752566218 258.7 0.7 258.7 19.2 241.4 19.2 241.4 0.7
v-20__1__408___816 0.115311533213 40.2 217.2 40.2 232.9 30.7 232.9 30.7 217.2
v-20__1__408___816 0.115135416389 268.2 384.2 268.2 407.4 256.6 407.4 256.6 384.2
v-20__1__408___816 0.108737893403 319.2 202.6 319.2 224.0 308.8 224.0 308.8 202.6
v-20__1__408___816 0.107038639486 316.3 174.8 316.3 193.4 305.0 193.4 305.0 174.8
v-20__1__408___1224 0.314611881971 36.8 434.6 36.8 452.7 25.5 452.7 25.5 434.6
v-20__1__408___1224 0.259158879519 587.9 61.4 596.1 68.6 576.8 90.6 568.7 83.4
v-20__1__408___1224 0.226336643100 497.9 306.5 497.9 329.5 487.3 329.5 487.3 306.5
v-20__1__408___1224 0.205180868506 43.6 176.4 53.6 180.1 47.8 199.1 37.8 195.4
v-20__1__408___1224 0.191613346338 492.2 585.4 492.2 604.0 482.1 604.0 482.1 585.4
v-20__1__408___1224 0.173103541136 498.0 386.7 498.0 403.7 488.3 403.7 488.3 386.7
v-20__1__408___1224 0.172505453229 277.5 100.3 277.5 116.5 268.8 116.5 268.8 100.3
v-20__1__408___1224 0.170240983367 76.6 470.9 76.6 489.4 66.9 489.4 66.9 470.9
v-20__1__408___1224 0.166175737977 570.4 123.5 570.4 140.4 559.4 140.4 559.4 123.5
v-20__1__408___1224 0.163380190730 579.4 315.4 579.4 337.7 567.2 337.7 567.2 315.4
v-20__1__408___1224 0.151750817895 32.9 503.1 32.9 523.0 20.9 523.0 20.9 503.1
v-20__1__408___1224 0.151421636343 266.5 304.5 266.5 323.1 255.6 323.1 255.6 304.5
v-20__1__408___1224 0.148544147611 265.3 264.0 265.3 282.3 256.3 282.3 256.3 264.0
v-20__1__408___1224 0.147053524852 474.6 594.0 474.6 610.0 454.4 610.0 454.4 594.0
v-20__1__408___1224 0.131021216512 31.8 462.4 31.8 480.3 19.7 480.3 19.7 462.4
v-20__1__408___1224 0.125970482826 17.6 4.3 17.6 24.7 2.3 24.7 2.3 4.3
v-20__1__408___1224 0.116976976395 572.3 228.0 572.3 244.9 560.4 244.9 560.4 228.0
