v-6__0.5__0___408 0.244234979153 333.0 152.4 338.3 171.5 327.6 174.7 322.2 155.5
v-6__0.5__0___416 0.349976450205 333.4 144.7 338.6 163.5 327.5 166.8 322.3 148.0
v-5__0.5__0___416 0.107432380319 256.8 232.7 290.8 288.8 259.7 307.6 225.7 251.5
v-4__0.5__0___0 0.179930135608 338.5 241.8 378.7 291.5 353.8 311.6 313.5 261.9
v-7__0.5__0___0 0.109810903668 457.1 234.5 457.1 258.0 440.4 258.0 440.4 234.5
v-20__0.5__408___408 0.145871326327 249.6 374.8 255.0 394.1 244.3 397.2 238.9 377.8
v-7__0.5__0___408 0.124263979495 428.5 266.0 433.8 311.0 344.0 320.8 338.7 275.9
v-7__0.5__0___408 0.109518043697 404.8 327.4 405.0 342.4 384.5 343.6 384.3 328.7
v-20__0.5__408___416 0.122582055628 249.5 366.4 253.5 382.6 243.6 385.4 239.6 369.2
v-20__0.5__416___408 0.137212842703 241.5 374.5 247.1 394.4 236.2 397.5 230.6 377.6
v-20__0.5__416___416 0.133943051100 241.3 366.8 246.9 385.7 236.5 389.0 230.8 370.1
v-7__0.5__416___0 0.127113044262 42.0 234.3 42.0 257.8 25.4 257.8 25.4 234.3
v-7__0.5__416___416 0.161625385284 424.4 553.7 424.4 571.1 400.3 571.1 400.3 553.7
v-9__0.5__0___0 0.442041635513 238.8 77.6 278.1 187.0 214.4 210.3 175.1 100.9
v-9__0.5__0___408 0.100243173540 108.7 444.8 116.1 465.1 65.2 483.7 57.8 463.5
v-15__0.5__0___0 0.557613134384 243.3 159.3 243.3 240.5 206.3 240.5 206.3 159.3
v-15__0.5__408___0 0.172999277711 243.0 58.7 243.0 74.3 208.7 74.3 208.7 58.7
v-10__0.5__0___0 0.146817326546 55.4 408.7 55.4 424.5 36.8 424.5 36.8 408.7
v-10__0.5__0___0 0.136484920979 50.7 395.4 50.7 410.8 35.6 410.8 35.6 395.4
v-10__0.5__0___0 0.103864118457 120.2 559.7 120.2 580.8 103.2 580.8 103.2 559.7
v-10__0.5__0___0 0.103777125478 514.6 181.6 525.8 188.5 517.6 203.9 506.5 197.0
v-10__0.5__0___408 0.108382135630 120.0 153.7 120.0 173.6 103.4 173.6 103.4 153.7
v-15__0.5__416___0 0.104120343924 234.6 59.5 234.6 73.8 200.2 73.8 200.2 59.5
v-10__0.5__0___1224 0.120210111141 89.4 350.0 89.4 391.9 67.9 391.9 67.9 350.0
v-10__0.5__0___1632 0.464328348637 108.5 217.1 108.5 297.0 42.4 297.0 42.4 217.1
v-10__0.5__408___0 0.493539512157 437.1 131.6 459.9 159.5 444.2 171.8 421.4 143.9
v-10__0.5__408___0 0.142716869712 257.0 110.3 257.0 138.0 240.1 138.0 240.1 110.3
v-10__0.5__408___408 0.106452099979 180.0 -0.9 180.0 23.3 164.2 23.3 164.2 -0.9
v-19__0.5__0___2040 0.148568898439 381.7 -7.8 396.4 10.4 384.2 19.5 369.5 1.3
v-19__0.5__0___2856 0.267250835896 348.8 283.3 365.7 298.4 353.2 313.5 336.3 298.4
v-19__0.5__0___2856 0.175195306540 374.4 211.5 388.4 227.0 374.8 240.0 360.8 224.5
v-10__0.5__1224___0 0.442699402571 604.1 69.4 604.1 106.1 582.9 106.1 582.9 69.4
v-10__0.5__1224___0 0.100889563560 602.1 110.5 602.1 130.7 587.8 130.7 587.8 110.5
v-19__0.5__408___408 0.232128456235 528.1 314.0 528.1 339.4 513.5 339.4 513.5 314.0
v-19__0.5__408___816 0.176368832588 339.2 276.6 348.7 284.2 340.3 295.8 330.7 288.2
v-19__0.5__408___816 0.171851664782 330.6 272.3 340.3 280.7 321.7 308.1 311.9 299.7
v-19__0.5__408___816 0.110562130809 559.0 489.1 559.0 505.8 540.0 505.8 540.0 489.1
v-10__0.5__1224___1224 0.127397224307 62.5 245.0 62.5 262.1 48.3 262.1 48.3 245.0
v-19__0.5__408___2040 0.133318439126 567.0 424.4 567.0 439.0 548.7 439.0 548.7 424.4
v-19__0.5__408___2040 0.108571559191 512.2 451.4 523.8 459.4 513.4 476.7 501.8 468.8
v-19__0.5__408___2448 0.237213358283 566.8 15.1 566.8 29.5 549.5 29.5 549.5 15.1
v-19__0.5__408___2448 0.147709235549 513.9 45.5 523.7 56.4 511.6 70.1 501.8 59.2
v-19__0.5__408___2448 0.106565885246 577.2 4.6 577.2 15.3 553.3 15.3 553.3 4.6
v-19__0.5__816___0 0.100916452706 469.0 20.1 481.9 30.8 468.1 48.6 455.2 37.9
v-19__0.5__816___408 0.358280509710 119.7 314.9 119.7 338.6 104.7 338.6 104.7 314.9
v-19__0.5__816___408 0.177671432495 129.9 312.6 129.9 330.6 116.4 330.6 116.4 312.6
v-19__0.5__816___408 0.135192066431 35.7 346.6 35.7 370.9 18.1 370.9 18.1 346.6
v-19__0.5__816___408 0.133854582906 446.6 423.5 450.4 436.0 434.9 439.8 431.0 427.4
v-10__0.5__1632___816 0.591709196568 51.4 41.2 51.4 109.3 16.1 109.3 16.1 41.2
v-10__0.5__1632___816 0.308124661446 91.0 89.4 91.0 110.6 77.3 110.6 77.3 89.4
v-10__0.5__1632___816 0.254747271538 494.7 443.8 494.7 468.6 480.3 468.6 480.3 443.8
v-10__0.5__1632___816 0.151785776019 120.4 371.0 120.4 386.7 104.0 386.7 104.0 371.0
v-10__0.5__1632___816 0.124375201762 477.9 450.1 477.9 470.6 465.5 470.6 465.5 450.1
v-19__0.5__816___816 0.143125116825 445.6 15.2 449.5 26.3 434.4 30.3 430.5 19.2
v-10__0.5__1632___1224 0.395224630833 494.9 36.9 494.9 63.8 480.2 63.8 480.2 36.9
v-10__0.5__1632___1224 0.212854132056 478.0 41.0 478.0 60.6 464.7 60.6 464.7 41.0
v-19__0.5__816___1224 0.367971420288 194.0 192.4 194.0 211.1 176.5 211.1 176.5 192.4
v-19__0.5__816___1224 0.109844759107 344.1 97.4 344.1 117.0 324.6 117.0 324.6 97.4
v-19__0.5__816___2040 0.147959470749 107.4 450.8 118.7 460.1 107.5 476.8 96.1 467.5
v-19__0.5__816___2448 0.124884739518 106.4 45.8 115.5 59.8 102.2 70.3 93.1 56.3
v-10__0.5__2040___408 0.817310035229 358.0 322.5 358.0 395.9 318.0 395.9 318.0 322.5
v-10__0.5__2040___408 0.416773349047 301.4 427.0 301.4 483.5 279.8 483.5 279.8 427.0
v-10__0.5__2040___408 0.318574100733 152.4 -1.9 169.9 10.2 159.2 30.9 141.6 18.8
v-10__0.5__2040___408 0.208190530539 77.9 241.8 125.9 247.6 120.7 289.1 72.8 283.4
v-10__0.5__2040___816 0.567395269871 300.8 25.0 300.8 75.9 280.5 75.9 280.5 25.0
v-10__0.5__2040___816 0.198612391949 86.6 444.5 86.6 468.5 72.0 468.5 72.0 444.5
v-10__0.5__2040___816 0.176282346249 591.1 484.3 605.7 557.9 458.4 591.1 443.9 517.5
v-10__0.5__2040___816 0.154084935784 280.6 129.5 280.6 157.4 259.7 157.4 259.7 129.5
v-10__0.5__2040___816 0.133300930262 444.1 259.4 460.9 267.8 442.2 304.1 425.4 295.7
v-10__0.5__2040___816 0.116720847785 460.0 179.5 469.4 187.7 462.0 199.8 452.6 191.6
v-10__0.5__2040___816 0.111372865736 442.1 91.6 442.1 115.1 430.0 115.1 430.0 91.6
v-19__0.5__1224___0 0.231367975473 430.6 430.8 438.1 450.6 426.7 455.0 419.3 435.2
v-19__0.5__1224___0 0.104838311672 65.2 16.8 78.2 28.0 59.6 50.3 46.7 39.1
v-19__0.5__1224___408 0.231119379401 430.2 22.6 437.7 40.9 426.5 46.2 419.0 27.8
v-19__0.5__1224___1632 0.244955524802 577.6 322.0 592.8 333.2 586.9 340.1 571.7 328.9
v-19__0.5__1224___1632 0.107062302530 469.0 503.9 487.5 510.0 482.5 521.4 464.0 515.3
v-19__0.5__1224___2040 0.101395621896 471.3 94.6 487.0 102.7 480.3 113.0 464.5 105.0
v-10__0.5__2448___408 0.155107155442 424.2 112.5 449.3 131.5 440.5 142.8 415.3 123.9
v-10__0.5__2448___408 0.136466637254 380.4 197.7 388.7 214.4 378.6 218.4 370.2 201.6
v-10__0.5__2448___408 0.127729520202 390.4 564.6 392.7 578.6 360.0 582.5 357.7 568.5
v-19__0.5__1632___1632 0.699555039406 240.8 13.8 302.7 53.6 281.6 87.4 219.8 47.7
v-19__0.5__1632___1632 0.546157836914 558.5 171.4 586.8 199.2 573.4 213.1 545.1 185.3
v-19__0.5__1632___1632 0.149426341057 433.4 413.3 441.0 426.9 431.1 432.9 423.5 419.3
v-19__0.5__1632___1632 0.134616076946 168.8 321.5 184.8 331.9 178.5 340.3 162.5 329.9
v-19__0.5__1632___1632 0.117978692055 303.8 120.2 308.3 157.3 292.6 158.8 288.1 121.7
v-19__0.5__1632___2040 0.114635251462 579.8 234.9 585.9 247.2 560.8 257.5 554.7 245.1
v-19__0.5__2040___408 0.239908397198 32.9 494.1 32.9 525.3 18.8 525.3 18.8 494.1
v-19__0.5__2040___816 0.645023822784 3.1 434.7 64.1 444.7 57.5 484.6 -3.6 474.6
v-19__0.5__2040___816 0.243695855141 33.0 87.7 33.0 120.5 18.4 120.5 18.4 87.7
v-19__0.5__2448___816 0.169168248773 290.8 19.0 300.6 37.5 289.4 43.9 279.5 25.4
v-19__0.5__2448___1224 0.120146863163 172.7 304.1 184.5 324.2 172.8 331.4 161.0 311.3
v-19__0.5__2856___816 0.178359210491 328.3 268.9 361.9 305.8 339.5 326.0 305.8 289.1
v-19__0.5__2856___816 0.120153062046 22.1 104.4 22.1 127.9 7.9 127.9 7.9 104.4
v-19__0.5__2856___816 0.108169145882 337.3 180.0 351.5 202.3 338.9 211.7 324.7 189.4
v-19__0.5__3264___1632 0.170696049929 460.9 560.7 479.4 567.7 475.0 583.6 456.5 576.6
v-19__0.5__3264___2040 0.119395859540 461.6 149.8 480.5 157.2 474.5 177.0 455.6 169.6
v-19__0.5__3264___3264 0.308236151934 166.3 481.0 201.3 493.0 193.9 511.0 158.8 499.0
v-19__0.5__3264___3488 0.223597809672 161.7 252.8 200.2 266.5 192.3 286.1 153.8 272.3
v-19__0.5__3264___3488 0.106193654239 436.4 474.4 436.4 518.9 410.8 518.9 410.8 474.4
v-19__0.5__3488___1632 0.122637495399 234.6 556.5 254.1 564.7 248.2 581.8 228.7 573.6
v-19__0.5__3488___2040 0.136177748442 180.1 361.5 180.1 389.7 163.9 389.7 163.9 361.5
v-19__0.5__3488___2040 0.105305485427 258.4 189.6 266.7 194.1 257.1 213.0 248.8 208.5
v-4__1__816___1440 0.107043445110 32.9 543.0 36.7 558.0 3.8 563.5 0.0 548.6
v-9__1__408___0 0.761242389679 78.7 167.2 153.7 371.9 30.5 418.2 -44.5 213.5
v-10__1__0___2856 0.129004865885 179.3 275.2 179.3 290.7 149.8 290.7 149.8 275.2
v-10__1__0___3264 0.484185904264 212.3 430.9 212.3 586.0 99.6 586.0 99.6 430.9
v-10__1__0___3672 0.432326078415 216.5 22.1 216.5 192.2 95.2 192.2 95.2 22.1
v-10__1__4080___2040 0.374220043421 172.1 474.0 172.1 535.6 141.8 535.6 141.8 474.0
v-10__1__4080___2040 0.115946568549 137.8 493.2 137.8 517.4 117.3 517.4 117.3 493.2
v-10__1__4080___2040 0.111025758088 204.1 474.9 204.1 496.2 191.5 496.2 191.5 474.9
v-10__1__4488___1224 0.876890301704 309.4 235.5 309.4 392.8 222.7 392.8 222.7 235.5
v-10__1__4488___1224 0.731846988201 198.8 452.7 198.8 563.8 153.6 563.8 153.6 452.7
v-10__1__4488___1224 0.229477986693 203.0 366.7 203.0 391.9 188.7 391.9 188.7 366.7
v-10__1__4488___1224 0.101681396365 88.0 464.1 88.0 496.5 70.1 496.5 70.1 464.1
v-19__1__816___5712 0.120243996382 99.4 159.2 115.3 162.2 109.8 186.0 93.8 183.0
v-19__1__7584___4080 0.134061604738 31.5 226.4 31.5 248.5 5.7 248.5 5.7 226.4
v-20__1__1440___816 0.110537879169 382.3 5.2 382.3 22.8 352.4 22.8 352.4 5.2
