v-20__0.5__0___0 0.101598434150 20.3 551.5 20.3 571.6 7.1 571.6 7.1 551.5
v-5__0.5__0___408 0.663686513901 551.8 53.9 551.8 74.0 529.7 74.0 529.7 53.9
v-5__0.5__0___408 0.142641946673 150.7 121.8 150.7 135.2 137.2 135.2 137.2 121.8
v-5__0.5__0___408 0.140106156468 132.2 453.3 138.0 468.9 123.6 474.1 117.9 458.5
v-5__0.5__0___408 0.131609186530 572.8 10.9 572.8 25.9 557.4 25.9 557.4 10.9
v-20__0.5__0___408 0.106653310359 598.5 78.8 598.5 94.3 582.4 94.3 582.4 78.8
v-20__0.5__0___416 0.110342003405 598.8 70.7 598.8 86.4 582.4 86.4 582.4 70.7
v-5__0.5__0___416 0.649516820908 551.9 45.8 551.9 66.0 529.6 66.0 529.6 45.8
v-5__0.5__0___416 0.203415617347 513.2 249.9 513.2 265.3 498.3 265.3 498.3 249.9
v-5__0.5__0___416 0.126962557435 572.8 3.0 572.8 18.7 557.2 18.7 557.2 3.0
v-5__0.5__0___416 0.125987038016 436.5 394.8 444.9 410.3 429.5 418.8 421.1 403.3
v-7__0.5__0___0 0.229404285550 68.0 14.8 68.0 36.8 41.1 36.8 41.1 14.8
v-4__0.5__0___408 0.122779920697 13.0 316.3 13.0 335.4 1.3 335.4 1.3 316.3
v-4__0.5__0___408 0.114845141768 145.8 310.0 160.2 329.2 142.5 342.8 128.1 323.5
v-7__0.5__0___408 0.134984672070 604.7 313.9 604.7 331.6 589.6 331.6 589.6 313.9
v-7__0.5__0___416 0.113107331097 604.3 306.5 604.3 323.1 590.2 323.1 590.2 306.5
v-2__0.5__416___0 0.155645087361 106.2 269.7 106.2 287.4 89.6 287.4 89.6 269.7
v-20__0.5__416___0 0.111996121705 176.9 484.7 184.3 494.7 175.0 501.7 167.6 491.7
v-3__0.5__408___408 0.257917642593 543.9 30.8 543.9 62.4 515.8 62.4 515.8 30.8
v-3__0.5__408___408 0.249548569322 186.5 555.7 186.5 576.3 164.5 576.3 164.5 555.7
v-3__0.5__408___408 0.135289594531 354.0 338.5 354.0 372.0 324.8 372.0 324.8 338.5
v-20__0.5__416___408 0.105791717768 183.3 78.4 183.3 94.2 167.5 94.2 167.5 78.4
v-3__0.5__408___416 0.228075057268 354.0 332.9 354.0 368.0 325.1 368.0 325.1 332.9
v-3__0.5__408___416 0.195928245783 191.4 545.9 191.4 569.3 160.3 569.3 160.3 545.9
v-3__0.5__408___416 0.149387970567 542.8 24.5 542.8 52.8 517.6 52.8 517.6 24.5
v-3__0.5__408___416 0.107195958495 353.3 544.7 353.3 563.8 330.8 563.8 330.8 544.7
v-3__0.5__416___408 0.311248719692 345.9 339.5 345.9 376.9 315.9 376.9 315.9 339.5
v-3__0.5__416___408 0.280828684568 177.5 556.4 177.5 575.6 157.4 575.6 157.4 556.4
v-3__0.5__416___408 0.114631570876 535.2 31.4 535.2 62.0 508.3 62.0 508.3 31.4
v-3__0.5__416___416 0.357851177454 344.7 334.4 344.7 366.9 317.7 366.9 317.7 334.4
v-3__0.5__416___416 0.236416935921 180.1 546.9 180.1 568.3 155.0 568.3 155.0 546.9
v-3__0.5__416___416 0.164968013763 536.7 22.1 536.7 54.8 506.7 54.8 506.7 22.1
v-12__0.5__0___0 0.248669087887 416.3 545.6 416.3 563.5 398.4 563.5 398.4 545.6
v-12__0.5__0___0 0.102467842400 566.9 221.4 566.9 237.5 549.0 237.5 549.0 221.4
v-7__0.5__416___408 0.157055586576 188.7 313.7 188.7 331.8 171.0 331.8 171.0 313.7
v-12__0.5__0___408 0.321439325809 410.9 548.7 410.9 563.8 396.2 563.8 396.2 548.7
v-12__0.5__0___408 0.275195807219 416.8 137.0 416.8 156.3 397.9 156.3 397.9 137.0
v-7__0.5__416___416 0.132824912667 188.1 306.5 188.1 323.5 171.4 323.5 171.4 306.5
v-8__0.5__408___0 0.141652956605 265.9 140.0 265.9 154.4 250.1 154.4 250.1 140.0
v-9__0.5__0___0 0.291610956192 526.2 212.3 526.2 231.1 508.3 231.1 508.3 212.3
v-9__0.5__0___0 0.243885740638 47.5 128.1 47.5 149.2 30.0 149.2 30.0 128.1
v-12__0.5__0___416 0.302766323090 417.0 128.6 417.0 148.4 397.7 148.4 397.7 128.6
v-12__0.5__0___416 0.234203383327 410.5 541.1 410.5 555.4 396.6 555.4 396.6 541.1
v-9__0.5__0___408 0.360803514719 554.1 523.6 554.1 542.5 536.5 542.5 536.5 523.6
v-9__0.5__0___408 0.185794606805 95.0 554.5 95.0 576.9 62.6 576.9 62.6 554.5
v-9__0.5__0___408 0.149852126837 411.4 554.7 411.4 570.7 394.6 570.7 394.6 554.7
v-9__0.5__0___408 0.133020535111 570.8 532.3 570.8 552.8 550.7 552.8 550.7 532.3
v-9__0.5__0___408 0.132082149386 241.7 243.5 241.7 262.0 223.8 262.0 223.8 243.5
v-12__0.5__408___0 0.101160466671 44.5 237.3 44.5 254.6 26.1 254.6 26.1 237.3
v-9__0.5__0___416 0.210746362805 553.6 516.4 553.6 533.6 537.3 533.6 537.3 516.4
v-9__0.5__0___416 0.165604054928 411.7 546.3 411.7 562.9 394.3 562.9 394.3 546.3
v-9__0.5__0___416 0.147945776582 571.0 524.1 571.0 544.9 550.3 544.9 550.3 524.1
v-9__0.5__0___416 0.111937500536 95.6 546.2 95.6 569.0 62.0 569.0 62.0 546.2
v-8__0.5__416___0 0.111247196794 257.7 140.2 257.7 154.2 242.0 154.2 242.0 140.2
v-9__0.5__408___0 0.158383533359 117.7 212.4 117.7 230.9 99.7 230.9 99.7 212.4
v-9__0.5__408___0 0.133534446359 314.1 310.9 319.9 324.8 306.1 330.8 300.4 316.9
v-9__0.5__408___0 0.109089620411 316.0 79.9 316.0 102.1 295.0 102.1 295.0 79.9
v-14__0.5__408___0 0.145262628794 516.6 16.4 516.6 47.6 484.1 47.6 484.1 16.4
v-9__0.5__408___408 0.248033940792 162.8 531.3 162.8 553.2 141.2 553.2 141.2 531.3
v-9__0.5__408___408 0.152389705181 483.6 516.8 483.6 539.4 460.5 539.4 460.5 516.8
v-9__0.5__408___408 0.128345981240 147.2 524.1 147.2 541.4 130.1 541.4 130.1 524.1
v-15__0.5__0___0 0.131793394685 70.3 99.3 70.3 140.1 31.9 140.1 31.9 99.3
v-15__0.5__0___0 0.111595563591 158.1 1.5 158.1 25.0 130.0 25.0 130.0 1.5
v-9__0.5__408___416 0.176206454635 162.8 523.6 162.8 544.8 141.5 544.8 141.5 523.6
v-9__0.5__408___416 0.148666888475 482.5 509.7 482.5 530.3 461.7 530.3 461.7 509.7
v-9__0.5__416___0 0.195680379868 112.3 211.7 112.3 231.7 92.1 231.7 92.1 211.7
v-9__0.5__416___0 0.158869057894 307.0 311.1 312.0 325.4 297.4 330.6 292.4 316.3
v-9__0.5__416___0 0.153955310583 325.9 356.7 325.9 377.5 303.5 377.5 303.5 356.7
v-9__0.5__416___0 0.136836111546 307.7 79.6 307.7 102.1 286.8 102.1 286.8 79.6
v-9__0.5__416___0 0.103581108153 351.9 226.7 351.9 246.6 333.9 246.6 333.9 226.7
v-9__0.5__416___0 0.101222738624 282.7 224.7 282.7 240.2 265.9 240.2 265.9 224.7
v-14__0.5__416___0 0.116306222975 508.6 16.5 508.6 47.6 476.0 47.6 476.0 16.5
v-9__0.5__416___408 0.224420055747 154.0 531.8 154.0 552.7 133.9 552.7 133.9 531.8
v-9__0.5__416___408 0.181436762214 139.1 523.7 139.1 541.6 122.0 541.6 122.0 523.7
v-9__0.5__416___408 0.142645388842 475.2 517.5 475.2 538.9 452.9 538.9 452.9 517.5
v-9__0.5__416___416 0.159324482083 474.3 509.8 474.3 530.0 453.8 530.0 453.8 509.8
v-9__0.5__416___416 0.126118555665 154.6 523.3 154.6 545.1 133.6 545.1 133.6 523.3
v-15__0.5__408___0 0.129694372416 471.2 156.4 471.2 171.5 457.5 171.5 457.5 156.4
v-15__0.5__408___0 0.124308295548 461.5 493.3 461.5 532.1 419.5 532.1 419.5 493.3
v-10__0.5__0___0 0.173929005861 382.4 350.6 382.4 367.4 365.3 367.4 365.3 350.6
v-10__0.5__0___408 0.197748601437 606.3 395.3 606.3 419.6 582.6 419.6 582.6 395.3
v-10__0.5__0___816 0.163060411811 18.2 123.1 18.2 140.8 3.2 140.8 3.2 123.1
v-10__0.5__0___816 0.142660573125 244.1 590.3 244.1 605.1 221.9 605.1 221.9 590.3
v-10__0.5__0___816 0.125658720732 563.1 402.5 591.3 454.6 535.1 484.7 506.9 432.6
v-15__0.5__416___0 0.130456998944 459.8 489.5 459.8 536.7 405.1 536.7 405.1 489.5
v-15__0.5__416___0 0.110153913498 457.2 155.9 463.8 167.7 455.4 172.2 448.8 160.3
v-10__0.5__0___1224 0.143862888217 566.6 1.2 584.5 57.5 524.8 76.2 506.8 20.0
v-10__0.5__0___1224 0.128016456962 26.7 57.1 26.7 76.2 9.2 76.2 9.2 57.1
v-15__0.5__416___416 0.151407986879 453.5 84.5 453.5 122.0 411.4 122.0 411.4 84.5
v-10__0.5__0___2040 0.149610415101 149.3 491.8 149.3 508.7 132.3 508.7 132.3 491.8
v-10__0.5__0___2448 0.219157084823 149.2 83.1 149.2 100.3 132.1 100.3 132.1 83.1
v-18__0.5__408___0 0.169317126274 494.7 315.6 494.7 361.7 449.4 361.7 449.4 315.6
v-18__0.5__416___0 0.254289895296 486.5 315.2 486.5 362.3 441.9 362.3 441.9 315.2
v-10__0.5__408___0 0.162863627076 466.6 421.6 466.6 434.9 452.8 434.9 452.8 421.6
v-10__0.5__408___408 0.219777032733 204.1 391.7 204.1 423.9 172.7 423.9 172.7 391.7
v-19__0.5__0___2040 0.165928065777 267.3 198.7 267.3 219.5 247.5 219.5 247.5 198.7
v-19__0.5__0___2856 0.118383549154 588.8 273.2 588.8 288.9 574.8 288.9 574.8 273.2
v-10__0.5__1224___0 0.112167082727 41.5 390.7 41.5 406.4 25.5 406.4 25.5 390.7
v-19__0.5__408___816 0.198174640536 330.5 327.3 330.5 341.5 314.9 341.5 314.9 327.3
v-19__0.5__408___816 0.113384842873 343.1 313.2 343.1 329.8 325.9 329.8 325.9 313.2
v-10__0.5__1224___1224 0.233450174332 322.2 277.1 322.2 295.0 303.7 295.0 303.7 277.1
v-10__0.5__1224___1224 0.144490584731 127.7 214.0 127.7 229.3 112.6 229.3 112.6 214.0
v-10__0.5__1632___816 0.224851578474 417.6 590.8 417.6 606.1 398.2 606.1 398.2 590.8
v-10__0.5__1632___1224 0.341815948486 417.8 181.8 417.8 204.3 397.7 204.3 397.7 181.8
v-10__0.5__1632___1224 0.124494388700 487.7 359.6 497.3 370.1 486.3 380.5 476.6 369.9
v-10__0.5__1632___1224 0.120759643614 315.5 409.7 324.3 422.2 313.8 430.3 305.1 417.8
v-10__0.5__1632___1224 0.107586793602 221.1 269.4 221.1 288.9 202.3 288.9 202.3 269.4
v-10__0.5__2040___408 0.117025122046 130.1 295.7 130.1 316.9 107.9 316.9 107.9 295.7
v-19__0.5__1224___0 0.526796758175 536.2 76.8 536.2 114.5 498.0 114.5 498.0 76.8
v-19__0.5__1224___1632 0.169320389628 413.1 384.7 413.1 404.8 393.8 404.8 393.8 384.7
v-19__0.5__1224___1632 0.147548690438 424.5 294.9 424.5 311.6 406.6 311.6 406.6 294.9
v-19__0.5__1224___1632 0.113194376230 440.2 291.7 447.9 305.4 430.8 313.5 423.1 299.8
v-10__0.5__2448___408 0.100686497986 531.7 206.7 531.7 218.5 519.1 218.5 519.1 206.7
v-19__0.5__1632___1632 0.154691368341 473.9 122.4 473.9 140.6 453.8 140.6 453.8 122.4
v-19__0.5__1632___1632 0.126858159900 39.8 291.0 39.8 314.0 13.3 314.0 13.3 291.0
v-19__0.5__1632___1632 0.112152181566 16.2 295.7 16.2 310.5 1.9 310.5 1.9 295.7
v-19__0.5__2448___1224 0.116997390985 593.8 416.7 616.2 430.2 601.8 456.0 579.4 442.5
v-19__0.5__3264___1632 0.100783683360 42.6 499.6 42.6 515.6 26.3 515.6 26.3 499.6
v-19__0.5__3264___2040 0.222899198532 342.4 313.4 342.4 329.9 325.9 329.9 325.9 313.4
v-19__0.5__3264___2040 0.160568967462 327.7 321.8 327.7 339.2 310.4 339.2 310.4 321.8
v-19__0.5__3264___2040 0.112613081932 228.6 273.6 228.6 289.2 211.9 289.2 211.9 273.6
v-19__0.5__3264___2040 0.108502753079 42.1 91.5 42.1 106.6 27.1 106.6 27.1 91.5
v-19__0.5__3264___3488 0.125847086310 230.0 440.5 230.0 456.4 213.2 456.4 213.2 440.5
v-19__0.5__3488___2040 0.107288904488 114.6 326.6 114.6 342.2 98.4 342.2 98.4 326.6
v-19__0.5__3488___3488 0.118046671152 12.5 432.9 12.5 455.7 1.2 455.7 1.2 432.9
v-3__1__1224___1224 0.309031575918 299.5 268.2 299.5 344.3 248.0 344.3 248.0 268.2
v-3__1__1224___1440 0.282388091087 301.5 52.9 301.5 129.9 245.5 129.9 245.5 52.9
v-4__1__1440___408 0.119822204113 427.8 547.6 427.8 565.4 410.0 565.4 410.0 547.6
v-5__1__0___816 0.155861437321 298.3 250.2 298.3 265.2 279.4 265.2 279.4 250.2
v-7__1__0___0 0.103238224983 136.4 35.2 136.4 66.8 85.9 66.8 85.9 35.2
v-7__1__408___408 0.127969354391 429.6 494.8 429.6 514.6 410.2 514.6 410.2 494.8
v-9__1__408___1224 0.120875626802 75.6 80.1 75.6 118.3 40.9 118.3 40.9 80.1
v-9__1__408___1440 0.142490059137 453.1 491.8 453.1 510.5 435.2 510.5 435.2 491.8
v-10__1__0___2040 0.113195978105 448.5 492.0 448.5 508.3 430.5 508.3 430.5 492.0
v-10__1__0___2856 0.104160495102 60.9 222.6 60.9 268.5 16.3 268.5 16.3 222.6
v-10__1__0___4896 0.145125076175 296.8 171.9 296.8 196.3 273.0 196.3 273.0 171.9
v-10__1__0___6528 0.133987873793 252.1 176.6 252.1 201.7 228.8 201.7 228.8 176.6
v-10__1__408___2040 0.110954701900 39.5 492.2 39.5 507.7 22.0 507.7 22.0 492.2
v-10__1__3264___2448 0.290405839682 256.6 108.1 256.6 122.6 242.7 122.6 242.7 108.1
v-10__1__3264___2448 0.184629321098 260.9 95.0 260.9 109.1 246.7 109.1 246.7 95.0
v-10__1__3264___2448 0.168478682637 275.5 102.5 275.5 121.5 258.5 121.5 258.5 102.5
v-10__1__3264___2448 0.157243445516 355.7 223.8 355.7 266.0 314.3 266.0 314.3 223.8
v-11__1__1440___0 0.109228499234 557.2 154.0 557.2 238.7 541.6 238.7 541.6 154.0
v-12__1__408___816 0.333589762449 421.0 280.4 421.0 306.9 393.2 306.9 393.2 280.4
v-12__1__816___816 0.107364632189 17.9 271.7 17.9 308.1 3.1 308.1 3.1 271.7
v-14__1__1224___0 0.179051533341 608.6 37.1 608.6 95.2 553.3 95.2 553.3 37.1
v-15__1__0___1224 0.104248784482 505.5 490.8 505.5 511.8 487.3 511.8 487.3 490.8
v-15__1__0___1440 0.120602190495 535.0 439.0 535.0 472.8 499.6 472.8 499.6 439.0
v-18__1__1224___408 0.106176145375 542.3 211.0 600.0 277.3 531.5 335.4 473.7 269.1
v-19__1__2040___3264 0.104739278555 134.3 423.7 149.4 435.6 138.6 447.5 123.5 435.6
v-19__1__2040___3672 0.303073495626 146.7 16.7 146.7 37.8 126.1 37.8 126.1 16.7
v-19__1__3264___3672 0.167330786586 39.3 175.8 39.3 218.1 3.9 218.1 3.9 175.8
v-19__1__3264___3672 0.166083052754 39.5 230.0 39.5 259.9 4.5 259.9 4.5 230.0
v-19__1__4488___408 0.155351012945 22.1 164.7 22.1 195.4 -1.0 195.4 -1.0 164.7
