v-20__0.5__0___0 0.105631180108 270.9 288.0 294.7 293.9 293.6 300.6 269.8 294.7
v-20__0.5__0___0 0.104891970754 120.2 172.0 124.5 177.0 116.6 186.7 112.3 181.7
v-5__0.5__0___408 0.231032013893 261.0 383.8 264.1 389.6 246.1 400.9 243.0 395.1
v-6__0.5__0___408 0.148817107081 209.9 550.3 222.5 560.7 217.4 564.7 204.8 554.3
v-2__0.5__408___0 0.450584053993 429.5 176.5 434.4 178.0 426.9 199.6 422.0 198.1
v-2__0.5__408___0 0.312619030476 269.1 551.0 274.7 553.1 268.1 572.8 262.6 570.7
v-2__0.5__408___0 0.238997071981 414.3 221.3 419.4 222.3 415.0 237.9 409.9 236.9
v-2__0.5__408___0 0.167895451188 41.6 461.9 41.6 472.6 11.2 472.6 11.2 461.9
v-2__0.5__408___0 0.167060464621 101.1 449.1 101.1 456.2 73.8 456.2 73.8 449.1
v-2__0.5__408___0 0.136645585299 565.9 456.3 565.9 464.3 548.8 464.3 548.8 456.3
v-2__0.5__408___0 0.127970978618 444.4 471.1 444.4 479.6 418.5 479.6 418.5 471.1
v-2__0.5__408___0 0.127300143242 74.0 366.9 74.0 373.5 61.1 373.5 61.1 366.9
v-2__0.5__408___0 0.109103575349 376.1 239.8 381.3 241.2 375.2 259.9 370.0 258.4
v-2__0.5__408___0 0.103991381824 404.1 260.5 412.2 265.0 409.7 277.9 401.6 273.4
v-2__0.5__408___0 0.102274321020 82.6 455.5 82.6 463.9 67.1 463.9 67.1 455.5
v-2__0.5__408___0 0.101334676147 520.6 469.2 520.6 476.6 505.4 476.6 505.4 469.2
v-6__0.5__0___416 0.150508657098 99.7 573.9 99.7 581.5 75.6 581.5 75.6 573.9
v-6__0.5__0___416 0.104007422924 168.6 367.5 181.0 378.8 175.9 383.1 163.5 371.8
v-5__0.5__0___416 0.256919533014 260.8 375.5 264.0 381.6 245.7 393.0 242.6 386.9
v-4__0.5__0___0 0.184128910303 380.2 565.3 388.5 578.4 385.0 580.5 376.8 567.3
v-4__0.5__0___0 0.117395140231 180.5 517.7 182.2 524.2 164.9 531.0 163.1 524.5
v-4__0.5__0___0 0.101442098618 248.7 273.9 257.3 288.0 251.2 291.5 242.6 277.3
v-3__0.5__0___0 0.106134772301 286.7 200.4 289.5 210.8 262.2 217.7 259.4 207.3
v-2__0.5__408___408 0.269206702709 268.4 143.5 274.4 145.4 268.8 166.1 262.7 164.2
v-2__0.5__408___408 0.250764667988 38.4 54.7 38.4 62.1 14.6 62.1 14.6 54.7
v-2__0.5__408___408 0.179351150990 99.3 42.8 99.3 49.8 75.2 49.8 75.2 42.8
v-2__0.5__408___408 0.149175316095 209.6 218.6 210.6 223.2 189.9 230.2 188.8 225.6
v-2__0.5__408___408 0.147553175688 78.3 282.4 82.1 297.7 76.8 298.5 73.0 283.1
v-2__0.5__408___408 0.147146582603 531.2 47.1 531.2 55.1 518.7 55.1 518.7 47.1
v-2__0.5__408___408 0.144014060497 242.0 370.4 245.8 370.9 240.4 389.2 236.6 388.7
v-2__0.5__408___408 0.135836035013 217.5 430.4 223.1 431.9 217.0 449.7 211.4 448.1
v-2__0.5__408___408 0.128162443638 93.4 50.7 93.4 58.3 72.5 58.3 72.5 50.7
v-2__0.5__408___408 0.105900347233 521.2 60.0 521.2 67.0 504.8 67.0 504.8 60.0
v-2__0.5__408___408 0.100957877934 71.2 140.9 71.2 163.2 63.4 163.2 63.4 140.9
v-4__0.5__0___408 0.288641273975 380.7 155.8 389.4 170.3 385.7 172.1 377.0 157.6
v-4__0.5__0___408 0.175044670701 532.8 423.0 540.8 436.6 535.2 438.8 527.3 425.2
v-4__0.5__0___408 0.124358095229 570.1 481.6 576.0 491.2 570.9 494.5 564.9 484.8
v-2__0.5__408___416 0.298779100180 268.3 135.5 274.5 137.6 268.7 157.9 262.6 155.9
v-2__0.5__408___416 0.216254055500 38.2 46.7 38.2 54.1 14.8 54.1 14.8 46.7
v-2__0.5__408___416 0.205471619964 71.2 133.1 71.2 154.9 63.7 154.9 63.7 133.1
v-2__0.5__408___416 0.161562457681 209.8 210.3 210.9 215.0 189.9 222.3 188.7 217.6
v-2__0.5__408___416 0.143249645829 78.5 274.2 82.2 289.9 76.5 290.8 72.8 275.0
v-2__0.5__408___416 0.128808557987 217.2 423.1 222.6 424.7 217.0 441.0 211.6 439.4
v-2__0.5__408___416 0.113853357732 99.5 34.3 99.5 42.2 75.2 42.2 75.2 34.3
v-2__0.5__408___416 0.108037590981 439.1 55.0 439.1 62.7 417.1 62.7 417.1 55.0
v-2__0.5__408___416 0.106934472919 531.5 39.3 531.5 46.8 518.4 46.8 518.4 39.3
v-2__0.5__408___416 0.100512899458 177.7 431.2 183.1 433.1 176.6 449.0 171.2 447.1
v-4__0.5__0___416 0.335467964411 380.7 147.6 389.4 162.5 385.6 164.2 376.9 149.3
v-4__0.5__0___416 0.230029776692 532.4 415.0 540.7 428.7 535.6 430.7 527.3 417.1
v-4__0.5__0___416 0.135224312544 308.0 83.0 309.4 92.6 272.4 101.7 271.0 92.2
v-4__0.5__0___416 0.133685201406 570.2 473.6 575.9 483.0 570.9 486.6 565.2 477.2
v-2__0.5__416___0 0.461393028498 421.5 176.5 426.5 178.1 418.9 199.8 413.9 198.2
v-2__0.5__416___0 0.324350655079 261.2 550.5 266.7 552.6 260.0 573.2 254.6 571.0
v-2__0.5__416___0 0.297094076872 406.7 220.7 411.7 221.7 406.9 238.3 401.9 237.2
v-2__0.5__416___0 0.172611489892 33.4 462.1 33.4 472.6 3.0 472.6 3.0 462.1
v-2__0.5__416___0 0.159661337733 92.0 449.3 92.0 456.0 66.7 456.0 66.7 449.3
v-2__0.5__416___0 0.133096009493 65.7 364.1 65.7 370.5 52.7 370.5 52.7 364.1
v-2__0.5__416___0 0.115311384201 513.1 469.2 513.1 476.2 496.8 476.2 496.8 469.2
v-2__0.5__416___0 0.109481953084 436.0 470.9 436.0 479.7 410.4 479.7 410.4 470.9
v-2__0.5__416___0 0.108059301972 284.7 454.6 294.3 458.1 287.8 482.6 278.2 479.2
v-2__0.5__416___0 0.107413902879 557.3 456.3 557.3 464.3 541.1 464.3 541.1 456.3
v-2__0.5__416___408 0.309785932302 260.3 141.5 266.2 143.3 260.4 164.5 254.6 162.7
v-2__0.5__416___408 0.262034744024 26.4 54.5 26.4 61.8 3.5 61.8 3.5 54.5
v-2__0.5__416___408 0.208585992455 91.0 43.2 91.0 49.4 67.4 49.4 67.4 43.2
v-2__0.5__416___408 0.184697091579 202.4 218.3 203.7 222.9 181.4 230.1 180.1 225.6
v-2__0.5__416___408 0.179912060499 209.3 430.6 215.1 432.0 209.4 449.5 203.7 448.2
v-2__0.5__416___408 0.165777146816 233.9 371.5 237.5 371.6 231.8 392.7 228.2 392.6
v-2__0.5__416___408 0.147141501307 85.1 50.7 85.1 58.0 64.7 58.0 64.7 50.7
v-2__0.5__416___408 0.145169720054 63.3 141.2 63.3 163.1 55.3 163.1 55.3 141.2
v-2__0.5__416___408 0.118404626846 286.0 49.5 293.8 52.9 286.9 76.3 279.2 73.0
v-2__0.5__416___408 0.116536825895 523.3 47.2 523.3 55.1 510.5 55.1 510.5 47.2
v-2__0.5__416___408 0.106473743916 430.9 62.7 430.9 71.5 408.6 71.5 408.6 62.7
v-2__0.5__416___408 0.100524917245 212.9 306.9 218.5 307.2 212.3 329.6 206.7 329.3
v-7__0.5__408___0 0.116774640977 409.6 373.9 416.4 398.8 406.8 400.9 400.0 376.0
v-4__0.5__408___408 0.108181796968 163.4 480.9 169.7 490.9 163.8 494.8 157.5 484.8
v-2__0.5__416___416 0.331949353218 260.3 135.1 266.2 136.7 260.8 157.8 254.9 156.3
v-2__0.5__416___416 0.190726056695 31.9 46.6 31.9 54.2 5.1 54.2 5.1 46.6
v-2__0.5__416___416 0.146431311965 201.2 210.9 202.1 215.4 182.2 222.1 181.3 217.6
v-2__0.5__416___416 0.134672820568 91.7 34.5 91.7 41.9 67.2 41.9 67.2 34.5
v-2__0.5__416___416 0.131816297770 523.3 39.4 523.3 46.7 510.5 46.7 510.5 39.4
v-2__0.5__416___416 0.127332910895 233.8 363.8 237.3 363.6 231.8 384.3 228.3 384.6
v-2__0.5__416___416 0.127266287804 430.8 55.3 430.8 62.8 409.1 62.8 409.1 55.3
v-2__0.5__416___416 0.124031491578 537.8 47.5 537.8 54.4 519.9 54.4 519.9 47.5
v-2__0.5__416___416 0.111531749368 169.9 431.2 174.8 432.5 168.4 448.9 163.4 447.6
v-2__0.5__416___416 0.109766244888 513.6 51.5 513.6 59.1 496.3 59.1 496.3 51.5
v-2__0.5__416___416 0.106622308493 70.5 274.2 74.5 289.7 68.7 290.6 64.7 275.1
v-2__0.5__416___416 0.102844916284 209.2 422.8 215.1 424.1 209.3 441.6 203.4 440.2
v-4__0.5__408___416 0.107604995370 164.2 472.9 170.1 482.7 163.6 487.0 157.7 477.2
v-8__0.5__0___0 0.297396659851 483.5 185.9 495.8 196.2 492.6 199.7 480.2 189.5
v-8__0.5__0___0 0.286690026522 270.5 12.2 280.7 22.2 277.1 25.7 266.9 15.7
v-8__0.5__0___0 0.173463419080 368.5 79.2 380.0 89.4 375.6 93.1 364.1 82.9
v-8__0.5__0___0 0.105724580586 318.3 57.4 328.7 66.6 325.7 70.2 315.4 61.1
v-4__0.5__416___408 0.128309205174 156.1 481.1 161.1 491.4 156.1 495.2 151.1 484.9
v-4__0.5__416___408 0.125007435679 117.9 423.2 125.6 435.9 120.2 438.8 112.5 426.1
v-4__0.5__416___416 0.133752495050 155.9 472.8 161.8 482.7 155.4 486.9 149.5 477.0
v-4__0.5__416___416 0.107070520520 118.5 415.0 126.0 428.0 119.9 431.1 112.3 418.0
v-7__0.5__416___408 0.111932948232 384.2 191.6 384.2 218.4 373.0 218.4 373.0 191.6
v-7__0.5__416___408 0.111221089959 493.7 45.7 493.7 54.9 475.0 54.9 475.0 45.7
v-7__0.5__416___416 0.174298629165 384.7 183.2 384.7 211.3 372.4 211.3 372.4 183.2
v-8__0.5__408___0 0.441677242517 75.0 185.7 87.2 196.6 83.8 200.1 71.6 189.1
v-8__0.5__408___0 0.200550869107 308.3 406.0 325.2 422.0 321.0 426.0 304.0 410.0
v-8__0.5__408___0 0.109762191772 152.7 287.6 163.0 299.8 159.3 301.6 149.1 289.5
v-9__0.5__0___0 0.389919102192 459.3 295.6 461.2 300.8 438.5 309.2 436.7 303.9
v-9__0.5__0___0 0.103795327246 496.3 134.0 497.4 137.6 481.2 145.5 480.1 141.9
v-11__0.5__0___0 0.153898894787 199.9 342.2 205.3 366.5 200.4 367.3 195.0 343.0
v-11__0.5__0___0 0.122947596014 533.8 261.2 535.2 271.4 476.7 287.8 475.3 277.6
v-11__0.5__0___0 0.112061724067 469.9 279.5 472.8 292.3 434.1 299.4 431.1 286.6
v-9__0.5__0___416 0.114693097770 491.7 190.7 495.2 200.5 461.5 212.9 458.0 203.1
v-9__0.5__0___416 0.108357131481 500.0 210.2 501.7 217.3 461.3 231.7 459.6 224.6
v-8__0.5__416___0 0.419612169266 67.0 185.5 79.0 196.3 75.6 200.0 63.5 189.2
v-8__0.5__416___0 0.317420005798 300.2 406.3 317.1 422.3 313.0 425.9 296.1 409.8
v-9__0.5__408___0 0.264568686485 52.8 295.4 54.3 301.0 31.6 309.8 30.1 304.2
v-9__0.5__408___0 0.173809915781 87.1 134.4 88.3 138.0 72.7 145.4 71.5 141.8
v-13__0.5__408___0 0.107718460262 562.9 390.7 573.7 402.5 567.6 406.8 556.8 395.0
v-14__0.5__408___0 0.305585503578 433.3 6.2 435.7 10.2 420.7 21.9 418.3 17.9
v-9__0.5__408___408 0.103171274066 107.2 218.4 109.4 224.2 92.8 229.9 90.6 224.0
v-9__0.5__408___416 0.118445903063 107.3 210.3 109.5 216.6 92.7 221.8 90.6 215.5
v-15__0.5__0___408 0.175021216273 125.0 514.8 126.9 520.2 112.0 528.3 110.1 522.9
v-15__0.5__0___408 0.166483461857 162.3 397.8 164.0 406.7 148.1 409.6 146.4 400.7
v-9__0.5__416___0 0.246963053942 44.7 295.7 46.2 301.1 23.6 309.5 22.1 304.1
v-9__0.5__416___0 0.180472239852 79.2 134.2 80.7 138.1 64.8 145.6 63.2 141.7
v-9__0.5__416___0 0.110042043030 295.2 542.6 309.2 547.2 301.8 579.3 287.8 574.7
v-14__0.5__416___0 0.360342323780 425.3 5.9 427.9 10.1 412.8 22.2 410.2 18.0
v-15__0.5__0___416 0.134724587202 162.0 389.9 163.7 398.2 148.4 401.4 146.8 393.1
v-9__0.5__416___408 0.110810227692 100.3 218.4 102.0 224.5 83.8 230.0 82.1 224.0
v-9__0.5__416___416 0.108459867537 113.3 201.6 121.9 228.5 108.6 232.9 100.0 205.9
v-9__0.5__416___416 0.108454950154 100.3 210.4 102.4 216.7 84.0 222.1 81.9 215.7
v-9__0.5__416___416 0.102297373116 295.1 129.9 309.0 134.0 302.2 165.5 288.3 161.4
v-16__0.5__408___408 0.132704406977 151.1 21.6 151.1 38.5 144.2 38.5 144.2 21.6
v-16__0.5__408___408 0.132547438145 108.8 180.1 113.7 182.9 107.7 196.3 102.8 193.5
v-16__0.5__408___408 0.119421422482 561.9 549.2 561.9 573.1 551.9 573.1 551.9 549.2
v-16__0.5__408___408 0.101261012256 159.2 18.3 159.2 36.7 152.8 36.7 152.8 18.3
v-17__0.5__0___408 0.181680530310 23.2 269.7 28.3 272.3 21.4 287.7 16.3 285.1
v-17__0.5__0___408 0.111017845571 549.3 21.8 549.3 38.4 540.1 38.4 540.1 21.8
v-16__0.5__408___416 0.200434386730 561.5 541.5 561.5 564.8 552.2 564.8 552.2 541.5
v-16__0.5__408___416 0.165218263865 109.1 171.9 113.9 174.7 107.7 188.0 102.9 185.2
v-16__0.5__408___416 0.101481437683 151.2 13.6 151.2 30.5 144.2 30.5 144.2 13.6
v-17__0.5__0___416 0.142469480634 23.0 261.7 28.4 264.4 21.5 279.5 16.1 276.7
v-17__0.5__0___416 0.108927503228 549.4 13.8 549.4 30.2 540.2 30.2 540.2 13.8
v-18__0.5__0___408 0.221442714334 23.2 331.6 30.5 349.5 23.3 351.2 15.9 333.3
v-18__0.5__0___408 0.152056738734 469.5 300.1 469.5 305.1 450.4 305.1 450.4 300.1
v-18__0.5__0___408 0.101084545255 217.7 271.2 217.7 292.2 208.4 292.2 208.4 271.2
v-16__0.5__416___408 0.145167946815 101.1 180.1 105.9 182.7 99.7 196.4 94.9 193.8
v-16__0.5__416___408 0.144844979048 553.8 549.2 553.8 573.7 544.1 573.7 544.1 549.2
v-16__0.5__416___408 0.132590070367 143.5 21.5 143.5 38.6 135.6 38.6 135.6 21.5
v-16__0.5__416___408 0.101566493511 151.5 17.9 151.5 37.2 144.6 37.2 144.6 17.9
v-18__0.5__0___416 0.168665975332 21.8 321.6 29.3 338.2 22.7 339.9 15.2 323.3
v-18__0.5__0___416 0.137513890862 468.8 291.7 468.8 297.2 450.9 297.2 450.9 291.7
v-16__0.5__416___416 0.183200210333 553.6 541.7 553.6 564.7 544.3 564.7 544.3 541.7
v-16__0.5__416___416 0.161955684423 101.2 172.0 105.8 174.5 99.7 187.8 95.2 185.4
v-16__0.5__416___416 0.112850956619 143.6 13.6 143.6 30.3 135.5 30.3 135.5 13.6
v-18__0.5__408___408 0.193735539913 143.4 252.1 149.0 277.1 143.3 278.7 137.7 253.7
v-18__0.5__408___408 0.153440639377 60.4 300.9 60.4 305.1 41.4 305.1 41.4 300.9
v-18__0.5__408___408 0.124999642372 404.0 399.8 405.6 403.5 385.4 407.9 383.8 404.3
v-18__0.5__408___408 0.119877807796 19.6 299.2 19.6 305.9 0.4 305.9 0.4 299.2
v-18__0.5__408___408 0.117319278419 26.9 288.0 26.9 299.1 10.6 299.1 10.6 288.0
v-18__0.5__408___416 0.191563770175 60.6 292.4 60.6 297.3 41.4 297.3 41.4 292.4
v-18__0.5__408___416 0.146541595459 143.6 243.6 148.9 269.5 143.1 270.9 137.8 245.1
v-18__0.5__408___416 0.105144441128 387.9 404.8 389.9 412.9 379.0 416.2 377.0 408.1
v-18__0.5__416___408 0.179980292916 135.6 252.2 140.6 277.3 134.9 278.6 129.8 253.5
v-18__0.5__416___408 0.141259506345 396.0 399.8 397.6 403.3 377.0 408.1 375.4 404.6
v-18__0.5__416___408 0.136224880815 52.3 300.8 52.3 305.2 33.6 305.2 33.6 300.8
v-18__0.5__416___408 0.132691323757 390.9 322.9 390.9 330.3 360.3 330.3 360.3 322.9
v-18__0.5__416___416 0.165582507849 52.3 292.5 52.3 297.2 33.7 297.2 33.7 292.5
v-18__0.5__416___416 0.100033961236 31.6 267.8 31.6 273.3 12.8 273.3 12.8 267.8
v-10__0.5__408___3488 0.244131088257 584.0 165.8 592.0 170.1 572.5 203.7 564.5 199.4
v-10__0.5__408___3488 0.170939728618 524.5 249.4 529.4 254.5 509.1 275.4 504.1 270.2
v-10__0.5__408___3488 0.110557585955 520.1 104.8 525.3 110.3 499.6 134.1 494.4 128.6
v-10__0.5__408___3488 0.109665028751 524.6 189.8 530.5 194.6 508.9 219.0 502.9 214.2
v-10__0.5__408___3488 0.105499863625 602.0 408.2 606.3 413.2 577.7 441.2 573.3 436.2
v-10__0.5__408___3488 0.101794831455 275.9 533.3 278.5 536.9 268.3 546.3 265.7 542.6
v-10__0.5__1632___1224 0.114388123155 541.1 105.3 541.1 117.4 525.0 117.4 525.0 105.3
v-19__0.5__816___2448 0.135638400912 408.1 232.9 418.6 244.2 415.1 247.3 404.7 236.0
v-19__0.5__816___2856 0.100175112486 29.1 225.5 44.6 244.8 37.3 249.8 21.8 230.5
v-19__0.5__2448___1224 0.113599047065 263.3 246.6 265.0 254.8 242.5 261.8 240.9 253.6
v-2__1__816___408 0.362118870020 588.3 505.0 596.8 508.6 582.4 553.3 573.9 549.8
v-2__1__816___408 0.337743192911 599.6 515.7 607.9 517.5 594.1 556.7 585.8 554.9
v-2__1__816___408 0.180218607187 468.0 320.9 468.0 330.1 445.5 330.1 445.5 320.9
v-2__1__816___408 0.153929382563 214.4 497.1 214.4 505.9 195.6 505.9 195.6 497.1
v-2__1__816___408 0.117352157831 68.5 141.5 68.5 164.3 57.0 164.3 57.0 141.5
v-2__1__816___408 0.114815391600 458.3 290.1 458.3 306.6 447.7 306.6 447.7 290.1
v-2__1__816___408 0.108607813716 146.9 324.5 146.9 336.4 125.7 336.4 125.7 324.5
v-2__1__816___408 0.106999404728 421.0 292.7 421.0 312.6 411.4 312.6 411.4 292.7
v-2__1__816___408 0.101706594229 445.0 256.9 445.0 273.2 435.7 273.2 435.7 256.9
v-2__1__816___408 0.101021714509 84.4 180.9 84.4 188.5 66.7 188.5 66.7 180.9
v-2__1__816___408 0.100770376623 482.7 349.8 482.7 357.7 461.8 357.7 461.8 349.8
v-2__1__816___408 0.100419722497 478.8 381.7 478.8 390.4 465.5 390.4 465.5 381.7
v-2__1__816___816 0.351871341467 598.8 107.2 607.4 109.6 594.7 148.6 586.1 146.1
v-2__1__816___816 0.300026714802 539.3 288.4 545.7 290.4 533.1 329.9 526.6 327.9
v-2__1__816___816 0.293444395065 588.0 99.7 596.8 103.4 582.3 147.8 573.6 144.1
v-2__1__816___816 0.206517279148 156.6 568.5 163.1 591.1 154.5 593.6 148.1 571.0
v-2__1__816___816 0.188010722399 215.6 90.5 215.6 99.7 195.0 99.7 195.0 90.5
v-2__1__816___816 0.141801536083 190.4 85.7 190.4 96.1 146.1 96.1 146.1 85.7
v-2__1__816___816 0.118468895555 178.1 115.6 178.1 125.1 158.8 125.1 158.8 115.6
v-2__1__816___816 0.117481902242 142.0 281.9 142.0 314.0 131.1 314.0 131.1 281.9
v-2__1__816___816 0.117474079132 527.0 283.7 535.3 286.1 522.2 327.7 513.9 325.3
v-2__1__1224___408 0.390125304461 189.5 510.3 200.1 513.6 187.2 556.4 176.6 553.0
v-2__1__1224___408 0.377290308475 421.2 39.4 428.1 41.5 419.7 70.3 412.8 68.3
v-2__1__1224___408 0.270229279995 73.7 350.1 73.7 357.5 53.2 357.5 53.2 350.1
v-2__1__1224___408 0.253561526537 60.3 318.4 60.3 327.4 39.5 327.4 39.5 318.4
v-2__1__1224___408 0.224128112197 181.4 501.8 191.2 505.3 178.3 548.7 168.5 545.2
v-2__1__1224___408 0.187437921762 71.5 366.8 71.5 373.6 56.0 373.6 56.0 366.8
v-2__1__1224___408 0.181566953659 16.8 351.0 31.5 361.0 29.5 365.0 14.7 355.0
v-2__1__1224___408 0.180348455906 72.8 381.9 72.8 390.4 59.0 390.4 59.0 381.9
v-2__1__1224___408 0.164597973228 52.0 291.3 52.0 304.7 41.0 304.7 41.0 291.3
v-2__1__1224___408 0.158949941397 37.7 329.3 46.0 336.4 40.0 339.1 31.7 332.1
v-2__1__1224___408 0.151006802917 487.0 147.9 493.0 150.1 488.3 164.0 482.3 161.8
v-2__1__1224___408 0.113233700395 340.5 91.7 347.8 94.0 343.0 107.1 335.7 104.8
v-2__1__1224___408 0.109771214426 83.6 235.0 83.6 256.9 74.2 256.9 74.2 235.0
v-2__1__1224___816 0.405130654573 189.6 104.0 200.5 107.5 186.6 150.6 175.7 147.1
v-2__1__1224___816 0.340157985687 129.7 288.4 138.1 290.7 125.6 329.6 117.2 327.3
v-2__1__1440___408 0.412483066320 206.0 38.4 213.8 40.8 204.6 70.9 196.8 68.5
v-2__1__1440___408 0.173674851656 475.1 96.2 504.7 104.2 503.8 110.2 474.3 102.2
v-2__1__1440___408 0.160029366612 372.6 61.7 395.4 66.7 393.6 74.1 370.8 69.1
v-2__1__1440___408 0.104041531682 337.5 52.5 351.7 61.8 348.2 67.3 334.0 58.0
v-2__1__1440___408 0.102193854749 188.4 127.6 194.9 129.3 190.6 144.1 184.1 142.3
v-2__1__1440___816 0.100865565240 416.1 127.0 416.1 137.1 390.6 137.1 390.6 127.0
v-3__1__816___1440 0.112359352410 597.9 329.7 597.9 372.5 581.5 372.5 581.5 329.7
v-3__1__1224___1224 0.120989657938 390.4 90.2 390.4 102.0 367.1 102.0 367.1 90.2
v-3__1__1224___1440 0.113688662648 189.5 327.4 189.5 374.7 172.5 374.7 172.5 327.4
v-3__1__1224___1440 0.102698445320 125.6 300.9 125.6 312.1 106.1 312.1 106.1 300.9
v-4__1__408___816 0.305625528097 354.7 310.4 368.9 338.9 362.3 342.1 348.2 313.6
v-4__1__816___1224 0.384349435568 253.5 442.7 266.8 464.4 260.1 468.2 246.7 446.5
v-4__1__816___1224 0.287108659744 326.3 557.0 334.7 572.7 328.8 576.3 320.3 560.7
v-4__1__816___1224 0.213328465819 86.3 158.6 94.4 174.8 88.3 177.1 80.3 160.9
v-4__1__816___1440 0.443514853716 326.0 340.9 335.4 357.3 329.3 360.9 320.0 344.5
v-4__1__816___1440 0.334246814251 254.0 224.9 266.7 246.0 259.4 250.2 246.7 229.1
v-4__1__816___1440 0.122315965593 407.5 401.6 432.6 444.5 417.0 454.3 391.9 411.3
v-4__1__816___1440 0.102817565203 482.6 95.6 486.7 104.6 455.7 119.7 451.6 110.7
v-4__1__1224___1440 0.124406486750 3.1 400.8 24.4 447.8 9.1 454.4 -12.2 407.4
v-4__1__1224___1440 0.105779208243 80.8 94.1 84.7 102.9 51.7 119.3 47.8 110.5
v-5__1__0___1224 0.145640850067 520.3 362.0 526.1 373.3 489.1 395.1 483.4 383.7
v-5__1__0___1224 0.107412174344 396.1 342.1 408.1 357.8 401.9 361.7 389.9 346.0
v-6__1__0___1440 0.175564736128 545.5 510.0 582.3 529.6 577.9 538.8 541.0 519.1
v-6__1__0___1440 0.132441207767 593.2 539.7 602.3 555.6 596.4 558.7 587.3 542.8
v-6__1__0___1440 0.131723105907 219.4 535.2 224.4 541.2 198.8 564.3 193.8 558.4
v-6__1__0___1440 0.109951220453 498.3 516.3 498.3 525.0 471.0 525.0 471.0 516.3
v-6__1__0___1440 0.106293573976 463.8 571.1 470.6 579.3 464.3 584.2 457.5 575.9
v-6__1__0___1440 0.100980043411 195.7 537.4 195.7 552.7 182.2 552.7 182.2 537.4
v-6__1__408___1440 0.274223536253 140.1 510.3 177.0 530.1 172.6 539.2 135.6 519.4
v-6__1__408___1440 0.165018290281 185.3 541.5 197.2 563.6 192.1 565.6 180.3 543.5
v-6__1__408___1440 0.159156888723 89.7 516.4 89.7 525.1 61.9 525.1 61.9 516.4
v-6__1__408___1440 0.140886500478 285.7 520.1 285.7 530.1 269.2 530.1 269.2 520.1
v-7__1__0___0 0.156896486878 159.1 370.0 161.0 394.6 72.3 403.9 70.3 379.3
v-7__1__0___0 0.119524799287 118.3 346.5 119.7 364.6 56.9 371.6 55.6 353.5
v-8__1__816___0 0.172165870667 149.7 369.8 177.0 394.7 169.3 402.6 142.1 377.7
v-8__1__816___0 0.152664527297 332.7 590.3 345.9 604.3 338.0 612.5 324.8 598.5
v-9__1__1224___0 0.114938147366 456.9 117.7 461.8 135.8 453.9 138.2 449.0 120.1
v-10__1__0___6528 0.144814044237 18.5 71.2 18.5 94.9 9.5 94.9 9.5 71.2
v-10__1__0___6528 0.100720226765 60.4 157.7 60.4 163.5 41.0 163.5 41.0 157.7
v-10__1__2448___0 0.102611131966 456.5 147.8 456.5 154.8 440.9 154.8 440.9 147.8
v-11__1__0___0 0.153097435832 71.2 -0.4 74.1 8.6 54.5 14.1 51.6 5.1
v-11__1__408___1224 0.158650413156 149.4 526.8 159.7 538.1 114.0 580.5 103.8 569.2
v-11__1__408___1440 0.282618552446 149.0 312.7 158.6 323.1 113.4 365.1 103.9 354.7
v-11__1__1224___1224 0.135057762265 231.0 127.8 238.2 150.2 229.0 153.4 221.7 131.0
v-11__1__1224___1224 0.103658787906 278.6 231.0 288.1 264.7 275.9 268.3 266.4 234.6
v-11__1__1440___1224 0.148561298847 64.4 232.2 73.1 264.3 60.8 267.6 52.1 235.4
v-11__1__1440___1440 0.102919533849 64.4 20.4 74.0 52.1 61.5 55.6 51.9 24.0
v-12__1__408___816 0.108197480440 92.5 504.6 92.5 512.3 74.7 512.3 74.7 504.6
v-13__1__1224___0 0.129086315632 97.5 31.3 105.5 42.7 99.9 46.9 91.8 35.5
v-13__1__1440___408 0.164835989475 209.0 18.6 223.9 36.9 218.0 41.4 203.2 23.2
v-14__1__816___0 0.127943068743 606.2 215.2 612.5 221.6 597.7 235.8 591.3 229.4
v-14__1__816___0 0.110659942031 78.7 328.3 87.4 343.2 79.9 347.1 71.3 332.2
v-14__1__1224___0 0.460570991039 458.2 15.3 462.5 21.4 430.8 45.7 426.4 39.6
v-14__1__1224___0 0.141189232469 196.0 220.6 200.0 225.8 187.2 235.6 183.3 230.4
v-14__1__1224___0 0.113036029041 448.8 303.1 450.6 309.4 431.5 318.7 429.7 312.4
v-15__1__0___1440 0.146510586143 251.1 405.2 255.0 412.7 222.6 432.6 218.7 425.0
v-15__1__0___1440 0.129952087998 213.1 429.3 214.2 433.5 197.2 442.2 196.0 438.1
v-15__1__816___408 0.147411659360 -0.6 346.9 40.9 350.5 38.7 371.3 -2.8 367.7
v-16__1__1440___1224 0.203576713800 570.6 109.8 580.1 112.0 575.7 138.1 566.2 135.8
v-16__1__1440___1224 0.132707715034 491.5 203.7 491.5 229.5 478.8 229.5 478.8 203.7
v-16__1__1440___1224 0.126024767756 600.3 2.3 600.3 25.4 587.7 25.4 587.7 2.3
v-16__1__1440___1224 0.112270966172 432.6 544.0 442.5 547.5 437.2 578.7 427.3 575.1
v-16__1__1440___1224 0.106473438442 558.8 178.7 567.0 181.7 562.3 214.5 554.0 211.6
v-16__1__1440___1440 0.195109948516 485.8 480.9 495.6 483.1 489.8 520.1 480.0 517.9
v-16__1__1440___1440 0.179441109300 417.0 500.2 425.8 502.9 421.3 526.7 412.5 524.1
v-16__1__1440___1440 0.166766300797 409.3 550.9 409.3 571.2 397.6 571.2 397.6 550.9
v-16__1__1440___1440 0.132567718625 441.6 326.8 441.6 359.1 427.5 359.1 427.5 326.8
v-16__1__1440___1440 0.110781401396 375.6 100.6 375.6 112.7 358.4 112.7 358.4 100.6
v-17__1__0___816 0.210905149579 49.0 540.5 57.2 544.4 44.1 574.4 35.9 570.6
v-17__1__0___1224 0.278470695019 48.7 133.5 57.3 137.3 43.1 168.8 34.6 164.9
v-18__1__1224___1224 0.370471686125 398.9 394.0 400.3 401.6 359.9 413.4 358.4 405.8
v-18__1__1224___1224 0.199142903090 452.3 397.1 454.1 403.0 437.0 408.0 435.2 402.1
v-18__1__1224___1224 0.181808739901 263.4 435.0 265.6 444.3 234.2 453.4 232.0 444.1
v-18__1__1224___1224 0.119011275470 366.6 420.2 368.3 429.1 351.2 434.4 349.5 425.5
v-18__1__1224___1224 0.115335419774 607.0 236.2 607.0 247.6 588.7 247.6 588.7 236.2
v-18__1__1224___1440 0.166172057390 399.5 178.3 400.8 185.1 359.8 197.3 358.4 190.6
v-18__1__1224___1440 0.137077003717 371.7 203.0 373.3 210.7 353.4 214.5 351.8 206.8
v-18__1__1224___1440 0.134973794222 251.3 227.9 252.6 233.6 232.0 237.5 230.6 231.8
v-18__1__1224___1440 0.111400932074 457.3 179.3 459.2 185.8 438.9 191.4 437.0 184.9
v-18__1__1440___1224 0.287412583828 183.8 393.6 185.1 401.3 144.5 413.6 143.2 406.0
v-18__1__1440___1224 0.147570595145 161.4 417.2 164.4 425.8 142.1 430.8 139.1 422.2
v-18__1__1440___1224 0.118270240724 237.9 396.5 239.7 403.9 221.9 408.3 220.1 400.9
v-18__1__1440___1440 0.134584471583 184.3 178.7 185.2 185.3 144.2 197.2 143.3 190.7
v-18__1__1440___1440 0.121585078537 158.8 203.2 158.8 214.6 136.2 214.6 136.2 203.2
v-20__1__0___0 0.112019658089 355.5 163.0 373.1 177.4 368.7 183.1 351.1 168.7
