v-5__0.5__0___408 0.573489606380 337.3 442.8 361.6 462.6 340.0 488.5 315.8 468.7
v-5__0.5__0___408 0.408402383327 407.5 298.7 425.2 326.4 396.0 344.7 378.2 317.1
v-6__0.5__0___408 0.100165016949 228.4 54.1 228.4 76.7 214.5 76.7 214.5 54.1
v-6__0.5__0___416 0.108400039375 228.8 45.5 228.8 68.9 214.1 68.9 214.1 45.5
v-5__0.5__0___416 0.604930639267 339.2 434.4 362.0 456.5 338.1 480.9 315.3 458.8
v-5__0.5__0___416 0.405531615019 408.1 291.1 424.9 319.0 395.2 336.5 378.4 308.6
v-5__0.5__0___416 0.101118624210 452.6 348.6 452.6 369.3 430.2 369.3 430.2 348.6
v-7__0.5__0___0 0.121567629278 264.6 509.0 273.5 560.4 227.0 567.3 218.0 515.8
v-7__0.5__0___416 0.102545045316 264.1 92.9 273.4 144.2 227.5 151.2 218.2 100.0
v-12__0.5__0___0 0.113207168877 154.4 406.0 154.4 422.2 138.6 422.2 138.6 406.0
v-10__0.5__0___408 0.120823062956 105.3 581.1 105.3 606.9 67.4 606.9 67.4 581.1
v-17__0.5__0___0 0.281510055065 513.6 345.8 523.3 369.1 498.4 378.8 488.7 355.6
v-10__0.5__408___0 0.186336472631 108.6 183.3 118.0 190.0 109.8 204.1 100.4 197.4
v-10__0.5__408___408 0.211458459496 216.1 4.0 216.1 24.5 196.4 24.5 196.4 4.0
v-10__0.5__408___408 0.130932942033 255.8 5.3 255.8 23.2 235.6 23.2 235.6 5.3
v-10__0.5__1632___816 0.244686052203 87.3 403.7 93.3 419.6 79.4 425.2 73.4 409.3
v-10__0.5__1632___816 0.193978339434 51.9 46.1 51.9 109.1 15.7 109.1 15.7 46.1
v-10__0.5__1632___816 0.126615285873 94.3 82.0 94.3 97.7 77.0 97.7 77.0 82.0
v-10__0.5__1632___1224 0.137236177921 90.9 -1.3 92.7 15.4 75.0 18.1 73.2 1.4
v-10__0.5__2040___408 0.333275914192 100.5 271.8 100.5 291.1 80.3 291.1 80.3 271.8
v-10__0.5__2448___408 0.142012745142 273.9 198.8 280.0 212.8 266.9 219.2 260.7 205.2
v-19__0.5__2448___816 0.121291272342 581.7 458.4 603.8 465.5 598.7 481.2 576.6 474.1
v-19__0.5__2856___1224 0.102861329913 51.5 527.4 72.5 541.0 63.3 556.2 42.3 542.6
v-10__1__408___2040 0.188051402569 540.0 -1.4 540.0 45.5 497.1 45.5 497.1 -1.4
v-10__1__408___2856 0.164686813951 423.9 -2.5 441.3 9.3 428.0 23.7 410.6 11.8
v-10__1__816___0 0.507756948471 227.0 372.2 231.5 395.1 208.5 400.3 204.0 377.4
v-10__1__816___0 0.471246600151 578.5 370.5 587.0 391.4 568.3 399.9 559.8 378.9
v-10__1__816___0 0.200692743063 246.0 370.2 246.0 386.5 230.6 386.5 230.6 370.2
v-10__1__816___0 0.194359540939 353.3 370.8 353.3 399.0 324.5 399.0 324.5 370.8
v-10__1__816___0 0.163356259465 338.5 578.3 343.6 590.1 330.2 596.1 325.2 584.3
v-10__1__816___0 0.151160418987 330.8 558.0 340.9 578.2 321.1 590.2 310.9 570.0
v-10__1__816___0 0.148315355182 373.3 541.6 389.5 558.5 374.0 574.6 357.9 557.7
v-10__1__816___0 0.120436601341 170.5 418.3 185.9 435.3 170.2 449.7 154.9 432.7
v-10__1__816___408 0.394589573145 492.1 563.7 506.5 575.0 496.4 592.8 482.0 581.5
v-10__1__816___408 0.336572021246 463.3 536.7 463.3 562.4 436.1 562.4 436.1 536.7
v-10__1__816___408 0.283686041832 532.1 574.7 548.7 591.2 535.8 604.7 519.1 588.2
v-10__1__816___408 0.144141688943 500.1 428.4 506.2 446.6 481.3 455.8 475.1 437.6
v-10__1__816___408 0.101320110261 490.3 419.2 490.3 433.9 473.8 433.9 473.8 419.2
v-10__1__816___1224 0.391718059778 323.7 159.9 323.7 182.3 295.1 182.3 295.1 159.9
v-10__1__816___1224 0.341843605042 312.6 109.9 322.8 126.0 307.3 135.3 297.1 119.1
v-10__1__816___1224 0.298520386219 555.6 7.5 555.6 34.9 528.3 34.9 528.3 7.5
v-10__1__816___1224 0.208359286189 207.3 137.2 243.5 147.4 236.4 177.7 200.2 167.5
v-10__1__816___1224 0.134552732110 444.1 426.8 465.9 439.2 456.2 456.8 434.4 444.4
v-10__1__816___1224 0.116653017700 197.9 583.8 230.3 593.7 223.7 612.3 191.3 602.5
v-10__1__816___1224 0.116203114390 378.2 140.4 383.0 155.6 361.4 161.7 356.6 146.6
v-10__1__3264___2448 0.105964794755 184.4 -5.9 190.6 29.3 154.3 35.5 148.1 0.4
v-11__1__408___1224 0.110346198082 164.7 178.1 177.0 199.3 159.1 209.7 146.8 188.5
v-12__1__816___1224 0.103475682437 23.3 199.6 23.3 236.7 -1.8 236.7 -1.8 199.6
v-17__1__408___408 0.360623329878 599.2 293.6 614.2 336.5 580.5 350.1 565.5 307.2
v-19__1__2040___3672 0.112995803356 557.6 378.1 557.6 400.1 543.0 400.1 543.0 378.1
v-19__1__5304___2040 0.100256830454 334.7 222.7 363.7 238.4 348.7 268.6 319.7 252.9
v-19__1__5304___2448 0.158310145140 599.7 567.5 605.5 590.3 581.2 596.7 575.3 573.9
v-19__1__5712___2040 0.122603759170 551.1 30.5 553.1 52.0 517.3 55.0 515.2 33.5
v-19__1__6936___6528 0.178556323051 402.3 591.6 402.3 611.5 370.3 611.5 370.3 591.6
