v-6__0.5__0___408 0.187991827726 331.5 154.6 338.5 170.4 329.6 175.8 322.6 160.0
v-6__0.5__0___416 0.238699689507 331.3 146.5 338.8 161.8 330.1 167.8 322.5 152.5
v-7__0.5__0___0 0.158181652427 457.6 236.4 457.6 257.1 442.0 257.1 442.0 236.4
v-20__0.5__408___408 0.155310183764 249.3 374.4 254.9 392.7 243.8 396.6 238.2 378.3
v-7__0.5__0___408 0.103259786963 405.4 328.5 404.8 341.7 382.7 342.5 383.3 329.3
v-20__0.5__408___416 0.229403823614 249.1 366.7 254.8 384.3 244.0 388.2 238.4 370.5
v-7__0.5__0___416 0.148123279214 406.0 320.1 405.8 333.2 382.4 334.7 382.6 321.5
v-20__0.5__416___408 0.141530945897 240.9 374.7 246.6 392.3 236.2 396.1 230.4 378.5
v-7__0.5__408___408 0.132352903485 432.8 561.0 435.2 576.4 411.5 580.4 409.1 565.0
v-20__0.5__416___416 0.213362157345 241.1 366.7 246.7 384.7 236.0 388.4 230.5 370.4
v-7__0.5__408___416 0.153008505702 431.7 553.1 434.8 568.0 412.7 572.4 409.6 557.4
v-7__0.5__408___416 0.112634539604 480.9 526.9 480.9 549.2 465.9 549.2 465.9 526.9
v-7__0.5__416___0 0.118375569582 41.7 236.2 41.7 257.3 25.6 257.3 25.6 236.2
v-7__0.5__416___408 0.148981571198 426.0 560.7 427.9 576.3 402.7 580.7 400.7 565.1
v-7__0.5__416___416 0.126651078463 425.1 553.0 427.5 568.2 403.4 572.4 401.0 557.2
v-9__0.5__0___0 0.364700496197 243.4 80.9 280.4 188.6 217.4 211.2 180.4 103.5
v-9__0.5__0___416 0.112345710397 107.0 443.3 113.5 465.6 64.0 480.1 57.5 457.8
v-15__0.5__0___0 0.362924128771 245.9 160.8 245.9 242.4 207.2 242.4 207.2 160.8
v-10__0.5__0___408 0.117266714573 528.5 272.1 528.5 291.0 507.0 291.0 507.0 272.1
v-16__0.5__408___416 0.115675300360 153.7 379.6 157.0 396.6 145.0 400.1 141.7 383.1
v-10__0.5__0___1632 0.342888861895 106.9 221.5 106.9 294.6 48.9 294.6 48.9 221.5
v-16__0.5__416___416 0.105597011745 66.3 521.1 69.8 536.3 57.5 538.6 54.1 523.4
v-10__0.5__408___0 0.513019502163 439.1 132.7 462.7 161.0 446.7 173.9 423.0 145.6
v-10__0.5__408___0 0.110333785415 254.9 109.9 254.9 135.8 239.4 135.8 239.4 109.9
v-10__0.5__408___0 0.109345845878 118.5 188.1 126.8 199.6 118.9 207.9 110.6 196.5
v-10__0.5__408___408 0.112537339330 178.6 -1.3 178.6 24.0 161.6 24.0 161.6 -1.3
v-19__0.5__0___2040 0.169561684132 399.7 -12.6 411.0 3.1 390.3 18.0 379.1 2.3
v-19__0.5__0___2856 0.218550175428 349.1 286.2 364.4 304.2 351.7 317.6 336.3 299.5
v-19__0.5__0___2856 0.119548551738 374.5 213.0 387.5 228.1 374.5 240.2 361.6 225.2
v-10__0.5__1224___0 0.371100157499 602.9 72.5 602.9 106.7 584.9 106.7 584.9 72.5
v-10__0.5__1224___0 0.107651889324 237.3 511.7 249.5 522.4 240.2 533.7 228.1 523.0
v-19__0.5__408___408 0.167328968644 529.6 314.4 529.6 338.5 514.2 338.5 514.2 314.4
v-19__0.5__408___408 0.103130340576 442.7 346.7 442.7 371.0 427.0 371.0 427.0 346.7
v-19__0.5__408___816 0.146696761250 338.1 276.2 348.8 285.8 340.1 296.6 329.4 287.1
v-19__0.5__408___816 0.110737234354 561.8 489.5 561.8 506.2 538.3 506.2 538.3 489.5
v-19__0.5__408___2040 0.149315670133 512.7 451.2 524.7 459.6 514.5 478.8 502.4 470.5
v-19__0.5__408___2040 0.104646958411 291.7 14.8 298.6 23.2 279.9 36.9 272.9 28.5
v-19__0.5__408___2448 0.120820544660 566.8 15.8 566.8 28.9 550.3 28.9 550.3 15.8
v-19__0.5__408___2448 0.114994429052 512.2 39.2 524.7 45.6 515.9 68.8 503.4 62.4
v-19__0.5__408___3264 0.205287039280 241.1 537.8 258.4 545.9 253.2 555.7 235.9 547.6
v-19__0.5__816___0 0.166315525770 470.8 19.4 482.9 30.3 469.4 46.8 457.3 35.9
v-19__0.5__816___408 0.219319194555 120.7 315.0 120.7 337.8 106.5 337.8 106.5 315.0
v-19__0.5__816___408 0.130749329925 446.4 424.1 451.6 438.7 436.5 444.1 431.4 429.5
v-10__0.5__1632___816 0.314671337605 51.9 46.1 51.9 109.1 15.7 109.1 15.7 46.1
v-10__0.5__1632___816 0.254896968603 94.3 82.0 94.3 97.7 77.0 97.7 77.0 82.0
v-10__0.5__1632___816 0.216556191444 121.1 370.2 121.1 385.6 101.9 385.6 101.9 370.2
v-10__0.5__1632___816 0.210920944810 87.3 403.7 93.3 419.6 79.4 425.2 73.4 409.3
v-10__0.5__1632___816 0.202438041568 494.2 447.4 494.2 469.1 479.9 469.1 479.9 447.4
v-19__0.5__816___816 0.115035735071 291.5 325.0 323.1 330.4 321.2 341.6 289.6 336.2
v-19__0.5__816___816 0.109977766871 446.9 17.1 451.3 30.0 436.3 35.0 431.9 22.2
v-10__0.5__1632___1224 0.287030845881 494.0 39.1 494.0 61.6 480.2 61.6 480.2 39.1
v-19__0.5__816___1224 0.116134747863 183.0 195.9 198.4 198.9 196.4 210.2 181.0 207.1
v-19__0.5__816___2040 0.125328242779 107.2 451.8 117.1 464.8 104.0 478.3 94.0 465.2
v-19__0.5__816___2448 0.108888171613 159.1 15.4 159.1 29.1 142.1 29.1 142.1 15.4
v-19__0.5__816___2448 0.108708366752 106.1 42.9 117.6 53.9 104.9 70.9 93.4 59.9
v-10__0.5__2040___408 0.806411862373 361.6 331.8 361.6 399.2 321.3 399.2 321.3 331.8
v-10__0.5__2040___408 0.413603484631 301.4 432.2 301.4 484.3 280.2 484.3 280.2 432.2
v-10__0.5__2040___408 0.373446851969 151.6 -1.6 168.0 7.4 158.0 29.7 141.6 20.8
v-10__0.5__2040___408 0.126136064529 281.4 537.5 281.4 563.4 259.4 563.4 259.4 537.5
v-10__0.5__2040___816 0.400138318539 301.3 24.6 301.3 76.0 280.6 76.0 280.6 24.6
v-10__0.5__2040___816 0.222245678306 86.4 447.7 86.4 468.9 71.7 468.9 71.7 447.7
v-10__0.5__2040___816 0.170262008905 282.0 128.6 282.0 156.7 259.0 156.7 259.0 128.6
v-19__0.5__1224___0 0.112134836614 63.4 18.5 75.9 28.9 60.7 48.5 48.1 38.0
v-19__0.5__1224___408 0.109784327447 64.7 586.3 64.7 607.9 50.4 607.9 50.4 586.3
v-19__0.5__1224___1632 0.114948078990 578.3 322.7 592.5 332.8 586.8 339.2 572.6 329.1
v-19__0.5__1224___2040 0.134264469147 474.8 116.3 487.1 124.1 481.0 135.1 468.7 127.2
v-10__0.5__2448___408 0.184984505177 427.6 115.5 450.4 132.8 442.0 143.0 419.3 125.7
v-10__0.5__2448___408 0.126768380404 362.4 427.9 369.5 441.8 360.7 446.8 353.6 432.9
v-10__0.5__2448___408 0.100614227355 389.6 565.3 391.3 578.9 359.5 582.4 357.8 568.8
v-19__0.5__1632___1632 0.608125388622 247.0 14.3 305.8 51.8 283.9 86.4 225.0 48.9
v-19__0.5__1632___1632 0.552769064903 561.5 172.4 592.0 201.6 579.2 215.3 548.8 186.2
v-19__0.5__1632___1632 0.178578376770 170.7 322.5 184.5 332.8 178.5 339.4 164.7 329.2
v-19__0.5__1632___1632 0.158806398511 434.6 412.2 442.9 425.6 432.8 432.1 424.5 418.7
v-19__0.5__2040___408 0.367479473352 32.3 497.5 32.3 529.9 18.3 529.9 18.3 497.5
v-19__0.5__2040___816 0.588083386421 2.7 438.1 63.3 448.6 57.2 486.1 -3.4 475.5
v-19__0.5__2040___816 0.428609669209 32.0 91.0 32.0 120.5 18.9 120.5 18.9 91.0
v-19__0.5__2040___816 0.112304247916 246.4 257.4 271.6 270.1 261.6 291.9 236.4 279.2
v-19__0.5__2448___816 0.118584237993 430.1 106.9 430.1 128.3 416.2 128.3 416.2 106.9
v-19__0.5__2448___1224 0.110505409539 84.0 594.7 84.0 608.5 63.7 608.5 63.7 594.7
v-19__0.5__2856___816 0.312545925379 328.3 267.2 364.7 308.9 340.9 329.9 304.5 288.2
v-19__0.5__2856___816 0.166636824608 269.0 142.5 292.9 169.5 269.1 189.9 245.2 163.0
v-19__0.5__3264___2040 0.189376860857 402.0 364.2 402.0 391.6 387.4 391.6 387.4 364.2
v-19__0.5__3264___2040 0.115838766098 422.8 391.0 432.9 402.1 422.1 413.4 412.1 402.3
v-19__0.5__3264___2040 0.108333639801 492.3 439.0 500.8 450.2 479.2 467.1 470.7 455.9
v-19__0.5__3264___3264 0.197529703379 164.1 480.8 201.5 494.0 193.5 513.4 156.1 500.2
v-19__0.5__3264___3264 0.122733741999 154.6 531.4 165.9 536.4 159.7 551.1 148.4 546.1
v-19__0.5__3264___3264 0.107206441462 312.5 247.4 312.5 269.8 297.6 269.8 297.6 247.4
v-19__0.5__3264___3488 0.192844361067 164.1 256.8 201.5 270.0 193.5 289.5 156.1 276.2
v-19__0.5__3264___3488 0.110843397677 154.6 307.5 165.8 312.5 159.7 327.0 148.4 322.0
v-19__0.5__3488___2040 0.188166037202 178.0 364.2 178.0 391.6 163.4 391.6 163.4 364.2
v-19__0.5__3488___2040 0.140852898359 365.9 510.0 365.9 525.8 350.8 525.8 350.8 510.0
v-19__0.5__3488___2040 0.116661451757 198.9 390.9 208.9 402.0 198.1 413.4 188.1 402.3
v-19__0.5__3488___2040 0.104258581996 268.2 439.0 276.7 450.2 255.2 467.1 246.7 455.9
v-7__1__816___1440 0.124623037875 21.4 42.2 21.4 138.0 -2.0 138.0 -2.0 42.2
v-9__1__408___0 0.712716460228 82.0 166.2 157.1 373.6 33.2 420.1 -41.9 212.8
v-9__1__408___408 0.142599985003 133.7 -20.1 143.7 26.1 22.8 48.7 12.9 2.5
v-10__1__0___2856 0.122370153666 179.2 278.8 179.2 292.4 151.9 292.4 151.9 278.8
v-10__1__0___3264 0.522499322891 218.6 430.3 218.6 597.5 97.0 597.5 97.0 430.3
v-10__1__0___3264 0.170806691051 13.9 381.9 13.9 405.6 1.7 405.6 1.7 381.9
v-10__1__0___3264 0.102997168899 41.5 395.1 41.5 416.4 24.6 416.4 24.6 395.1
v-10__1__0___3672 0.611355483532 217.9 22.7 217.9 197.0 97.7 197.0 97.7 22.7
v-10__1__0___4488 0.101511940360 411.9 276.9 475.9 410.7 352.0 471.3 288.0 337.5
v-10__1__816___408 0.108652472496 492.1 563.7 506.5 575.0 496.4 592.8 482.0 581.5
v-10__1__816___408 0.103684991598 506.8 480.8 506.8 522.6 491.4 522.6 491.4 480.8
v-10__1__816___408 0.101316682994 536.0 490.7 536.0 515.6 522.7 515.6 522.7 490.7
v-10__1__2856___2448 0.104047231376 416.4 48.4 420.6 65.1 410.6 68.2 406.4 51.5
v-10__1__4080___2040 0.452285110950 172.3 486.4 174.6 541.3 146.2 541.5 143.8 486.6
v-10__1__4080___2040 0.169985607266 133.4 496.7 133.4 517.3 119.7 517.3 119.7 496.7
v-10__1__4488___1224 0.795044839382 317.2 244.3 317.2 399.3 229.8 399.3 229.8 244.3
v-10__1__4488___1224 0.741450607777 200.9 454.8 200.9 565.2 154.0 565.2 154.0 454.8
v-10__1__4488___1224 0.158169358969 203.5 366.8 203.5 391.5 190.0 391.5 190.0 366.8
v-10__1__4488___1224 0.112561270595 253.1 148.1 263.9 177.9 248.4 184.3 237.7 154.5
v-19__1__816___5712 0.108760580420 101.4 158.8 114.7 161.9 110.4 182.7 97.1 179.6
v-19__1__2040___3672 0.118707597256 557.6 378.1 557.6 400.1 543.0 400.1 543.0 378.1
v-19__1__2448___3672 0.109160318971 150.1 377.9 150.1 400.1 134.5 400.1 134.5 377.9
v-19__1__2856___2448 0.101113677025 409.1 323.9 410.9 351.0 398.1 352.4 396.3 325.4
v-19__1__7344___4080 0.134380161762 269.3 228.8 269.3 247.6 247.6 247.6 247.6 228.8
v-19__1__7584___4080 0.210851863027 29.9 228.0 29.9 248.5 7.2 248.5 7.2 228.0
