v-5__0.5__0___408 0.310451984406 453.0 356.3 453.0 377.8 429.8 377.8 429.8 356.3
v-5__0.5__0___416 0.275631755590 452.6 348.6 452.6 369.3 430.2 369.3 430.2 348.6
v-7__0.5__0___416 0.146697267890 297.2 498.7 297.2 513.0 283.4 513.0 283.4 498.7
v-4__0.5__408___0 0.108823895454 132.5 313.7 138.8 322.8 128.3 329.7 122.0 320.6
v-4__0.5__416___0 0.159496322274 583.5 81.4 583.5 97.9 566.5 97.9 566.5 81.4
v-12__0.5__0___408 0.471433669329 541.6 277.5 541.6 294.4 525.4 294.4 525.4 277.5
v-12__0.5__0___408 0.443866312504 597.2 265.9 597.2 281.6 581.3 281.6 581.3 265.9
v-12__0.5__0___408 0.380296319723 571.7 289.2 571.7 307.4 553.1 307.4 553.1 289.2
v-12__0.5__0___408 0.357099056244 531.1 306.2 531.1 322.7 514.1 322.7 514.1 306.2
v-12__0.5__0___408 0.346722424030 582.0 309.9 582.0 325.7 564.9 325.7 564.9 309.9
v-12__0.5__0___408 0.339355468750 538.7 359.7 538.7 378.1 520.5 378.1 520.5 359.7
v-12__0.5__0___408 0.338265448809 502.6 360.9 502.6 378.3 484.7 378.3 484.7 360.9
v-12__0.5__0___408 0.336989432573 587.5 294.1 587.5 311.2 569.7 311.2 569.7 294.1
v-12__0.5__0___408 0.336977213621 541.8 293.3 541.8 310.5 524.1 310.5 524.1 293.3
v-12__0.5__0___408 0.336516231298 528.8 270.3 528.8 286.2 513.1 286.2 513.1 270.3
v-12__0.5__0___408 0.322060942650 482.0 255.4 482.0 270.5 466.8 270.5 466.8 255.4
v-12__0.5__0___408 0.315029054880 581.3 251.5 581.3 267.2 565.1 267.2 565.1 251.5
v-12__0.5__0___408 0.310205876827 483.5 303.7 483.5 318.3 466.9 318.3 466.9 303.7
v-12__0.5__0___408 0.307183444500 482.9 346.6 482.9 362.9 466.8 362.9 466.8 346.6
v-12__0.5__0___408 0.306071907282 537.3 321.4 537.3 337.1 520.7 337.1 520.7 321.4
v-12__0.5__0___408 0.300186276436 532.2 335.5 532.2 354.7 512.6 354.7 512.6 335.5
v-12__0.5__0___408 0.283455997705 575.5 345.7 575.5 362.9 555.7 362.9 555.7 345.7
v-12__0.5__0___408 0.281673133373 558.1 361.0 558.1 378.8 540.6 378.8 540.6 361.0
v-12__0.5__0___408 0.277656316757 590.8 281.4 590.8 297.3 573.5 297.3 573.5 281.4
v-12__0.5__0___408 0.277340292931 483.1 274.5 483.1 289.0 466.4 289.0 466.4 274.5
v-12__0.5__0___408 0.260627239943 598.7 249.9 598.7 266.8 580.5 266.8 580.5 249.9
v-12__0.5__0___408 0.259731471539 523.2 361.1 523.2 378.3 504.9 378.3 504.9 361.1
v-12__0.5__0___408 0.258573085070 516.4 333.6 516.4 351.2 497.5 351.2 497.5 333.6
v-12__0.5__0___408 0.248920202255 566.2 306.4 566.2 323.5 547.7 323.5 547.7 306.4
v-12__0.5__0___408 0.234043762088 514.1 304.9 514.1 322.2 495.7 322.2 495.7 304.9
v-12__0.5__0___408 0.218101739883 547.0 344.6 547.0 362.8 529.5 362.8 529.5 344.6
v-12__0.5__0___408 0.215132430196 483.7 288.1 483.7 302.3 466.5 302.3 466.5 288.1
v-12__0.5__0___408 0.212053388357 481.1 363.3 481.1 377.1 466.5 377.1 466.5 363.3
v-12__0.5__0___408 0.198622718453 513.6 275.0 513.6 290.8 496.3 290.8 496.3 275.0
v-12__0.5__0___408 0.197565495968 487.3 318.1 487.3 334.3 467.0 334.3 467.0 318.1
v-12__0.5__0___408 0.183726251125 512.4 291.3 512.4 306.5 493.2 306.5 493.2 291.3
v-12__0.5__0___408 0.156010612845 493.9 246.1 493.9 261.7 478.3 261.7 478.3 246.1
v-12__0.5__0___408 0.147488862276 554.5 249.5 554.5 266.4 535.9 266.4 535.9 249.5
v-12__0.5__0___408 0.140101835132 576.3 322.7 576.3 339.2 557.5 339.2 557.5 322.7
v-12__0.5__0___408 0.124755233526 565.5 257.9 565.5 274.5 549.3 274.5 549.3 257.9
v-12__0.5__0___408 0.114530280232 574.3 363.1 574.3 377.1 557.3 377.1 557.3 363.1
v-12__0.5__0___416 0.455080688000 542.1 268.6 542.1 286.9 524.9 286.9 524.9 268.6
v-12__0.5__0___416 0.446260273457 597.2 258.0 597.2 273.9 581.1 273.9 581.1 258.0
v-12__0.5__0___416 0.425949990749 571.6 281.2 571.6 299.3 553.2 299.3 553.2 281.2
v-12__0.5__0___416 0.401888072491 581.7 302.2 581.7 317.3 565.2 317.3 565.2 302.2
v-12__0.5__0___416 0.398002892733 502.1 352.9 502.1 370.0 485.0 370.0 485.0 352.9
v-12__0.5__0___416 0.397711336613 581.8 243.0 581.8 259.6 564.7 259.6 564.7 243.0
v-12__0.5__0___416 0.395098656416 531.1 298.1 531.1 314.8 514.2 314.8 514.2 298.1
v-12__0.5__0___416 0.384747922421 587.4 286.1 587.4 303.1 569.8 303.1 569.8 286.1
v-12__0.5__0___416 0.382202565670 541.9 285.2 541.9 302.8 524.0 302.8 524.0 285.2
v-12__0.5__0___416 0.375810950994 482.5 246.8 482.5 263.2 466.4 263.2 466.4 246.8
v-12__0.5__0___416 0.358535200357 529.8 261.5 529.8 279.1 512.5 279.1 512.5 261.5
v-12__0.5__0___416 0.349486082792 538.5 352.1 538.5 369.9 520.8 369.9 520.8 352.1
v-12__0.5__0___416 0.348273634911 537.2 313.6 537.2 328.9 520.9 328.9 520.9 313.6
v-12__0.5__0___416 0.342373222113 483.1 338.7 483.1 354.8 466.8 354.8 466.8 338.7
v-12__0.5__0___416 0.323856621981 483.7 295.6 483.7 310.5 466.8 310.5 466.8 295.6
v-12__0.5__0___416 0.323087275028 523.1 353.1 523.1 370.3 505.1 370.3 505.1 353.1
v-12__0.5__0___416 0.320102095604 599.2 241.3 599.2 259.2 580.1 259.2 580.1 241.3
v-12__0.5__0___416 0.311703264713 532.0 328.0 532.0 346.4 512.9 346.4 512.9 328.0
v-12__0.5__0___416 0.298669844866 590.6 273.6 590.6 289.2 573.5 289.2 573.5 273.6
v-12__0.5__0___416 0.297957658768 483.4 266.3 483.4 281.5 466.2 281.5 466.2 266.3
v-12__0.5__0___416 0.294912278652 557.7 353.6 557.7 370.4 541.1 370.4 541.1 353.6
v-12__0.5__0___416 0.294657945633 546.4 337.2 546.4 354.4 530.1 354.4 530.1 337.2
v-12__0.5__0___416 0.285739868879 565.9 298.6 565.9 315.3 547.9 315.3 547.9 298.6
v-12__0.5__0___416 0.284972369671 574.4 339.2 574.4 354.0 556.4 354.0 556.4 339.2
v-12__0.5__0___416 0.278713107109 516.0 326.0 516.0 343.0 497.8 343.0 497.8 326.0
v-12__0.5__0___416 0.264868855476 514.5 310.2 514.5 327.9 495.5 327.9 495.5 310.2
v-12__0.5__0___416 0.255825877190 550.5 321.1 550.5 339.2 531.8 339.2 531.8 321.1
v-12__0.5__0___416 0.255820900202 483.9 279.7 483.9 294.7 466.2 294.7 466.2 279.7
v-12__0.5__0___416 0.254592448473 487.4 309.9 487.4 326.6 466.9 326.6 466.9 309.9
v-12__0.5__0___416 0.252462714911 480.8 355.6 480.8 368.8 466.9 368.8 466.9 355.6
v-12__0.5__0___416 0.218017384410 513.9 266.6 513.9 283.4 495.8 283.4 495.8 266.6
v-12__0.5__0___416 0.216705352068 512.8 283.1 512.8 298.8 492.9 298.8 492.9 283.1
v-12__0.5__0___416 0.210343584418 495.0 237.6 495.0 254.5 477.2 254.5 477.2 237.6
v-12__0.5__0___416 0.174579903483 566.2 249.2 566.2 267.2 548.7 267.2 548.7 249.2
v-12__0.5__0___416 0.156041219831 575.9 315.0 575.9 330.8 557.9 330.8 557.9 315.0
v-12__0.5__0___416 0.129129782319 529.3 240.8 529.3 259.8 505.8 259.8 505.8 240.8
v-12__0.5__0___416 0.126770898700 573.5 356.2 573.5 368.6 558.1 368.6 558.1 356.2
v-9__0.5__0___408 0.137964233756 434.2 440.2 442.8 458.5 423.8 467.3 415.2 448.9
v-9__0.5__0___416 0.177722617984 434.1 431.1 444.2 450.9 423.9 460.5 413.8 440.6
v-12__0.5__408___408 0.529513776302 134.3 276.8 134.3 295.0 116.8 295.0 116.8 276.8
v-12__0.5__408___408 0.422749668360 94.7 360.2 94.7 378.6 76.3 378.6 76.3 360.2
v-12__0.5__408___408 0.378388464451 115.7 360.5 115.7 378.8 96.4 378.8 96.4 360.5
v-12__0.5__408___408 0.352716982365 75.2 346.5 75.2 362.9 58.7 362.9 58.7 346.5
v-12__0.5__408___408 0.348821878433 123.2 306.0 123.2 322.8 106.0 322.8 106.0 306.0
v-12__0.5__408___408 0.348023563623 130.5 359.7 130.5 378.1 112.7 378.1 112.7 359.7
v-12__0.5__408___408 0.340170979500 134.2 292.8 134.2 311.0 115.8 311.0 115.8 292.8
v-12__0.5__408___408 0.336695879698 121.7 269.5 121.7 287.0 104.4 287.0 104.4 269.5
v-12__0.5__408___408 0.312180608511 129.5 321.2 129.5 337.3 112.6 337.3 112.6 321.2
v-12__0.5__408___408 0.306398302317 124.2 335.5 124.2 354.8 104.6 354.8 104.6 335.5
v-12__0.5__408___408 0.302392333746 75.9 303.5 75.9 318.7 58.6 318.7 58.6 303.5
v-12__0.5__408___408 0.292677402496 189.5 265.6 189.5 281.7 172.8 281.7 172.8 265.6
v-12__0.5__408___408 0.280770838261 74.2 255.1 74.2 270.8 58.6 270.8 58.6 255.1
v-12__0.5__408___408 0.257116317749 163.6 289.4 163.6 307.3 145.0 307.3 145.0 289.4
v-12__0.5__408___408 0.255299478769 108.5 333.6 108.5 351.4 89.4 351.4 89.4 333.6
v-12__0.5__408___408 0.252463996410 73.1 363.4 73.1 377.1 58.6 377.1 58.6 363.4
v-12__0.5__408___408 0.245485126972 75.6 274.0 75.6 289.5 58.1 289.5 58.1 274.0
v-12__0.5__408___408 0.238242775202 173.4 251.5 173.4 267.1 157.1 267.1 157.1 251.5
v-12__0.5__408___408 0.224633172154 79.8 317.8 79.8 334.6 58.5 334.6 58.5 317.8
v-12__0.5__408___408 0.220950841904 76.1 287.5 76.1 302.8 58.0 302.8 58.0 287.5
v-12__0.5__408___408 0.214705005288 106.5 318.1 106.5 336.1 87.2 336.1 87.2 318.1
v-12__0.5__408___408 0.194719478488 105.9 274.7 105.9 291.3 87.9 291.3 87.9 274.7
v-12__0.5__408___408 0.169399648905 105.1 290.8 105.1 307.2 84.5 307.2 84.5 290.8
v-12__0.5__408___408 0.166653066874 173.8 310.4 173.8 325.2 156.9 325.2 156.9 310.4
v-12__0.5__408___408 0.163956806064 182.9 279.4 182.9 295.2 166.0 295.2 166.0 279.4
v-12__0.5__408___408 0.162161871791 138.9 344.7 138.9 362.8 121.6 362.8 121.6 344.7
v-12__0.5__408___408 0.147104337811 157.8 306.7 157.8 323.1 140.3 323.1 140.3 306.7
v-12__0.5__408___408 0.146885335445 179.3 294.9 179.3 311.2 161.7 311.2 161.7 294.9
v-12__0.5__408___408 0.124301835895 148.2 248.1 148.2 267.8 126.7 267.8 126.7 248.1
v-12__0.5__408___408 0.113648958504 190.9 249.8 190.9 266.8 171.9 266.8 171.9 249.8
v-12__0.5__408___408 0.113288313150 85.7 246.4 85.7 261.6 70.3 261.6 70.3 246.4
v-12__0.5__408___408 0.111313536763 149.8 361.3 149.8 378.2 133.0 378.2 133.0 361.3
v-9__0.5__408___0 0.119513176382 505.1 416.0 505.1 428.1 492.9 428.1 492.9 416.0
v-14__0.5__408___0 0.210232198238 519.1 16.0 519.1 50.1 483.7 50.1 483.7 16.0
v-12__0.5__408___416 0.540095388889 134.2 268.2 134.2 287.1 116.7 287.1 116.7 268.2
v-12__0.5__408___416 0.494826406240 123.0 298.2 123.0 314.7 106.5 314.7 106.5 298.2
v-12__0.5__408___416 0.477971822023 94.5 352.1 94.5 370.5 76.4 370.5 76.4 352.1
v-12__0.5__408___416 0.466041654348 129.0 313.6 129.0 328.9 113.1 328.9 113.1 313.6
v-12__0.5__408___416 0.461615651846 130.6 351.8 130.6 370.1 112.6 370.1 112.6 351.8
v-12__0.5__408___416 0.458839684725 138.6 337.0 138.6 354.5 122.0 354.5 122.0 337.0
v-12__0.5__408___416 0.457927644253 189.7 257.5 189.7 274.1 172.6 274.1 172.6 257.5
v-12__0.5__408___416 0.451789468527 134.0 285.1 134.0 302.9 116.0 302.9 116.0 285.1
v-12__0.5__408___416 0.449308902025 115.3 353.0 115.3 370.6 97.1 370.6 97.1 353.0
v-12__0.5__408___416 0.443389207125 123.9 328.0 123.9 346.5 105.1 346.5 105.1 328.0
v-12__0.5__408___416 0.440173566341 78.6 337.5 78.6 355.5 59.4 355.5 59.4 337.5
v-12__0.5__408___416 0.424887150526 150.0 353.2 150.0 370.6 133.0 370.6 133.0 353.2
v-12__0.5__408___416 0.419043928385 74.6 246.9 74.6 263.3 58.3 263.3 58.3 246.9
v-12__0.5__408___416 0.401499599218 163.7 281.2 163.7 299.5 144.9 299.5 144.9 281.2
v-12__0.5__408___416 0.399148553610 174.0 242.7 174.0 259.5 156.7 259.5 156.7 242.7
v-12__0.5__408___416 0.376861214638 75.5 266.3 75.5 281.6 58.2 281.6 58.2 266.3
v-12__0.5__408___416 0.368482202291 173.6 302.2 173.6 317.4 157.1 317.4 157.1 302.2
v-12__0.5__408___416 0.359699368477 76.0 295.5 76.0 310.8 58.6 310.8 58.6 295.5
v-12__0.5__408___416 0.352100044489 105.8 297.5 105.8 314.2 87.8 314.2 87.8 297.5
v-12__0.5__408___416 0.348238140345 191.5 241.0 191.5 259.4 171.7 259.4 171.7 241.0
v-12__0.5__408___416 0.344858974218 179.3 286.8 179.3 303.3 161.8 303.3 161.8 286.8
v-12__0.5__408___416 0.340129911900 108.3 326.1 108.3 343.3 89.9 343.3 89.9 326.1
v-12__0.5__408___416 0.327693402767 75.9 279.4 75.9 294.9 58.1 294.9 58.1 279.4
v-12__0.5__408___416 0.326341480017 157.9 298.4 157.9 315.3 140.1 315.3 140.1 298.4
v-12__0.5__408___416 0.315874874592 166.5 338.8 166.5 354.8 148.3 354.8 148.3 338.8
v-12__0.5__408___416 0.309327155352 73.1 355.3 73.1 369.2 58.5 369.2 58.5 355.3
v-12__0.5__408___416 0.303759396076 80.0 309.1 80.0 326.9 58.0 326.9 58.0 309.1
v-12__0.5__408___416 0.300056576729 86.7 237.7 86.7 254.4 69.5 254.4 69.5 237.7
v-12__0.5__408___416 0.281899303198 182.7 273.4 182.7 289.1 165.5 289.1 165.5 273.4
v-12__0.5__408___416 0.266824990511 104.9 283.2 104.9 299.0 85.0 299.0 85.0 283.2
v-12__0.5__408___416 0.265053778887 165.7 355.9 165.7 369.1 150.1 369.1 150.1 355.9
v-12__0.5__408___416 0.250131487846 105.8 266.5 105.8 283.5 87.8 283.5 87.8 266.5
v-12__0.5__408___416 0.223262265325 148.3 239.7 148.3 260.0 126.6 260.0 126.6 239.7
v-12__0.5__408___416 0.183848083019 119.4 244.4 119.4 262.4 99.5 262.4 99.5 244.4
v-12__0.5__408___416 0.153885379434 167.9 314.9 167.9 330.8 149.7 330.8 149.7 314.9
v-9__0.5__408___408 0.271892488003 35.8 440.1 35.8 468.3 7.0 468.3 7.0 440.1
v-9__0.5__408___408 0.160683020949 505.3 7.3 505.3 21.5 492.5 21.5 492.5 7.3
v-9__0.5__408___408 0.134788662195 550.5 502.0 554.3 512.2 540.7 517.5 536.9 507.3
v-9__0.5__408___408 0.106661118567 578.5 294.0 578.5 316.9 554.5 316.9 554.5 294.0
v-9__0.5__408___408 0.106423504651 485.4 515.1 485.4 538.8 460.6 538.8 460.6 515.1
v-9__0.5__408___416 0.284334808588 36.5 431.5 36.5 461.1 6.4 461.1 6.4 431.5
v-9__0.5__408___416 0.116105966270 552.2 493.6 555.9 503.7 539.6 509.6 536.0 499.4
v-9__0.5__416___0 0.212679177523 497.3 415.9 497.3 428.4 484.6 428.4 484.6 415.9
v-12__0.5__416___408 0.494644582272 125.9 277.2 125.9 294.6 109.1 294.6 109.1 277.2
v-12__0.5__416___408 0.394550770521 86.5 360.8 86.5 378.3 68.7 378.3 68.7 360.8
v-12__0.5__416___408 0.375496834517 115.1 306.1 115.1 322.8 98.1 322.8 98.1 306.1
v-12__0.5__416___408 0.362761586905 67.0 346.8 67.0 362.8 50.9 362.8 50.9 346.8
v-12__0.5__416___408 0.360339254141 113.1 270.1 113.1 286.5 97.0 286.5 97.0 270.1
v-12__0.5__416___408 0.346484690905 126.0 293.1 126.0 310.8 107.9 310.8 107.9 293.1
v-12__0.5__416___408 0.339622795582 66.0 255.3 66.0 270.7 50.8 270.7 50.8 255.3
v-12__0.5__416___408 0.333027601242 122.7 359.7 122.7 378.1 104.5 378.1 104.5 359.7
v-12__0.5__416___408 0.325590848923 67.5 303.8 67.5 318.2 50.9 318.2 50.9 303.8
v-12__0.5__416___408 0.311695635319 116.2 335.6 116.2 354.7 96.6 354.7 96.6 335.6
v-12__0.5__416___408 0.310901194811 121.3 321.4 121.3 337.1 104.7 337.1 104.7 321.4
v-12__0.5__416___408 0.310562103987 65.3 363.2 65.3 377.3 50.5 377.3 50.5 363.2
v-12__0.5__416___408 0.297756969929 67.1 274.6 67.1 289.0 50.4 289.0 50.4 274.6
v-12__0.5__416___408 0.286276131868 100.4 333.7 100.4 351.4 81.5 351.4 81.5 333.7
v-12__0.5__416___408 0.285873323679 107.2 361.1 107.2 378.4 88.9 378.4 88.9 361.1
v-12__0.5__416___408 0.277339726686 181.8 265.4 181.8 282.2 164.6 282.2 164.6 265.4
v-12__0.5__416___408 0.260608047247 155.9 289.0 155.9 307.6 136.8 307.6 136.8 289.0
v-12__0.5__416___408 0.257994115353 98.4 318.1 98.4 336.0 79.3 336.0 79.3 318.1
v-12__0.5__416___408 0.233855679631 67.6 288.0 67.6 302.2 50.5 302.2 50.5 288.0
v-12__0.5__416___408 0.231905087829 165.7 251.2 165.7 267.5 148.8 267.5 148.8 251.2
v-12__0.5__416___408 0.229803070426 71.2 318.2 71.2 334.4 51.0 334.4 51.0 318.2
v-12__0.5__416___408 0.214298054576 97.6 275.0 97.6 290.8 80.3 290.8 80.3 275.0
v-12__0.5__416___408 0.206359013915 96.3 291.3 96.3 306.5 77.3 306.5 77.3 291.3
v-12__0.5__416___408 0.184560075402 130.8 344.7 130.8 362.7 113.6 362.7 113.6 344.7
v-12__0.5__416___408 0.180869594216 165.9 310.0 165.9 325.6 148.8 325.6 148.8 310.0
v-12__0.5__416___408 0.164443746209 132.0 248.4 139.4 259.6 126.6 267.2 119.2 256.0
v-12__0.5__416___408 0.163730323315 142.2 361.2 142.2 378.5 124.7 378.5 124.7 361.2
v-12__0.5__416___408 0.160333752632 77.9 246.1 77.9 261.8 62.3 261.8 62.3 246.1
v-12__0.5__416___408 0.157820224762 150.1 306.6 150.1 323.3 131.9 323.3 131.9 306.6
v-12__0.5__416___408 0.156353875995 169.0 280.8 175.3 291.2 163.2 297.4 156.9 287.0
v-12__0.5__416___408 0.151047572494 171.8 293.9 171.8 311.6 153.2 311.6 153.2 293.9
v-12__0.5__416___408 0.141569972038 183.4 249.3 183.4 267.0 163.8 267.0 163.8 249.3
v-12__0.5__416___408 0.122314639390 150.2 257.3 150.2 275.1 132.7 275.1 132.7 257.3
v-12__0.5__416___408 0.115216962993 109.9 253.6 109.9 269.2 92.5 269.2 92.5 253.6
v-14__0.5__416___0 0.214938566089 511.0 16.2 511.0 49.7 475.8 49.7 475.8 16.2
v-12__0.5__416___416 0.486919492483 126.3 268.3 126.3 287.1 108.7 287.1 108.7 268.3
v-12__0.5__416___416 0.425984174013 86.1 352.9 86.1 369.9 69.0 369.9 69.0 352.9
v-12__0.5__416___416 0.415273278952 115.2 298.0 115.2 314.9 98.2 314.9 98.2 298.0
v-12__0.5__416___416 0.399045109749 126.1 285.0 126.1 303.0 107.8 303.0 107.8 285.0
v-12__0.5__416___416 0.384180665016 66.5 246.8 66.5 263.2 50.4 263.2 50.4 246.8
v-12__0.5__416___416 0.378235191107 166.1 242.6 166.1 259.8 148.5 259.8 148.5 242.6
v-12__0.5__416___416 0.367286711931 122.6 351.9 122.6 370.1 104.7 370.1 104.7 351.9
v-12__0.5__416___416 0.365967363119 121.2 313.5 121.2 328.9 104.9 328.9 104.9 313.5
v-12__0.5__416___416 0.361505746841 67.1 338.8 67.1 354.7 50.8 354.7 50.8 338.8
v-12__0.5__416___416 0.354956150055 155.8 280.9 155.8 299.6 136.9 299.6 136.9 280.9
v-12__0.5__416___416 0.354794144630 107.1 353.1 107.1 370.4 89.1 370.4 89.1 353.1
v-12__0.5__416___416 0.348104149103 181.4 257.9 181.4 273.9 164.9 273.9 164.9 257.9
v-12__0.5__416___416 0.334166944027 116.0 327.9 116.0 346.5 96.9 346.5 96.9 327.9
v-12__0.5__416___416 0.322538495064 67.7 295.7 67.7 310.4 50.8 310.4 50.8 295.7
v-12__0.5__416___416 0.303777724504 130.5 337.1 130.5 354.5 114.0 354.5 114.0 337.1
v-12__0.5__416___416 0.303664356470 100.0 326.1 100.0 343.1 81.8 343.1 81.8 326.1
v-12__0.5__416___416 0.300203233957 67.3 266.4 67.3 281.3 50.3 281.3 50.3 266.4
v-12__0.5__416___416 0.294755578041 64.9 355.5 64.9 368.9 50.9 368.9 50.9 355.5
v-12__0.5__416___416 0.288067162037 98.4 310.2 98.4 327.9 79.5 327.9 79.5 310.2
v-12__0.5__416___416 0.275613009930 183.2 241.3 183.2 258.8 164.1 258.8 164.1 241.3
v-12__0.5__416___416 0.263157159090 71.3 309.9 71.3 326.6 50.9 326.6 50.9 309.9
v-12__0.5__416___416 0.262765526772 165.7 302.3 165.7 317.3 149.1 317.3 149.1 302.3
v-12__0.5__416___416 0.255113303661 67.8 279.8 67.8 294.5 50.3 294.5 50.3 279.8
v-12__0.5__416___416 0.254239886999 134.5 321.0 134.5 339.3 115.8 339.3 115.8 321.0
v-12__0.5__416___416 0.235165491700 96.8 283.1 96.8 298.8 76.9 298.8 76.9 283.1
v-12__0.5__416___416 0.231239020824 150.0 298.5 150.0 315.4 131.9 315.4 131.9 298.5
v-12__0.5__416___416 0.230213835835 97.9 266.6 97.9 283.4 79.9 283.4 79.9 266.6
v-12__0.5__416___416 0.226433783770 78.9 237.7 78.9 254.5 61.3 254.5 61.3 237.7
v-12__0.5__416___416 0.222067296505 141.8 353.5 141.8 370.4 125.0 370.4 125.0 353.5
v-12__0.5__416___416 0.212280914187 171.5 286.1 171.5 303.3 153.4 303.3 153.4 286.1
v-12__0.5__416___416 0.206527695060 132.3 238.9 140.7 251.7 126.7 260.4 118.3 247.6
v-12__0.5__416___416 0.195915535092 174.8 273.3 174.8 289.2 157.2 289.2 157.2 273.3
v-12__0.5__416___416 0.195334210992 150.6 248.8 150.6 267.6 132.3 267.6 132.3 248.8
v-12__0.5__416___416 0.167138710618 158.4 339.0 158.4 354.0 140.3 354.0 140.3 339.0
v-12__0.5__416___416 0.162579923868 113.7 240.3 113.7 260.1 89.5 260.1 89.5 240.3
v-9__0.5__416___408 0.362196207047 28.0 440.5 28.0 467.8 -1.1 467.8 -1.1 440.5
v-9__0.5__416___408 0.166465684772 542.5 502.2 545.9 512.8 532.7 517.4 529.2 506.8
v-9__0.5__416___408 0.164990738034 497.1 7.4 497.1 21.2 484.6 21.2 484.6 7.4
v-9__0.5__416___416 0.325598150492 28.0 432.3 28.0 460.2 -1.3 460.2 -1.3 432.3
v-9__0.5__416___416 0.205360695720 542.9 494.0 546.5 504.7 532.6 509.5 528.9 498.8
v-15__0.5__408___416 0.105976320803 396.4 555.8 396.4 570.0 382.8 570.0 382.8 555.8
v-10__0.5__0___816 0.232768699527 562.9 408.9 595.2 456.4 545.5 489.8 513.3 442.3
v-10__0.5__0___1224 0.194115921855 571.4 1.9 595.0 56.1 536.9 81.1 513.3 26.9
v-15__0.5__416___408 0.117107726634 396.2 552.3 396.2 565.3 383.2 565.3 383.2 552.3
v-15__0.5__416___408 0.102598071098 387.9 564.5 387.9 577.8 375.0 577.8 375.0 564.5
v-15__0.5__416___416 0.119164973497 388.1 556.1 388.1 569.8 374.9 569.8 374.9 556.1
v-19__0.5__0___2040 0.349589228630 55.1 181.5 65.6 192.6 52.6 206.3 42.1 195.2
v-19__0.5__0___2040 0.257053881884 43.6 165.2 53.8 176.3 40.0 190.5 29.8 179.4
v-19__0.5__0___2040 0.234829872847 17.4 260.0 26.1 266.9 16.9 280.4 8.2 273.4
v-19__0.5__0___2040 0.211515754461 60.1 262.7 71.9 274.1 54.7 293.1 42.9 281.7
v-19__0.5__0___2040 0.193978011608 83.6 312.2 92.1 321.7 81.3 331.6 72.8 322.1
v-19__0.5__0___2040 0.190311595798 77.0 176.5 77.0 196.6 60.7 196.6 60.7 176.5
v-19__0.5__0___2040 0.184149250388 116.2 257.1 125.6 265.0 111.2 282.7 101.8 274.9
v-19__0.5__0___2040 0.180407389998 54.1 163.5 62.9 168.8 56.3 183.0 47.6 177.8
v-19__0.5__0___2040 0.147355616093 66.8 197.4 77.6 207.0 66.4 224.0 55.6 214.4
v-19__0.5__0___2040 0.147220581770 13.5 235.9 23.0 243.3 14.0 257.5 4.5 250.1
v-19__0.5__0___2040 0.146520122886 46.4 243.5 59.2 254.6 37.9 280.2 25.1 269.1
v-19__0.5__0___2040 0.145928502083 65.6 283.2 76.4 293.2 59.9 312.3 49.2 302.2
v-19__0.5__0___2040 0.141327962279 49.5 302.1 59.2 309.4 48.3 326.4 38.6 319.1
v-19__0.5__0___2040 0.135402634740 72.9 298.2 81.4 308.1 68.3 320.5 59.8 310.6
v-19__0.5__0___2040 0.135232940316 93.1 263.0 105.2 274.5 87.2 293.5 75.1 282.1
v-19__0.5__0___2040 0.124771043658 44.0 143.9 53.7 150.9 46.0 164.8 36.3 157.7
v-19__0.5__0___2040 0.122443996370 91.9 226.2 101.3 232.1 89.5 250.6 80.1 244.8
v-19__0.5__0___2040 0.117286100984 38.9 213.1 38.9 240.0 20.5 240.0 20.5 213.1
v-19__0.5__0___2040 0.103970170021 78.2 192.4 86.3 197.6 79.7 212.1 71.6 207.0
v-10__0.5__1224___0 0.136854454875 260.7 581.3 260.7 596.0 246.1 596.0 246.1 581.3
v-10__0.5__1224___1224 0.138129860163 498.7 -5.0 504.1 12.5 486.3 18.5 480.9 0.9
v-10__0.5__1632___816 0.164974451065 87.3 403.7 93.3 419.6 79.4 425.2 73.4 409.3
v-10__0.5__1632___816 0.143819540739 84.3 507.7 84.3 527.5 65.4 527.5 65.4 507.7
v-10__0.5__1632___1224 0.164023190737 348.4 255.9 361.1 272.1 343.8 284.5 331.1 268.3
v-10__0.5__1632___1224 0.141083672643 90.9 -1.3 92.7 15.4 75.0 18.1 73.2 1.4
v-10__0.5__1632___1224 0.121268615127 77.1 98.4 85.7 111.5 72.6 120.8 64.0 107.7
v-10__0.5__1632___1224 0.117227807641 314.7 289.2 322.8 298.8 312.6 307.4 304.5 297.9
v-19__0.5__2040___0 0.207267642021 379.1 294.5 388.5 305.2 377.7 315.4 368.3 304.7
v-19__0.5__2448___1224 0.136307656765 84.0 594.7 84.0 608.5 63.7 608.5 63.7 594.7
v-19__0.5__2856___1224 0.107563972473 134.8 589.8 152.0 602.3 139.8 614.1 122.6 601.6
v-19__0.5__3264___1632 0.140962138772 290.3 581.6 299.7 590.7 292.1 598.9 282.7 589.8
v-19__0.5__3488___1632 0.120164267719 75.0 582.3 75.0 598.1 59.5 598.1 59.5 582.3
v-1__1__1440___1440 0.139603152871 390.4 489.4 390.4 506.1 374.1 506.1 374.1 489.4
v-2__1__1440___408 0.266347736120 548.8 240.9 548.8 259.9 529.4 259.9 529.4 240.9
v-3__1__1224___1224 0.114872269332 596.3 212.7 596.3 231.8 577.8 231.8 577.8 212.7
v-4__1__816___408 0.136985018849 225.4 113.8 225.4 128.8 211.6 128.8 211.6 113.8
v-4__1__816___408 0.132586866617 206.9 122.7 206.9 138.8 191.0 138.8 191.0 122.7
v-4__1__1224___1224 0.110775128007 474.2 395.0 474.2 410.3 459.4 410.3 459.4 395.0
v-4__1__1224___1440 0.127543359995 474.3 178.9 474.3 194.3 459.2 194.3 459.2 178.9
v-7__1__816___408 0.123504914343 25.4 493.5 25.4 517.1 1.4 517.1 1.4 493.5
v-7__1__816___1440 0.175758853555 89.8 115.2 89.8 130.5 75.7 130.5 75.7 115.2
v-9__1__408___0 0.302366852760 482.9 442.1 482.9 458.9 466.1 458.9 466.1 442.1
v-9__1__408___0 0.160938218236 493.6 450.6 493.6 467.1 477.8 467.1 477.8 450.6
v-9__1__408___408 0.313672542572 483.2 33.8 483.2 51.2 465.7 51.2 465.7 33.8
v-9__1__408___408 0.181110188365 494.1 42.2 494.1 59.6 477.5 59.6 477.5 42.2
v-9__1__408___1224 0.292433917522 465.8 467.3 484.2 508.1 434.2 529.7 415.9 488.9
v-9__1__408___1440 0.332013905048 468.3 252.4 486.4 298.3 431.2 319.9 413.1 274.0
v-9__1__408___1440 0.264955818653 454.9 492.6 454.9 511.9 435.3 511.9 435.3 492.6
v-9__1__408___1440 0.220366761088 534.8 446.2 534.8 471.7 507.6 471.7 507.6 446.2
v-9__1__408___1440 0.218118980527 453.3 479.1 453.3 493.2 439.6 493.2 439.6 479.1
v-9__1__816___0 0.269075006247 75.0 442.0 75.0 458.9 58.1 458.9 58.1 442.0
v-9__1__816___0 0.177679181099 85.8 450.4 85.8 467.3 69.7 467.3 69.7 450.4
v-9__1__816___0 0.117712698877 570.3 298.7 570.3 321.3 546.9 321.3 546.9 298.7
v-9__1__816___408 0.233968287706 74.7 34.4 74.7 50.8 58.1 50.8 58.1 34.4
v-9__1__816___1224 0.333214402199 57.0 468.3 77.9 510.8 26.2 535.6 5.3 493.1
v-9__1__816___1440 0.311716616154 60.0 251.4 78.3 299.6 23.3 320.6 5.0 272.5
v-9__1__816___1440 0.222124874592 127.0 445.9 127.0 472.4 99.0 472.4 99.0 445.9
v-9__1__816___1440 0.198510423303 47.0 492.2 47.0 512.2 27.1 512.2 27.1 492.2
v-9__1__816___1440 0.153978496790 45.3 479.1 45.3 493.2 31.4 493.2 31.4 479.1
v-9__1__1224___0 0.364961206913 508.0 539.4 508.0 559.8 488.1 559.8 488.1 539.4
v-9__1__1224___0 0.341087013483 493.0 555.4 493.0 577.3 471.1 577.3 471.1 555.4
v-9__1__1224___0 0.260635674000 519.3 563.6 519.3 585.5 493.6 585.5 493.6 563.6
v-9__1__1224___0 0.143240764737 522.5 546.3 522.5 561.6 507.6 561.6 507.6 546.3
v-9__1__1224___0 0.112325020134 504.8 591.1 504.8 604.5 491.9 604.5 491.9 591.1
v-9__1__1224___0 0.109233140945 161.9 299.2 161.9 320.6 139.3 320.6 139.3 299.2
v-9__1__1224___1224 0.208211615682 228.8 221.2 228.8 240.5 209.5 240.5 209.5 221.2
v-9__1__1224___1224 0.190655991435 257.1 268.2 257.1 288.2 236.8 288.2 236.8 268.2
v-9__1__1224___1440 0.181992173195 256.9 52.1 256.9 72.2 237.0 72.2 237.0 52.1
v-9__1__1224___1440 0.163580939174 231.0 5.7 231.0 24.2 211.3 24.2 211.3 5.7
v-9__1__1224___1440 0.113788269460 343.6 548.2 343.6 559.9 300.0 559.9 300.0 548.2
v-9__1__1440___1224 0.245971590281 14.3 220.6 14.3 240.4 -2.2 240.4 -2.2 220.6
v-9__1__1440___1224 0.124324180186 40.8 268.7 40.8 287.4 21.1 287.4 21.1 268.7
v-10__1__0___2856 0.259354889393 235.7 269.0 235.7 287.3 217.9 287.3 217.9 269.0
v-10__1__0___2856 0.155886113644 391.0 -1.4 400.9 11.6 387.8 21.1 377.9 8.1
v-10__1__0___2856 0.132535055280 289.8 115.2 304.1 132.3 290.2 143.1 275.9 126.0
v-10__1__0___2856 0.102712288499 373.5 131.9 385.9 143.6 374.2 154.8 361.8 143.1
v-10__1__408___1224 0.192396253347 47.5 579.7 47.5 608.2 19.3 608.2 19.3 579.7
v-10__1__408___2040 0.162860423326 609.2 0.5 609.2 18.6 594.3 18.6 594.3 0.5
v-10__1__816___1224 0.164365276694 326.6 534.1 326.6 551.4 309.9 551.4 309.9 534.1
v-10__1__2448___0 0.145059108734 40.9 471.3 40.9 500.0 10.4 500.0 10.4 471.3
v-10__1__2856___2448 0.283107370138 577.5 204.3 577.5 238.2 545.5 238.2 545.5 204.3
v-10__1__2856___2448 0.242388427258 586.9 224.7 586.9 243.8 567.8 243.8 567.8 224.7
v-10__1__2856___2448 0.145570561290 591.2 243.0 591.2 257.6 573.2 257.6 573.2 243.0
v-10__1__2856___2448 0.112127736211 596.8 -1.1 596.8 36.2 558.8 36.2 558.8 -1.1
v-10__1__3264___2448 0.213309422135 168.2 205.7 168.2 237.2 138.7 237.2 138.7 205.7
v-10__1__3264___2448 0.159915566444 178.3 225.0 178.3 243.6 160.1 243.6 160.1 225.0
v-10__1__3264___2448 0.155729025602 401.6 1.5 401.6 11.7 337.7 11.7 337.7 1.5
v-10__1__3264___2448 0.107143349946 182.2 -6.2 188.2 29.6 151.7 35.4 145.6 -0.4
v-10__1__4080___2040 0.237865000963 598.2 222.2 598.2 238.1 582.5 238.1 582.5 222.2
v-10__1__4080___2040 0.165342271328 604.8 233.1 610.7 243.9 600.7 250.3 594.8 239.5
v-10__1__4488___2040 0.214773923159 204.5 234.1 204.5 249.8 189.3 249.8 189.3 234.1
v-10__1__4488___2040 0.187902837992 190.7 221.8 190.7 238.4 174.1 238.4 174.1 221.8
v-10__1__4896___816 0.106033980846 512.3 460.9 523.5 470.7 514.7 480.4 503.5 470.6
v-10__1__4896___1224 0.220013365149 241.5 397.1 250.4 406.6 240.6 415.0 231.8 405.5
v-11__1__0___408 0.133929103613 465.2 234.4 465.2 248.0 451.6 248.0 451.6 234.4
v-11__1__408___1440 0.114356257021 129.9 527.4 129.9 542.3 106.0 542.3 106.0 527.4
v-11__1__1224___1224 0.100412048399 373.1 157.3 378.8 168.7 367.2 175.1 361.6 163.8
v-11__1__1440___0 0.103372246027 556.3 178.7 556.3 240.8 544.7 240.8 544.7 178.7
v-14__1__1224___0 0.530999362469 607.4 37.0 607.4 94.5 556.3 94.5 556.3 37.0
v-15__1__0___816 0.113161310554 371.3 -0.5 371.3 12.4 353.6 12.4 353.6 -0.5
v-15__1__408___1440 0.100732833147 311.1 538.1 311.1 554.7 294.0 554.7 294.0 538.1
v-15__1__1224___816 0.138382717967 5.2 309.1 23.1 320.1 14.6 334.6 -3.2 323.6
v-15__1__1224___1440 0.219610631466 379.3 509.7 379.3 528.3 361.1 528.3 361.1 509.7
v-15__1__1440___1440 0.241792902350 163.1 510.0 163.1 528.1 145.3 528.1 145.3 510.0
v-18__1__1440___816 0.252946853638 483.8 4.1 483.8 24.2 465.1 24.2 465.1 4.1
v-18__1__1440___1224 0.109803825617 541.7 444.0 541.7 458.0 526.2 458.0 526.2 444.0
v-19__1__0___5304 0.163110315800 108.5 159.0 119.3 166.8 111.2 181.0 100.5 173.2
v-19__1__0___5304 0.134738609195 124.4 146.9 137.6 156.2 127.5 169.8 114.2 160.4
v-19__1__0___5304 0.121013253927 25.4 252.4 35.3 261.3 27.0 269.8 17.1 260.9
v-19__1__0___6528 0.107306562364 486.6 251.9 500.4 266.0 484.5 280.9 470.6 266.8
v-19__1__408___4488 0.276935517788 97.3 393.9 106.5 403.5 97.2 412.3 88.0 402.7
v-19__1__408___4488 0.235436603427 37.1 220.9 49.6 232.3 38.7 245.7 26.2 234.4
v-19__1__408___4488 0.137941017747 99.2 354.9 107.5 363.6 99.0 371.0 90.7 362.4
v-19__1__408___4488 0.110239535570 106.6 365.6 114.7 374.9 106.6 382.2 98.4 372.9
v-19__1__408___4488 0.109090045094 109.7 318.0 126.8 332.1 111.6 350.7 94.5 336.6
v-19__1__408___4896 0.200127497315 193.6 235.8 203.7 243.0 195.6 254.8 185.5 247.6
v-19__1__408___4896 0.179234653711 136.5 410.4 147.4 420.0 139.0 427.1 128.2 417.4
v-19__1__408___4896 0.167713925242 168.8 291.9 181.0 301.9 170.3 313.9 158.0 303.9
v-19__1__1224___1632 0.103711493313 465.6 170.2 481.1 184.0 466.6 201.5 451.0 187.8
v-19__1__1224___6120 0.120710231364 382.2 175.7 389.0 183.2 381.3 190.6 374.4 183.2
v-19__1__1632___1632 0.146686866879 57.3 170.2 73.2 183.7 58.8 201.5 42.9 188.0
v-19__1__1632___1632 0.100029438734 69.3 142.0 69.3 157.1 54.2 157.1 54.2 142.0
v-19__1__2040___3672 0.497364789248 429.7 307.5 437.2 315.8 429.3 322.8 421.8 314.5
v-19__1__2040___3672 0.230185627937 444.2 282.4 450.7 291.7 441.5 298.3 435.1 288.9
v-19__1__2040___3672 0.211074814200 453.7 292.0 463.8 303.4 453.5 312.2 443.4 300.8
v-19__1__2040___3672 0.202349513769 414.6 310.4 422.6 319.3 412.5 327.5 404.4 318.6
v-19__1__2040___3672 0.180083528161 434.1 292.6 442.3 302.1 433.6 309.5 425.3 299.9
v-19__1__2040___3672 0.171594828367 421.9 321.5 428.8 329.7 420.1 337.1 413.3 328.9
v-19__1__2040___3672 0.152089864016 198.1 488.5 209.6 496.7 197.7 508.5 186.2 500.2
v-19__1__2040___3672 0.135734200478 193.6 477.0 203.9 486.2 194.1 496.0 183.8 486.8
v-19__1__2040___3672 0.115146368742 158.8 496.9 167.9 507.8 158.3 515.6 149.2 504.7
v-19__1__2448___3672 0.443881750107 28.6 308.0 28.6 322.0 14.8 322.0 14.8 308.0
v-19__1__2448___3672 0.145619139075 46.0 292.1 55.7 303.8 45.3 312.0 35.7 300.3
v-19__1__2448___3672 0.135942310095 42.9 282.1 42.9 298.2 26.9 298.2 26.9 282.1
v-19__1__2448___3672 0.109192363918 33.9 292.8 33.9 309.5 17.5 309.5 17.5 292.8
v-19__1__2448___3672 0.106356188655 14.8 322.3 20.1 330.6 11.5 336.2 6.3 327.9
v-19__1__4080___408 0.142709761858 273.1 404.0 282.3 422.6 269.7 429.9 260.5 411.3
v-19__1__5712___2448 0.112276867032 231.7 15.6 231.7 29.8 219.0 29.8 219.0 15.6
v-19__1__6936___6528 0.168191298842 518.3 537.6 518.3 553.3 502.9 553.3 502.9 537.6
v-19__1__6936___6936 0.188205987215 518.6 129.5 518.6 145.5 502.9 145.5 502.9 129.5
v-19__1__7344___4080 0.164363473654 93.5 522.8 101.4 530.9 93.7 537.8 85.7 529.7
v-19__1__7344___6528 0.110069915652 110.2 537.7 110.2 553.2 95.0 553.2 95.0 537.7
v-19__1__7344___6936 0.142594590783 110.5 129.5 110.5 145.5 94.8 145.5 94.8 129.5
v-19__1__7344___6936 0.107379771769 125.8 168.8 135.6 176.6 127.6 187.0 117.8 179.2
v-20__1__0___0 0.149708345532 349.5 284.8 349.5 312.6 318.6 312.6 318.6 284.8
