v-2__0.5__408___0 0.112825542688 415.1 221.1 419.9 222.2 414.4 239.6 409.5 238.5
v-2__0.5__408___408 0.116731815040 216.4 434.4 221.9 436.0 217.2 449.7 211.7 448.1
v-7__0.5__0___416 0.151924520731 101.1 431.7 101.1 443.2 79.7 443.2 79.7 431.7
v-2__0.5__416___0 0.105461061001 372.6 331.2 379.0 333.5 374.5 345.0 368.1 342.7
v-2__0.5__416___408 0.104123465717 208.4 434.2 214.1 435.9 209.4 449.7 203.7 448.0
v-8__0.5__0___0 0.236034452915 369.0 80.1 381.0 88.4 376.7 93.2 364.6 84.8
v-8__0.5__0___0 0.210934609175 271.4 12.4 281.3 22.7 277.4 26.6 267.5 16.3
v-13__0.5__408___0 0.105668596923 415.6 209.5 426.5 220.9 421.8 225.1 410.9 213.7
v-13__0.5__416___0 0.114617787302 407.8 209.5 418.4 221.2 413.6 225.3 403.1 213.6
v-15__0.5__408___0 0.136661663651 559.0 232.5 559.0 243.2 540.0 243.2 540.0 232.5
v-17__0.5__0___408 0.197531715035 23.1 270.1 28.3 273.1 21.1 287.3 16.0 284.3
v-17__0.5__0___416 0.165769860148 23.2 262.0 28.4 265.1 21.1 279.4 15.9 276.3
v-16__0.5__416___408 0.159738749266 604.0 200.6 604.0 218.8 594.1 218.8 594.1 200.6
v-16__0.5__416___408 0.104785516858 550.9 303.0 550.9 318.3 541.4 318.3 541.4 303.0
v-16__0.5__416___416 0.144643694162 604.2 192.2 604.2 210.9 593.9 210.9 593.9 192.2
v-16__0.5__416___416 0.123465985060 551.0 294.9 551.0 310.3 541.3 310.3 541.3 294.9
v-19__0.5__0___2040 0.254863709211 192.4 18.2 202.3 31.5 197.1 35.1 187.1 21.8
v-19__0.5__0___2040 0.195238724351 184.4 25.9 194.6 39.2 189.4 42.5 179.3 29.3
v-19__0.5__0___2040 0.131447106600 118.2 108.6 121.2 113.8 109.5 121.8 106.5 116.6
v-19__0.5__0___2040 0.102824434638 482.0 26.4 487.7 32.6 475.0 44.0 469.3 37.8
v-19__0.5__408___408 0.444846570492 94.9 442.9 98.9 448.3 86.0 458.8 81.9 453.4
v-19__0.5__408___408 0.359079450369 86.5 465.1 86.5 476.0 70.3 476.0 70.3 465.1
v-19__0.5__408___408 0.358680725098 92.0 472.2 94.4 479.1 79.0 484.0 76.6 477.1
v-19__0.5__408___408 0.352429807186 98.3 454.0 101.4 459.0 89.2 468.1 86.2 463.1
v-19__0.5__408___408 0.336147695780 90.2 435.6 93.6 440.4 80.9 450.0 77.5 445.2
v-19__0.5__408___408 0.329120188951 104.1 431.8 109.3 437.7 101.2 445.5 96.0 439.5
v-19__0.5__408___408 0.320104241371 116.9 438.3 120.7 442.1 110.6 452.2 106.8 448.4
v-19__0.5__408___408 0.311996251345 72.9 488.4 72.9 499.0 58.6 499.0 58.6 488.4
v-19__0.5__408___408 0.306396543980 120.7 466.7 128.3 476.4 122.3 481.3 114.7 471.7
v-19__0.5__408___408 0.302549630404 82.9 431.5 86.2 437.7 73.1 445.4 69.8 439.2
v-19__0.5__408___408 0.300210297108 109.5 458.6 113.3 464.8 102.2 472.4 98.4 466.2
v-19__0.5__408___408 0.296727448702 71.5 475.4 71.5 487.8 59.3 487.8 59.3 475.4
v-19__0.5__408___408 0.295505344868 119.1 477.4 119.1 494.1 107.7 494.1 107.7 477.4
v-19__0.5__408___408 0.288576811552 63.4 450.3 63.4 464.6 52.7 464.6 52.7 450.3
v-19__0.5__408___408 0.284459531307 68.0 464.6 68.0 474.9 55.6 474.9 55.6 464.6
v-19__0.5__408___408 0.279006034136 78.5 447.1 78.5 460.2 67.8 460.2 67.8 447.1
v-19__0.5__408___408 0.277065038681 54.5 367.5 59.9 379.4 54.9 381.5 49.5 369.6
v-19__0.5__408___408 0.275389611721 62.7 350.2 65.9 355.6 53.1 363.9 49.9 358.5
v-19__0.5__408___408 0.273901075125 55.7 477.3 55.7 485.8 43.4 485.8 43.4 477.3
v-19__0.5__408___408 0.266716599464 101.5 498.0 101.5 505.7 86.6 505.7 86.6 498.0
v-19__0.5__408___408 0.247793540359 47.0 366.4 51.7 380.7 45.6 381.8 40.8 367.4
v-19__0.5__408___408 0.241196170449 71.3 362.5 76.5 371.1 67.8 376.6 62.7 368.1
v-19__0.5__408___408 0.236153885722 97.0 423.6 100.8 428.9 91.1 436.2 87.3 430.9
v-19__0.5__408___408 0.227200105786 97.6 484.8 97.6 495.8 83.1 495.8 83.1 484.8
v-19__0.5__408___408 0.226365640759 103.3 476.4 103.3 488.7 91.9 488.7 91.9 476.4
v-19__0.5__408___408 0.225323304534 52.4 465.1 52.4 474.6 38.7 474.6 38.7 465.1
v-19__0.5__408___408 0.224640205503 162.4 473.4 162.4 490.6 153.0 490.6 153.0 473.4
v-19__0.5__408___408 0.222261369228 37.0 363.2 44.4 380.9 37.2 383.3 29.8 365.6
v-19__0.5__408___408 0.217702373862 62.5 386.9 62.5 400.5 52.9 400.5 52.9 386.9
v-19__0.5__408___408 0.205139890313 85.9 374.6 91.7 382.5 84.9 388.2 79.2 380.3
v-19__0.5__408___408 0.202092766762 156.6 506.6 156.6 515.2 136.0 515.2 136.0 506.6
v-19__0.5__408___408 0.201812312007 85.5 419.8 89.3 426.2 78.2 431.9 74.4 425.5
v-19__0.5__408___408 0.197248786688 78.4 412.1 83.6 418.1 77.2 424.3 72.0 418.3
v-19__0.5__408___408 0.192162364721 40.8 465.1 40.8 474.5 26.2 474.5 26.2 465.1
v-19__0.5__408___408 0.192006736994 152.1 493.0 152.1 502.1 132.6 502.1 132.6 493.0
v-19__0.5__408___408 0.191126555204 73.5 497.4 73.5 507.3 58.4 507.3 58.4 497.4
v-19__0.5__408___408 0.186307743192 136.4 466.7 139.9 472.0 130.8 480.5 127.3 475.2
v-19__0.5__408___408 0.184419617057 49.0 440.4 49.0 452.5 35.4 452.5 35.4 440.4
v-19__0.5__408___408 0.184111595154 90.8 356.3 93.8 361.0 81.8 369.7 78.9 364.9
v-19__0.5__408___408 0.184023335576 67.0 427.6 69.9 434.0 58.0 441.0 55.1 434.7
v-19__0.5__408___408 0.184003412724 96.7 371.7 100.7 376.1 92.3 385.1 88.2 380.7
v-19__0.5__408___408 0.183546423912 75.6 378.8 83.9 389.0 79.3 392.2 71.1 382.0
v-19__0.5__408___408 0.183173552155 125.9 447.4 130.5 452.0 120.1 461.6 115.5 457.0
v-19__0.5__408___408 0.183106765151 136.8 479.8 140.1 485.8 130.3 492.2 126.9 486.3
v-19__0.5__408___408 0.176411271095 86.4 402.2 91.7 404.4 86.3 418.0 81.1 415.9
v-19__0.5__408___408 0.169795215130 122.7 498.6 122.7 506.3 106.4 506.3 106.4 498.6
v-19__0.5__408___408 0.167435586452 77.5 394.4 82.4 395.8 77.6 409.1 72.7 407.7
v-19__0.5__408___408 0.162490844727 111.5 423.4 121.4 432.8 116.8 437.3 107.0 427.9
v-19__0.5__408___408 0.161403387785 101.5 405.8 107.4 414.6 101.2 421.5 95.3 412.7
v-19__0.5__408___408 0.159175187349 44.2 451.2 48.2 458.8 39.6 463.8 35.5 456.2
v-19__0.5__408___408 0.153780534863 23.3 364.4 29.4 377.4 20.1 381.6 13.9 368.6
v-19__0.5__408___408 0.150657311082 155.5 519.8 155.5 530.3 137.5 530.3 137.5 519.8
v-19__0.5__408___408 0.147950813174 57.1 486.1 57.1 493.7 43.3 493.7 43.3 486.1
v-19__0.5__408___408 0.142272680998 76.0 411.1 76.0 424.5 63.6 424.5 63.6 411.1
v-19__0.5__408___408 0.141613259912 102.1 508.1 102.1 519.7 84.2 519.7 84.2 508.1
v-19__0.5__408___408 0.139507859945 135.6 447.2 140.8 454.6 132.9 461.2 127.7 453.8
v-19__0.5__408___408 0.131535992026 88.4 496.4 88.4 507.9 75.7 507.9 75.7 496.4
v-19__0.5__408___408 0.131062403321 145.3 408.2 149.0 411.5 139.7 421.7 136.0 418.4
v-19__0.5__408___408 0.128347545862 39.4 476.9 39.4 486.6 27.3 486.6 27.3 476.9
v-19__0.5__408___408 0.124750278890 58.3 431.9 58.3 443.2 48.4 443.2 48.4 431.9
v-19__0.5__408___408 0.117864198983 153.5 415.6 156.8 420.5 146.5 428.6 143.2 423.8
v-19__0.5__408___408 0.114167526364 67.9 389.9 71.6 396.9 64.5 406.7 60.9 399.7
v-19__0.5__408___408 0.114092364907 137.6 427.0 143.4 436.6 137.7 440.0 132.0 430.4
v-19__0.5__408___408 0.112310163677 151.3 439.4 157.0 450.8 150.6 453.8 144.9 442.4
v-19__0.5__408___408 0.108197815716 88.4 347.4 90.2 351.5 76.0 360.6 74.2 356.5
v-19__0.5__408___408 0.104436710477 100.9 355.1 105.3 359.0 95.9 369.0 91.5 365.1
v-19__0.5__408___408 0.103335089982 112.5 359.9 117.0 363.7 108.7 373.7 104.1 369.9
v-19__0.5__408___816 0.498137474060 95.0 34.9 99.0 40.1 86.0 50.9 81.9 45.7
v-19__0.5__408___816 0.455266326666 92.1 64.1 94.4 70.8 79.1 76.0 76.8 69.4
v-19__0.5__408___816 0.454893201590 120.8 58.9 128.1 68.4 122.1 73.6 114.8 64.1
v-19__0.5__408___816 0.445215404034 119.1 69.5 119.1 86.0 107.7 86.0 107.7 69.5
v-19__0.5__408___816 0.421161293983 97.9 45.9 101.3 50.8 89.7 60.4 86.2 55.5
v-19__0.5__408___816 0.415786892176 104.1 23.7 109.3 29.4 101.0 37.5 95.9 31.7
v-19__0.5__408___816 0.414431840181 86.7 56.9 86.7 68.1 70.3 68.1 70.3 56.9
v-19__0.5__408___816 0.412612318993 116.7 30.1 120.7 34.0 111.0 44.6 107.0 40.7
v-19__0.5__408___816 0.398550510406 136.7 58.2 140.5 63.0 131.1 72.8 127.3 68.0
v-19__0.5__408___816 0.390140056610 101.8 90.0 101.8 98.0 86.3 98.0 86.3 90.0
v-19__0.5__408___816 0.386126726866 136.0 39.1 141.0 46.3 133.3 53.4 128.2 46.2
v-19__0.5__408___816 0.382389277220 108.4 63.7 112.2 69.4 103.4 76.1 99.6 70.4
v-19__0.5__408___816 0.380120903254 152.9 7.2 156.6 12.0 145.9 20.8 142.2 15.9
v-19__0.5__408___816 0.380009710789 112.8 50.5 116.3 55.2 106.0 64.8 102.5 60.1
v-19__0.5__408___816 0.378153771162 111.8 15.6 121.6 24.2 116.8 28.8 107.0 20.1
v-19__0.5__408___816 0.377066254616 103.6 68.2 103.6 80.9 91.8 80.9 91.8 68.2
v-19__0.5__408___816 0.376665115356 73.1 80.5 73.1 91.1 58.3 91.1 58.3 80.5
v-19__0.5__408___816 0.374170571566 127.6 51.3 132.9 57.4 124.9 65.0 119.6 59.0
v-19__0.5__408___816 0.371944010258 87.4 29.6 90.9 34.6 78.3 45.4 74.8 40.4
v-19__0.5__408___816 0.368301153183 138.0 18.9 143.7 27.0 137.6 32.0 131.8 23.9
v-19__0.5__408___816 0.361331164837 129.6 38.3 133.9 42.7 122.9 52.7 118.6 48.4
v-19__0.5__408___816 0.355097651482 86.6 20.6 89.6 25.8 77.3 33.3 74.3 28.1
v-19__0.5__408___816 0.341765880585 97.7 76.5 97.7 88.0 83.1 88.0 83.1 76.5
v-19__0.5__408___816 0.337485522032 97.2 15.8 100.8 21.0 90.9 28.5 87.3 23.3
v-19__0.5__408___816 0.332594960928 141.4 67.2 145.0 72.0 135.4 80.9 131.8 76.0
v-19__0.5__408___816 0.328449785709 379.6 578.9 379.6 592.7 367.5 592.7 367.5 578.9
v-19__0.5__408___816 0.322270452976 71.7 67.6 71.7 79.7 59.0 79.7 59.0 67.6
v-19__0.5__408___816 0.321257770061 151.2 31.3 157.0 41.4 150.3 45.6 144.5 35.6
v-19__0.5__408___816 0.316815853119 133.4 11.7 137.8 16.0 128.9 25.9 124.5 21.6
v-19__0.5__408___816 0.314066857100 73.5 89.8 73.5 99.3 58.5 99.3 58.5 89.8
v-19__0.5__408___816 0.311186730862 152.8 14.8 156.3 20.1 146.9 28.2 143.5 22.9
v-19__0.5__408___816 0.310641080141 396.2 579.9 396.2 591.2 383.5 591.2 383.5 579.9
v-19__0.5__408___816 0.309689640999 132.5 75.1 135.9 80.6 127.4 87.4 124.0 81.8
v-19__0.5__408___816 0.304713964462 116.8 38.8 120.7 42.4 111.2 52.6 107.3 49.0
v-19__0.5__408___816 0.300121933222 162.4 65.2 162.4 82.6 153.0 82.6 153.0 65.2
v-19__0.5__408___816 0.292887777090 85.6 11.5 89.3 17.6 77.8 24.1 74.1 18.0
v-19__0.5__408___816 0.284935086966 143.9 -0.6 148.7 4.1 140.0 13.5 135.1 8.9
v-19__0.5__408___816 0.284448772669 102.4 100.5 102.4 111.3 84.2 111.3 84.2 100.5
v-19__0.5__408___816 0.283953398466 122.8 90.6 122.8 98.1 106.4 98.1 106.4 90.6
v-19__0.5__408___816 0.280767470598 160.2 15.1 164.6 23.5 156.5 28.1 152.1 19.7
v-19__0.5__408___816 0.273562759161 368.1 580.7 368.1 592.2 355.0 592.2 355.0 580.7
v-19__0.5__408___816 0.272772967815 78.8 39.1 78.8 52.3 67.7 52.3 67.7 39.1
v-19__0.5__408___816 0.268016010523 103.7 8.0 108.2 13.7 100.8 20.1 96.3 14.4
v-19__0.5__408___816 0.255028486252 391.6 568.8 393.7 575.6 381.3 579.0 379.2 572.3
v-19__0.5__408___816 0.240337356925 80.2 3.9 84.3 10.4 75.1 16.6 71.0 10.1
v-19__0.5__408___816 0.237203553319 366.0 572.7 366.0 583.1 350.3 583.1 350.3 572.7
v-19__0.5__408___816 0.236820459366 67.8 38.5 67.8 53.9 56.7 53.9 56.7 38.5
v-19__0.5__408___816 0.236393451691 152.0 85.1 152.0 94.1 132.6 94.1 132.6 85.1
v-19__0.5__408___816 0.236351445317 129.9 2.6 133.6 7.8 121.4 16.7 117.7 11.5
v-19__0.5__408___816 0.232957258821 162.9 0.5 166.0 6.4 154.3 12.2 151.3 6.3
v-19__0.5__408___816 0.232145935297 351.4 582.6 351.4 597.2 341.6 597.2 341.6 582.6
v-19__0.5__408___816 0.231087923050 88.5 88.3 88.5 100.0 75.4 100.0 75.4 88.3
v-19__0.5__408___816 0.221542447805 392.9 589.2 392.9 599.7 379.3 599.7 379.3 589.2
v-19__0.5__408___816 0.204077675939 166.3 30.9 171.3 43.5 164.4 46.0 159.4 33.4
v-19__0.5__408___816 0.191478371620 407.4 579.3 407.4 593.0 397.2 593.0 397.2 579.3
v-19__0.5__408___816 0.187981382012 381.1 593.0 381.1 602.3 366.7 602.3 366.7 593.0
v-19__0.5__408___816 0.185947969556 67.7 19.3 70.6 26.1 57.4 33.2 54.5 26.4
v-19__0.5__408___816 0.183490365744 70.7 2.8 76.0 7.6 68.8 17.1 63.5 12.3
v-19__0.5__408___816 0.164449259639 338.9 584.9 338.9 601.1 329.8 601.1 329.8 584.9
v-19__0.5__408___816 0.160617291927 55.9 69.1 55.9 78.3 43.9 78.3 43.9 69.1
v-19__0.5__408___816 0.160533100367 156.4 98.6 156.4 107.1 136.0 107.1 136.0 98.6
v-19__0.5__408___816 0.152861952782 356.6 560.0 356.6 572.4 343.7 572.4 343.7 560.0
v-19__0.5__408___816 0.146491616964 369.4 593.8 369.4 602.0 354.9 602.0 354.9 593.8
v-19__0.5__408___816 0.143533483148 179.3 7.4 181.9 14.0 168.9 20.3 166.4 13.7
v-19__0.5__408___816 0.134655937552 346.9 571.1 346.9 583.8 336.6 583.8 336.6 571.1
v-19__0.5__408___816 0.127711400390 57.1 78.1 57.1 86.0 43.7 86.0 43.7 78.1
v-19__0.5__408___816 0.126651674509 421.6 575.7 425.4 584.2 414.7 589.1 410.9 580.5
v-19__0.5__408___816 0.112420342863 380.5 559.1 380.5 571.2 368.9 571.2 368.9 559.1
v-19__0.5__408___816 0.104721836746 129.3 101.2 129.3 110.5 107.7 110.5 107.7 101.2
v-19__0.5__408___816 0.104702010751 327.8 585.5 327.8 601.3 318.6 601.3 318.6 585.5
v-19__0.5__408___816 0.100498594344 165.5 49.6 165.5 59.7 151.2 59.7 151.2 49.6
v-19__0.5__408___2448 0.126077279449 431.1 583.0 431.1 605.5 419.6 605.5 419.6 583.0
v-19__0.5__816___1224 0.116559885442 254.1 5.9 254.1 22.3 244.6 22.3 244.6 5.9
v-19__0.5__816___1224 0.115397803485 108.8 578.3 116.9 588.3 110.1 593.0 102.0 583.0
v-19__0.5__816___1224 0.104758970439 239.0 20.6 239.0 41.2 229.4 41.2 229.4 20.6
v-19__0.5__816___1632 0.148844212294 84.2 7.7 88.4 12.0 81.1 20.4 76.8 16.1
v-19__0.5__816___1632 0.132542669773 112.7 18.0 120.6 30.8 114.3 34.4 106.5 21.6
v-19__0.5__816___1632 0.104351557791 31.2 11.6 31.2 22.6 19.5 22.6 19.5 11.6
v-19__0.5__816___2040 0.104106143117 303.1 114.2 307.2 118.8 294.8 131.7 290.7 127.1
v-19__0.5__1224___816 0.118634738028 11.6 557.6 20.0 560.0 15.6 573.4 7.2 570.9
v-1__1__1224___1440 0.102111488581 44.3 421.3 44.3 431.1 31.4 431.1 31.4 421.3
v-2__1__816___408 0.118332952261 442.0 329.6 453.5 334.6 451.1 338.0 439.6 332.9
v-2__1__816___816 0.331138730049 477.6 510.7 484.0 513.5 477.8 527.2 471.5 524.4
v-2__1__816___816 0.286373376846 470.5 506.0 477.2 509.1 471.7 522.8 464.9 519.7
v-2__1__816___816 0.266465395689 156.4 568.7 162.1 591.9 153.9 593.5 148.3 570.3
v-2__1__816___816 0.228992417455 500.5 412.7 507.2 415.4 501.6 429.1 494.9 426.5
v-2__1__816___816 0.185821190476 465.0 591.2 465.0 606.5 453.0 606.5 453.0 591.2
v-2__1__816___816 0.121517010033 244.6 444.1 258.0 449.1 255.7 454.8 242.3 449.7
v-2__1__816___816 0.114861182868 143.2 281.8 143.2 304.8 132.3 304.8 132.3 281.8
v-2__1__816___816 0.112579844892 553.5 248.5 559.6 249.4 555.3 261.3 549.2 260.4
v-2__1__816___816 0.110735468566 119.2 424.0 119.2 435.9 108.9 435.9 108.9 424.0
v-2__1__816___816 0.105116121471 313.7 458.6 313.7 468.4 297.6 468.4 297.6 458.6
v-2__1__1224___408 0.431172132492 404.9 126.8 411.1 128.8 406.4 142.9 400.2 140.9
v-2__1__1224___408 0.365662992001 352.7 258.8 359.0 261.4 354.6 275.1 348.3 272.5
v-2__1__1224___408 0.345544755459 339.9 89.7 347.8 91.6 342.9 107.3 335.1 105.4
v-2__1__1224___408 0.344517648220 400.9 111.4 407.3 114.1 401.4 132.2 394.9 129.6
v-2__1__1224___408 0.264131486416 352.8 305.3 359.3 307.1 354.8 321.9 348.3 320.1
v-2__1__1224___408 0.217258766294 492.1 150.2 492.1 164.7 481.8 164.7 481.8 150.2
v-2__1__1224___408 0.128828898072 34.4 329.2 45.6 334.9 42.9 338.4 31.8 332.7
v-2__1__1224___408 0.112481363118 334.3 381.5 334.3 397.0 324.7 397.0 324.7 381.5
v-2__1__1224___408 0.109584413469 424.4 30.5 432.3 32.9 427.4 54.3 419.5 51.8
v-2__1__1224___408 0.107054680586 266.1 575.3 266.1 589.0 256.4 589.0 256.4 575.3
v-2__1__1224___816 0.310289204121 69.7 510.6 76.1 513.5 69.8 527.4 63.3 524.5
v-2__1__1224___816 0.209464088082 57.0 591.1 57.0 606.4 45.0 606.4 45.0 591.1
v-2__1__1224___816 0.208616957068 62.2 506.1 69.8 509.3 64.0 523.0 56.4 519.7
v-2__1__1224___816 0.183885335922 93.0 411.4 99.2 413.3 93.8 426.2 87.6 424.3
v-2__1__1224___816 0.168649524450 267.0 167.1 267.0 181.8 255.6 181.8 255.6 167.1
v-2__1__1224___816 0.105381041765 145.2 248.2 151.8 249.7 147.4 261.6 140.8 260.0
v-2__1__1440___408 0.400091737509 189.0 127.1 194.9 129.3 190.3 142.7 184.3 140.6
v-2__1__1440___408 0.347204566002 136.5 259.3 142.9 261.6 138.8 274.9 132.4 272.6
v-2__1__1440___408 0.345006793737 123.8 90.0 131.4 91.6 127.1 107.1 119.5 105.5
v-2__1__1440___408 0.321047753096 184.8 111.8 190.7 114.2 185.2 132.0 179.3 129.6
v-2__1__1440___408 0.317273497581 136.5 305.3 143.0 306.9 139.1 321.8 132.6 320.3
v-2__1__1440___408 0.239409327507 276.2 150.1 276.2 164.9 265.6 164.9 265.6 150.1
v-2__1__1440___408 0.180327698588 118.3 381.5 118.3 397.1 108.8 397.1 108.8 381.5
v-2__1__1440___408 0.113092720509 50.3 575.5 50.3 588.7 40.1 588.7 40.1 575.5
v-2__1__1440___816 0.149932742119 51.2 167.3 51.2 181.4 39.3 181.4 39.3 167.3
v-3__1__0___0 0.197308167815 247.5 200.9 247.5 212.0 230.0 212.0 230.0 200.9
v-3__1__0___0 0.168710887432 455.9 306.6 455.9 321.8 443.7 321.8 443.7 306.6
v-3__1__0___0 0.145815998316 178.4 300.4 185.7 314.0 179.4 317.7 172.2 304.1
v-3__1__0___0 0.140316024423 268.9 176.0 268.9 188.1 247.5 188.1 247.5 176.0
v-3__1__0___0 0.123584158719 250.0 275.6 250.0 287.9 233.8 287.9 233.8 275.6
v-3__1__408___0 0.176946952939 47.9 306.5 47.9 322.1 35.7 322.1 35.7 306.5
v-3__1__816___1224 0.154548406601 315.2 585.9 315.2 595.5 297.7 595.5 297.7 585.9
v-4__1__816___1224 0.137805446982 158.0 270.9 164.6 281.1 159.6 284.3 153.0 274.1
v-4__1__816___1440 0.177001684904 158.2 54.9 164.6 64.9 159.4 68.2 153.0 58.2
v-4__1__1224___1440 0.123365238309 275.5 480.7 280.6 496.9 273.9 499.5 268.8 483.3
v-5__1__0___816 0.153616651893 197.2 569.4 207.0 579.3 201.5 584.4 191.8 574.5
v-5__1__0___1224 0.207726001740 396.3 343.5 407.8 358.4 401.4 362.8 389.9 347.9
v-5__1__0___1224 0.110116265714 196.6 162.4 206.3 170.3 201.9 175.5 192.2 167.6
v-6__1__0___1440 0.318769723177 76.5 94.7 84.0 105.3 79.6 108.5 72.1 97.9
v-6__1__0___1440 0.216239497066 120.7 226.5 129.0 236.5 124.6 240.4 116.3 230.4
v-6__1__0___1440 0.119882896543 203.8 335.6 212.3 344.1 208.3 347.8 199.8 339.3
v-6__1__816___1440 0.158713862300 433.5 526.0 433.5 533.8 417.6 533.8 417.6 526.0
v-8__1__816___0 0.426678746939 243.7 513.7 253.9 527.4 248.3 531.5 238.2 517.7
v-8__1__816___0 0.220877975225 88.9 371.8 98.1 379.4 93.4 384.4 84.2 376.8
v-8__1__816___0 0.172649368644 272.4 539.1 282.4 545.8 277.0 552.5 267.0 545.8
v-8__1__816___0 0.140378832817 114.1 387.9 123.9 396.1 120.5 400.4 110.6 392.2
v-8__1__816___0 0.119524523616 302.4 573.9 313.6 582.7 308.4 589.1 297.1 580.3
v-8__1__816___408 0.391414612532 243.6 105.6 254.1 119.2 248.4 123.6 237.9 110.0
v-8__1__816___408 0.174815088511 475.3 319.7 486.0 332.9 480.3 337.9 469.6 324.7
v-8__1__816___408 0.134614884853 553.8 400.4 567.7 411.3 560.8 419.2 546.9 408.2
v-8__1__816___408 0.113222979009 272.5 131.6 282.2 137.8 276.6 144.5 267.0 138.2
v-8__1__816___408 0.105907596648 302.2 168.1 312.7 173.9 308.4 179.8 298.0 174.0
v-9__1__1224___816 0.111993223429 18.1 593.8 26.9 606.8 8.9 616.9 0.1 603.9
v-10__1__816___1224 0.127250611782 247.3 281.1 247.3 291.6 228.1 291.6 228.1 281.1
v-12__1__1224___1224 0.103784807026 385.0 7.3 386.4 15.3 370.3 19.4 368.8 11.3
v-13__1__816___0 0.183741942048 503.6 30.7 512.9 42.8 507.6 46.8 498.2 34.7
v-13__1__1224___0 0.253825008869 95.7 30.8 104.9 42.7 99.4 46.7 90.2 34.8
v-13__1__1440___408 0.177426099777 572.0 473.2 579.8 484.8 574.0 489.0 566.1 477.4
v-13__1__1440___408 0.150702327490 572.9 502.8 579.5 512.3 574.4 516.4 567.8 506.8
v-14__1__1224___0 0.215269014239 253.7 172.0 257.5 176.7 247.0 185.5 243.1 180.9
v-15__1__0___1224 0.202277943492 345.1 569.4 345.1 578.2 329.4 578.2 329.4 569.4
v-15__1__0___1440 0.234322980046 345.3 353.2 345.3 362.3 329.1 362.3 329.1 353.2
v-15__1__0___1440 0.119850218296 342.2 390.1 342.2 406.7 333.3 406.7 333.3 390.1
v-15__1__408___1440 0.112838581204 275.7 176.2 285.1 185.6 280.8 189.9 271.4 180.5
v-15__1__816___0 0.406898349524 564.9 210.1 586.5 215.7 583.1 226.1 561.5 220.6
v-15__1__816___0 0.405842542648 578.8 227.2 597.2 231.8 593.8 242.1 575.4 237.4
v-15__1__816___0 0.403204411268 561.4 218.7 561.4 232.1 538.6 232.1 538.6 218.7
v-15__1__816___0 0.290680080652 562.8 222.9 581.3 228.9 578.3 237.5 559.9 231.5
v-15__1__816___0 0.199189186096 593.3 217.4 607.0 221.9 603.1 235.2 589.4 230.7
v-15__1__816___0 0.157051190734 561.8 231.6 561.8 245.7 538.5 245.7 538.5 231.6
v-15__1__816___0 0.119735799730 500.9 290.3 500.9 313.5 488.0 313.5 488.0 290.3
v-16__1__1440___1224 0.157783433795 575.7 113.3 584.9 114.9 581.5 139.9 572.3 138.4
v-16__1__1440___1224 0.137678846717 491.7 205.4 491.7 229.0 480.4 229.0 480.4 205.4
v-16__1__1440___1224 0.116418749094 17.7 292.7 30.2 298.2 27.1 304.8 14.6 299.3
v-16__1__1440___1224 0.110403977334 335.1 307.0 350.2 317.0 346.9 322.7 331.8 312.7
v-16__1__1440___1224 0.109730169177 577.6 58.9 577.6 72.0 568.6 72.0 568.6 58.9
v-16__1__1440___1440 0.212341055274 502.6 541.2 502.6 558.6 493.0 558.6 493.0 541.2
v-16__1__1440___1440 0.206608951092 426.4 542.9 426.4 557.3 416.7 557.3 416.7 542.9
v-16__1__1440___1440 0.196356222034 416.6 502.1 423.9 504.0 420.3 525.9 413.0 524.0
v-16__1__1440___1440 0.186441317201 17.9 76.5 30.5 81.9 27.1 88.8 14.6 83.4
v-16__1__1440___1440 0.183502733707 409.0 551.5 409.0 571.1 396.8 571.1 396.8 551.5
v-16__1__1440___1440 0.181583315134 494.9 525.3 494.9 542.2 487.0 542.2 487.0 525.3
v-16__1__1440___1440 0.112863846123 334.6 91.1 350.4 101.0 347.2 106.7 331.4 96.8
v-16__1__1440___1440 0.111152522266 485.2 477.8 493.8 479.6 489.4 503.6 480.7 501.8
v-16__1__1440___1440 0.107426986098 431.2 328.0 440.6 329.9 437.2 358.1 427.8 356.2
v-16__1__1440___1440 0.100169360638 415.3 530.4 415.3 546.5 405.1 546.5 405.1 530.4
v-17__1__0___0 0.327599734068 387.6 574.6 395.4 577.2 390.9 590.5 383.0 587.9
v-17__1__0___0 0.304731905460 401.0 542.5 407.3 546.6 400.6 558.6 394.4 554.5
v-17__1__0___816 0.285377979279 175.5 237.1 181.7 240.1 176.1 252.7 169.8 249.7
v-17__1__0___816 0.267923414707 235.5 115.5 241.0 118.9 233.9 131.0 228.4 127.6
v-17__1__0___816 0.154201358557 322.0 40.3 329.5 45.4 321.1 59.4 313.6 54.3
v-17__1__0___816 0.145807325840 255.2 73.9 260.8 77.4 254.0 89.4 248.4 85.9
v-19__1__1632___816 0.101553685963 376.5 568.3 382.8 594.1 371.7 596.6 365.4 570.8
v-19__1__1632___1632 0.109313569963 347.7 589.3 347.7 607.2 336.2 607.2 336.2 589.3
v-19__1__1632___1632 0.106151461601 349.9 557.0 349.9 574.8 340.5 574.8 340.5 557.0
v-20__1__0___0 0.129797771573 30.5 438.3 42.1 444.3 38.8 451.2 27.1 445.2
v-20__1__1440___816 0.106495648623 557.2 395.7 569.1 402.5 565.3 410.1 553.3 403.3
