v-20__0.5__0___0 0.150558412075 128.3 75.6 128.3 96.6 113.9 96.6 113.9 75.6
v-20__0.5__0___0 0.145858258009 140.2 76.5 140.2 96.5 127.1 96.5 127.1 76.5
v-20__0.5__408___408 0.261153876781 245.3 326.3 247.3 347.6 237.5 349.2 235.5 327.9
v-20__0.5__408___408 0.247541666031 259.6 324.6 259.6 345.1 248.5 345.1 248.5 324.6
v-20__0.5__408___408 0.142774015665 279.2 272.3 285.0 286.9 277.1 291.6 271.3 277.0
v-20__0.5__408___408 0.102287307382 260.0 347.9 260.0 361.6 240.9 361.6 240.9 347.9
v-7__0.5__0___408 0.155670225620 591.6 264.4 591.6 297.8 572.5 297.8 572.5 264.4
v-20__0.5__408___416 0.234540835023 247.6 318.1 247.6 341.0 235.5 341.0 235.5 318.1
v-20__0.5__408___416 0.194032147527 259.9 316.4 259.9 336.9 248.2 336.9 248.2 316.4
v-20__0.5__408___416 0.104850374162 280.0 263.8 285.5 278.8 276.4 284.1 270.9 269.1
v-6__0.5__408___416 0.121469378471 416.8 244.3 416.8 264.1 395.8 264.1 395.8 244.3
v-20__0.5__416___408 0.205449253321 236.8 326.1 239.4 347.2 230.0 349.1 227.3 328.0
v-20__0.5__416___408 0.195229649544 251.8 324.7 251.8 344.8 240.4 344.8 240.4 324.7
v-20__0.5__416___408 0.112304292619 271.2 272.6 277.0 286.2 269.1 291.4 263.3 277.8
v-3__0.5__408___416 0.100165575743 110.8 461.9 110.8 485.8 68.9 485.8 68.9 461.9
v-7__0.5__408___408 0.195838168263 183.6 264.1 183.6 298.1 164.3 298.1 164.3 264.1
v-20__0.5__416___416 0.199313864112 239.5 318.1 239.5 341.4 227.5 341.4 227.5 318.1
v-20__0.5__416___416 0.189995199442 251.6 316.6 251.6 337.0 240.6 337.0 240.6 316.6
v-7__0.5__408___416 0.111492507160 183.5 253.9 183.5 288.3 164.8 288.3 164.8 253.9
v-12__0.5__0___0 0.148693695664 126.2 562.8 126.2 587.1 111.4 587.1 111.4 562.8
v-12__0.5__0___0 0.119527563453 147.7 563.5 147.7 585.1 134.7 585.1 134.7 563.5
v-7__0.5__416___408 0.221071839333 175.4 264.6 175.4 297.4 156.8 297.4 156.8 264.6
v-7__0.5__416___416 0.118078336120 540.0 525.1 540.0 551.2 526.3 551.2 526.3 525.1
v-7__0.5__416___416 0.104470200837 572.1 516.2 572.1 553.1 552.1 553.1 552.1 516.2
v-9__0.5__0___0 0.363847613335 158.0 102.8 170.6 136.4 155.5 142.3 142.9 108.7
v-9__0.5__0___0 0.328704804182 133.3 107.3 141.4 131.4 128.7 136.6 120.7 112.5
v-9__0.5__0___0 0.155779123306 151.8 125.1 160.0 147.4 148.4 151.4 140.3 129.1
v-9__0.5__0___0 0.127454504371 138.6 128.0 146.7 152.3 135.0 155.8 126.8 131.5
v-12__0.5__0___416 0.175784170628 381.6 149.9 381.6 172.7 366.2 172.7 366.2 149.9
v-12__0.5__0___416 0.175090223551 127.7 149.5 127.7 173.3 115.2 173.3 115.2 149.5
v-12__0.5__0___416 0.168708503246 147.6 146.2 147.6 170.0 134.7 170.0 134.7 146.2
v-12__0.5__0___416 0.124648757279 316.5 142.8 316.5 165.6 302.9 165.6 302.9 142.8
v-12__0.5__0___416 0.117615967989 105.1 145.2 105.1 169.7 92.4 169.7 92.4 145.2
v-12__0.5__0___416 0.113839216530 297.3 142.8 297.3 166.5 283.9 166.5 283.9 142.8
v-12__0.5__0___416 0.111943155527 312.2 245.9 312.2 261.1 291.0 261.1 291.0 245.9
v-12__0.5__0___416 0.104137964547 339.8 143.6 339.8 165.6 327.9 165.6 327.9 143.6
v-12__0.5__0___416 0.102892428637 228.8 146.5 228.8 168.9 216.0 168.9 216.0 146.5
v-11__0.5__0___408 0.117515288293 128.7 238.5 137.6 266.1 122.8 270.5 114.0 243.0
v-11__0.5__0___408 0.108371391892 145.6 235.5 153.0 261.3 139.1 264.3 131.7 238.4
v-11__0.5__0___408 0.105472728610 287.7 289.9 296.9 306.3 284.2 313.4 275.1 297.0
v-11__0.5__0___416 0.108445137739 129.0 230.0 137.2 257.9 122.3 262.3 114.1 234.4
v-11__0.5__408___408 0.358111381531 501.7 172.7 508.1 187.5 478.7 198.4 472.3 183.6
v-11__0.5__408___408 0.146211013198 501.6 157.3 506.1 170.8 469.8 181.7 465.3 168.2
v-11__0.5__408___408 0.132208034396 505.8 186.7 511.6 200.6 481.9 211.2 476.1 197.3
v-9__0.5__408___408 0.157291620970 407.4 551.0 407.4 571.2 396.2 571.2 396.2 551.0
v-11__0.5__408___416 0.342197835445 502.3 165.0 508.1 179.5 478.0 190.2 472.2 175.7
v-11__0.5__408___416 0.134297102690 506.7 177.7 512.8 192.6 481.3 203.8 475.3 188.9
v-11__0.5__408___416 0.105800390244 536.2 219.4 538.6 227.2 516.3 232.8 513.9 225.0
v-11__0.5__416___0 0.136068612337 496.2 578.8 503.2 595.0 468.3 608.4 461.3 592.3
v-11__0.5__416___408 0.373674869537 491.8 173.5 497.4 188.0 473.1 197.5 467.5 183.0
v-11__0.5__416___408 0.217119365931 495.2 157.8 498.2 169.6 476.8 173.8 473.8 162.0
v-11__0.5__416___408 0.192272707820 478.7 164.8 481.0 174.9 460.2 180.7 457.8 170.6
v-11__0.5__416___408 0.112806618214 498.0 185.6 503.9 200.8 473.7 212.0 467.8 196.8
v-9__0.5__416___408 0.117302410305 399.3 552.4 399.3 570.2 388.6 570.2 388.6 552.4
v-11__0.5__416___416 0.345171988010 492.0 165.9 497.4 179.9 472.9 189.3 467.5 175.3
v-11__0.5__416___416 0.185847878456 495.6 150.2 498.6 161.1 476.2 165.5 473.3 154.5
v-11__0.5__416___416 0.172324761748 478.7 157.4 480.4 166.4 459.9 172.3 458.2 163.3
v-11__0.5__416___416 0.121997267008 498.5 177.4 504.1 193.4 473.5 204.2 467.9 188.2
v-15__0.5__408___0 0.120607517660 249.0 58.9 249.0 73.0 209.4 73.0 209.4 58.9
v-15__0.5__408___0 0.112755015492 431.8 88.3 431.8 108.9 421.5 108.9 421.5 88.3
v-10__0.5__0___0 0.110210500658 516.2 183.6 525.2 189.0 517.9 203.5 509.0 198.1
v-10__0.5__0___816 0.165419578552 488.8 369.5 488.8 394.3 467.1 394.3 467.1 369.5
v-17__0.5__0___408 0.105073854327 408.2 66.3 408.2 88.9 395.7 88.9 395.7 66.3
v-15__0.5__416___0 0.150963217020 423.7 88.5 423.7 108.8 413.3 108.8 413.3 88.5
v-15__0.5__416___0 0.112259328365 241.3 59.0 241.3 73.3 200.9 73.3 200.9 59.0
v-16__0.5__408___416 0.101124458015 153.7 379.6 157.0 396.6 145.0 400.1 141.7 383.1
v-15__0.5__416___416 0.133821040392 276.5 314.3 279.9 346.3 263.7 346.6 260.3 314.6
v-16__0.5__416___408 0.110285520554 145.0 388.9 149.0 402.2 137.8 406.9 133.9 393.6
v-18__0.5__0___416 0.118247710168 234.6 355.6 241.1 383.4 226.1 385.9 219.6 358.1
v-16__0.5__416___416 0.109439335763 144.7 379.8 149.0 395.7 138.1 399.9 133.7 384.0
v-10__0.5__0___2448 0.102709412575 124.0 197.7 124.0 215.0 112.4 215.0 112.4 197.7
v-10__0.5__408___0 0.129041343927 173.0 187.9 183.8 201.5 175.0 208.3 164.3 194.7
v-10__0.5__408___0 0.126641109586 310.5 138.2 310.5 160.4 292.3 160.4 292.3 138.2
v-10__0.5__408___0 0.118402399123 160.0 217.2 168.9 235.0 157.3 242.7 148.4 224.9
v-10__0.5__408___0 0.110716573894 108.6 183.3 118.0 190.0 109.8 204.1 100.4 197.4
v-10__0.5__408___408 0.176870241761 224.0 -1.6 224.0 21.6 204.8 21.6 204.8 -1.6
v-10__0.5__408___408 0.157738059759 420.4 234.6 420.4 250.0 406.3 250.0 406.3 234.6
v-10__0.5__408___408 0.126488968730 201.5 71.7 207.4 83.3 186.6 91.6 180.8 80.0
v-10__0.5__408___408 0.117810383439 178.6 -1.3 178.6 24.0 161.6 24.0 161.6 -1.3
v-10__0.5__1224___0 0.286767125130 602.9 72.5 602.9 106.7 584.9 106.7 584.9 72.5
v-10__0.5__1224___0 0.181348100305 602.0 112.3 602.0 130.7 587.6 130.7 587.6 112.3
v-10__0.5__1224___0 0.104260616004 606.9 128.2 606.9 180.2 590.6 180.2 590.6 128.2
v-19__0.5__408___408 0.176900401711 310.5 385.4 310.5 402.6 285.2 402.6 285.2 385.4
v-10__0.5__1224___1224 0.237292364240 189.9 293.9 189.9 318.0 165.8 318.0 165.8 293.9
v-10__0.5__1224___1224 0.172058016062 156.3 271.4 156.3 283.1 135.3 283.1 135.3 271.4
v-10__0.5__1224___1224 0.139849990606 285.9 349.9 285.9 366.1 260.9 366.1 260.9 349.9
v-19__0.5__816___408 0.106625787914 446.4 424.1 451.6 438.7 436.5 444.1 431.4 429.5
v-10__0.5__1632___816 0.360693603754 122.7 370.3 122.7 385.6 103.0 385.6 103.0 370.3
v-10__0.5__1632___816 0.129165291786 494.2 447.4 494.2 469.1 479.9 469.1 479.9 447.4
v-10__0.5__1632___816 0.124608628452 51.2 416.5 51.2 436.2 39.4 436.2 39.4 416.5
v-10__0.5__1632___816 0.102449223399 205.0 159.7 214.7 173.8 206.1 180.8 196.4 166.7
v-10__0.5__1632___1224 0.140724226832 494.0 39.1 494.0 61.6 480.2 61.6 480.2 39.1
v-10__0.5__2040___408 0.222607374191 368.3 127.4 368.3 151.0 355.8 151.0 355.8 127.4
v-10__0.5__2040___408 0.128047034144 51.6 263.1 51.6 284.5 39.3 284.5 39.3 263.1
v-10__0.5__2040___408 0.117520712316 388.7 14.0 394.0 26.3 383.8 30.2 378.5 18.0
v-10__0.5__2040___408 0.104367449880 28.9 339.4 28.9 351.7 7.0 351.7 7.0 339.4
v-10__0.5__2040___816 0.149276524782 86.4 447.7 86.4 468.9 71.7 468.9 71.7 447.7
v-10__0.5__2040___816 0.136274144053 290.4 2.5 290.4 17.7 249.6 17.7 249.6 2.5
v-10__0.5__2040___816 0.108730264008 188.5 169.0 188.5 185.7 175.6 185.7 175.6 169.0
v-10__0.5__2040___816 0.107530653477 69.2 451.3 69.2 465.7 55.6 465.7 55.6 451.3
v-19__0.5__1224___408 0.153653800488 37.7 424.3 43.6 438.7 29.3 444.1 23.3 429.7
v-10__0.5__2448___408 0.123757496476 208.6 48.7 208.6 68.3 195.5 68.3 195.5 48.7
v-10__0.5__2448___408 0.120250932872 209.5 518.0 213.3 539.4 195.6 542.3 191.7 521.0
v-10__0.5__2448___408 0.102484717965 585.6 11.5 604.5 29.2 595.0 39.1 576.0 21.4
v-19__0.5__1632___1632 0.117973014712 586.7 196.4 595.8 204.1 585.6 216.0 576.5 208.3
v-19__0.5__1632___1632 0.116332739592 390.0 88.3 411.3 97.4 406.7 109.4 385.3 100.3
v-19__0.5__1632___1632 0.111687585711 244.9 31.0 265.1 42.9 254.8 60.9 234.7 48.9
v-19__0.5__1632___2040 0.110695138574 431.0 497.4 438.5 517.2 427.7 522.1 420.1 502.3
v-19__0.5__1632___2040 0.109634429216 449.3 509.5 454.6 530.8 442.9 534.8 437.6 513.5
v-19__0.5__2040___408 0.250071823597 303.4 568.8 317.3 587.9 309.4 594.2 295.5 575.1
v-19__0.5__2040___408 0.152761489153 32.3 497.5 32.3 529.9 18.3 529.9 18.3 497.5
v-19__0.5__2040___816 0.411210030317 303.4 160.6 317.5 180.3 309.5 186.5 295.4 166.8
v-19__0.5__2040___816 0.215092673898 4.1 439.7 36.4 444.8 32.2 468.0 -0.0 462.9
v-19__0.5__2040___816 0.182140514255 245.5 260.9 271.2 273.9 263.0 293.8 237.2 280.7
v-19__0.5__2040___816 0.177318289876 456.6 307.6 478.5 319.1 467.3 336.6 445.4 325.2
v-19__0.5__2040___816 0.167845338583 32.0 91.0 32.0 120.5 18.9 120.5 18.9 91.0
v-19__0.5__2040___816 0.143174186349 248.6 171.3 278.2 182.6 267.7 209.2 238.1 197.9
v-19__0.5__2040___816 0.133038386703 254.6 127.9 277.6 136.9 270.1 157.0 247.1 148.0
v-19__0.5__2040___816 0.110080920160 350.1 329.6 363.9 351.8 348.9 362.9 335.1 340.7
v-19__0.5__2040___816 0.107555381954 185.4 191.4 204.0 226.6 186.2 237.1 167.6 201.8
v-19__0.5__2040___816 0.103711143136 3.2 455.8 13.6 459.2 9.2 475.1 -1.2 471.7
v-19__0.5__2448___816 0.139031976461 464.5 79.4 491.0 91.3 473.7 125.3 447.2 113.3
v-19__0.5__2448___816 0.127919375896 430.1 103.0 430.1 126.2 416.3 126.2 416.3 103.0
v-19__0.5__2448___1224 0.192104250193 213.5 283.3 220.5 296.5 208.1 304.1 201.1 291.0
v-19__0.5__2448___1224 0.152424111962 210.1 278.2 214.3 284.2 201.8 292.7 197.6 286.7
v-19__0.5__2448___1224 0.130459174514 189.0 290.5 202.7 315.2 188.3 322.7 174.5 298.0
v-19__0.5__2856___816 0.176528394222 347.1 126.7 358.0 139.6 344.5 150.3 333.6 137.5
v-19__0.5__2856___816 0.122777573764 325.6 211.5 333.6 221.5 309.5 240.5 301.5 230.5
v-19__0.5__2856___816 0.118998460472 335.3 106.2 345.2 122.3 333.1 130.4 323.2 114.3
v-19__0.5__2856___816 0.100507780910 483.4 269.4 504.1 278.6 488.3 309.9 467.7 300.7
v-19__0.5__3264___3264 0.205771028996 213.2 166.6 213.2 189.4 197.7 189.4 197.7 166.6
v-19__0.5__3264___3264 0.159907788038 156.2 517.2 170.9 521.9 167.8 529.5 153.0 524.9
v-19__0.5__3264___3264 0.148573592305 378.5 396.3 378.5 415.0 360.1 415.0 360.1 396.3
v-19__0.5__3264___3264 0.112975329161 165.5 534.4 172.6 538.6 166.1 553.8 158.9 549.7
v-19__0.5__3264___3264 0.106701768935 154.9 531.5 163.2 535.4 155.9 550.3 147.7 546.4
v-19__0.5__3264___3488 0.166786402464 156.3 293.2 170.9 297.9 167.7 305.5 153.0 300.8
v-19__0.5__3264___3488 0.144987657666 378.5 172.3 378.5 191.0 360.1 191.0 360.1 172.3
v-19__0.5__3264___3488 0.126819401979 165.6 310.6 172.5 314.7 166.0 329.6 159.0 325.5
v-19__0.5__3264___3488 0.119374468923 154.9 307.6 163.1 311.6 155.8 326.3 147.7 322.2
v-19__0.5__3488___3264 0.143137484789 154.6 396.2 154.6 415.0 136.0 415.0 136.0 396.2
v-19__0.5__3488___3264 0.101305894554 403.7 273.8 410.8 280.9 401.8 291.2 394.6 284.1
v-19__0.5__3488___3488 0.140367344022 154.6 172.2 154.6 191.0 136.0 191.0 136.0 172.2
v-5__1__0___1224 0.511836588383 196.9 260.8 225.0 299.2 199.3 316.9 171.2 278.5
v-7__1__0___816 0.116180218756 115.2 339.1 122.8 382.8 81.7 391.4 74.1 347.6
v-7__1__816___1440 0.100861780345 21.4 42.2 21.4 138.0 -2.0 138.0 -2.0 42.2
v-9__1__816___1224 0.226469606161 185.6 404.2 202.6 451.1 170.6 463.1 153.6 416.2
v-10__1__0___2856 0.448121666908 174.5 313.4 174.5 337.9 142.1 337.9 142.1 313.4
v-10__1__0___2856 0.285779684782 176.9 341.2 178.8 364.3 162.2 366.5 160.2 343.3
v-10__1__0___2856 0.221754804254 160.7 339.3 160.7 367.9 145.3 367.9 145.3 339.3
v-10__1__0___3264 0.239596590400 39.0 395.2 39.0 416.0 23.2 416.0 23.2 395.2
v-10__1__0___3264 0.168620258570 15.5 382.9 15.5 404.9 2.7 404.9 2.7 382.9
v-10__1__0___3264 0.109055124223 254.1 394.5 272.9 411.9 245.9 439.8 227.0 422.4
v-10__1__816___408 0.159215331078 353.2 486.9 358.5 521.6 338.0 525.0 332.7 490.3
v-10__1__2448___0 0.168288946152 400.5 413.4 414.6 425.9 403.2 438.1 389.1 425.6
v-10__1__2856___2448 0.155278384686 519.5 200.3 523.5 225.6 509.6 227.3 505.7 202.1
v-10__1__2856___2448 0.105766400695 506.1 19.8 508.9 52.7 488.8 55.5 486.0 22.6
v-10__1__3264___2448 0.165465265512 112.2 200.2 115.5 226.1 101.0 227.7 97.7 201.8
v-10__1__3264___2448 0.150266706944 97.0 21.8 97.0 54.4 77.3 54.4 77.3 21.8
v-10__1__3264___2856 0.113545693457 186.3 336.4 186.3 363.5 169.7 363.5 169.7 336.4
v-10__1__4080___2040 0.147541612387 170.8 479.6 170.8 492.2 144.8 492.2 144.8 479.6
v-10__1__4080___2040 0.101040914655 210.5 481.4 210.5 499.2 192.9 499.2 192.9 481.4
v-10__1__4488___1224 0.523420572281 202.1 368.4 202.1 393.7 187.9 393.7 187.9 368.4
v-10__1__4488___1224 0.495946407318 217.6 367.8 217.6 395.3 204.2 395.3 204.2 367.8
v-10__1__4488___1224 0.349998593330 180.7 425.1 180.7 450.3 143.6 450.3 143.6 425.1
v-10__1__4488___1224 0.186767280102 88.7 467.6 88.7 489.7 74.6 489.7 74.6 467.6
v-10__1__4488___1224 0.140471652150 194.7 277.5 194.7 300.5 183.6 300.5 183.6 277.5
v-10__1__4488___1224 0.131763041019 118.1 419.7 118.1 440.8 93.8 440.8 93.8 419.7
v-11__1__1440___0 0.114672474563 558.2 429.3 558.2 470.1 532.7 470.1 532.7 429.3
v-12__1__408___408 0.164424762130 116.5 232.7 116.5 266.9 70.0 266.9 70.0 232.7
v-12__1__816___816 0.166120424867 304.1 288.7 304.1 314.3 275.0 314.3 275.0 288.7
v-15__1__816___0 0.270348906517 493.1 111.0 493.1 149.3 423.3 149.3 423.3 111.0
v-19__1__408___5712 0.170497879386 509.5 161.2 522.7 163.9 517.5 186.0 504.4 183.2
v-19__1__816___5712 0.150571674109 101.6 160.8 114.8 163.5 109.5 186.3 96.4 183.5
v-19__1__1224___1632 0.429799407721 282.6 561.6 290.2 569.5 271.3 587.3 263.7 579.5
v-19__1__1224___1632 0.334315180779 270.5 551.9 276.3 558.9 259.7 573.6 253.9 566.6
v-19__1__1224___1632 0.126636967063 256.6 580.5 270.8 593.6 258.8 606.9 244.5 593.7
v-19__1__1632___816 0.368957519531 68.5 470.4 71.1 481.3 46.7 484.2 44.1 473.3
v-19__1__1632___1632 0.121823102236 396.1 517.3 396.1 528.4 376.6 528.4 376.6 517.3
v-19__1__2856___2448 0.579006969929 409.1 323.9 410.9 351.0 398.1 352.4 396.3 325.4
v-19__1__2856___2448 0.468856662512 400.9 285.4 403.9 307.5 394.3 309.0 391.3 286.9
v-19__1__2856___2448 0.325978785753 386.2 287.9 388.8 308.8 379.2 310.0 376.7 289.0
v-19__1__2856___2448 0.151531055570 393.6 327.6 393.6 349.5 384.1 349.5 384.1 327.6
v-19__1__4080___816 0.103742994368 128.7 247.0 128.7 284.9 107.1 284.9 107.1 247.0
v-19__1__6936___6528 0.239673718810 264.6 449.8 273.4 469.8 260.2 475.5 251.5 455.5
v-19__1__6936___6936 0.208226799965 264.6 41.8 273.3 62.4 260.3 67.7 251.6 47.0
