v-4__0.5__0___0 0.141880407929 342.6 246.9 379.2 291.0 357.2 309.6 320.5 265.4
v-7__0.5__0___0 0.113088011742 262.2 509.1 270.7 560.7 223.7 566.8 215.3 515.1
v-7__0.5__0___408 0.384183764458 433.5 263.6 440.8 313.0 347.0 325.6 339.7 276.2
v-7__0.5__0___408 0.239658683538 258.9 101.7 268.3 152.2 226.8 157.9 217.4 107.4
v-7__0.5__0___416 0.428396910429 435.4 257.9 440.9 303.1 345.0 315.2 339.5 270.1
v-7__0.5__0___416 0.153570845723 82.5 264.1 91.3 319.1 42.7 325.1 34.0 270.1
v-7__0.5__0___416 0.130016878247 261.6 93.1 270.4 144.4 224.5 150.5 215.6 99.3
v-7__0.5__0___416 0.104418501258 406.0 320.1 406.8 335.0 381.2 336.7 380.4 321.8
v-7__0.5__408___408 0.382835477591 530.2 352.9 542.0 403.2 505.6 411.7 493.8 361.4
v-7__0.5__408___408 0.226383164525 578.3 341.5 585.4 384.0 545.5 390.9 538.3 348.3
v-7__0.5__408___416 0.193833380938 529.2 342.6 541.3 398.5 506.4 406.5 494.3 350.5
v-7__0.5__408___416 0.118465065956 576.9 334.5 584.2 375.4 546.9 381.9 539.6 341.0
v-7__0.5__416___408 0.367680728436 565.7 343.3 572.3 381.9 534.4 388.5 527.8 349.9
v-7__0.5__416___408 0.231623291969 521.5 353.6 532.4 403.1 498.7 411.0 487.8 361.5
v-12__0.5__0___408 0.179648056626 404.2 404.1 410.2 434.1 369.4 439.5 363.5 409.5
v-12__0.5__0___408 0.138879820704 418.4 248.6 418.4 306.1 386.1 306.1 386.1 248.6
v-12__0.5__0___408 0.100234515965 394.3 242.9 394.3 313.4 321.7 313.4 321.7 242.9
v-7__0.5__416___416 0.277087658644 567.8 333.7 574.1 376.4 533.2 381.6 526.9 338.9
v-7__0.5__416___416 0.155585184693 521.4 342.7 532.3 398.7 498.5 406.0 487.6 350.0
v-9__0.5__0___0 0.837883830070 243.4 80.9 280.4 188.6 217.4 211.2 180.4 103.5
v-11__0.5__0___0 0.109669320285 406.4 313.2 414.7 358.0 382.7 363.1 374.4 318.3
v-12__0.5__0___416 0.129881799221 393.1 236.3 393.1 311.7 316.2 311.7 316.2 236.3
v-12__0.5__0___416 0.126320257783 419.8 241.7 419.8 297.4 384.8 297.4 384.8 241.7
v-12__0.5__0___416 0.101779848337 407.4 397.7 407.4 430.2 365.3 430.2 365.3 397.7
v-11__0.5__408___408 0.146173208952 456.4 172.5 472.6 226.2 426.9 240.6 410.7 186.8
v-11__0.5__408___408 0.100572004914 366.4 132.1 389.4 190.9 309.5 222.6 286.5 163.8
v-15__0.5__0___0 0.277385473251 245.9 160.8 245.9 242.4 207.2 242.4 207.2 160.8
v-15__0.5__0___0 0.107373423874 250.4 119.0 250.4 156.8 194.7 156.8 194.7 119.0
v-11__0.5__408___416 0.137137845159 470.4 160.3 487.4 212.9 437.5 228.7 420.6 176.2
v-11__0.5__416___408 0.190102860332 450.7 172.4 466.4 220.9 410.9 239.9 395.2 191.5
v-11__0.5__416___416 0.131951287389 459.0 161.5 475.0 212.7 425.0 227.4 409.0 176.2
v-15__0.5__408___0 0.146899148822 255.0 43.1 255.0 64.3 205.5 64.3 205.5 43.1
v-10__0.5__0___408 0.142332911491 528.5 272.1 528.5 291.0 507.0 291.0 507.0 272.1
v-15__0.5__416___0 0.105364441872 245.4 43.8 245.4 64.0 198.8 64.0 198.8 43.8
v-10__0.5__0___1224 0.371800035238 92.4 538.7 92.4 601.2 47.1 601.2 47.1 538.7
v-10__0.5__0___1632 0.415269970894 88.4 133.5 88.4 184.0 51.7 184.0 51.7 133.5
v-10__0.5__0___1632 0.252450466156 106.9 221.5 106.9 294.6 48.9 294.6 48.9 221.5
v-10__0.5__0___1632 0.117126561701 179.5 421.7 198.5 424.7 191.9 461.0 173.0 457.9
v-10__0.5__0___2448 0.101964622736 67.8 288.0 67.8 332.4 33.4 332.4 33.4 288.0
v-18__0.5__408___408 0.111926950514 509.9 179.5 527.1 260.0 438.3 279.9 421.1 199.4
v-18__0.5__408___416 0.124046795070 510.5 171.9 527.6 251.9 438.0 271.5 420.9 191.6
v-10__0.5__408___0 0.465912729502 439.1 132.7 462.7 161.0 446.7 173.9 423.0 145.6
v-18__0.5__416___408 0.106213919818 501.2 178.1 519.2 261.4 430.8 281.1 412.8 197.9
v-18__0.5__416___416 0.135085269809 502.7 170.7 520.2 252.7 429.5 272.7 412.0 190.7
v-19__0.5__0___2040 0.124060004950 403.7 -12.6 414.1 1.9 392.4 17.0 382.1 2.5
v-19__0.5__0___2856 0.212200745940 430.9 376.4 444.2 400.3 413.2 417.8 399.9 393.8
v-19__0.5__0___2856 0.180332958698 351.8 286.0 368.2 305.9 356.0 317.5 339.5 297.7
v-19__0.5__0___2856 0.130426377058 374.5 213.0 387.5 228.1 374.5 240.2 361.6 225.2
v-10__0.5__1224___0 0.236729815602 602.9 72.5 602.9 106.7 584.9 106.7 584.9 72.5
v-10__0.5__1224___0 0.117570415139 606.9 128.2 606.9 180.2 590.6 180.2 590.6 128.2
v-10__0.5__1224___0 0.113374866545 237.3 511.7 249.5 522.4 240.2 533.7 228.1 523.0
v-19__0.5__408___408 0.106279253960 529.6 314.4 529.6 338.5 514.2 338.5 514.2 314.4
v-19__0.5__408___408 0.104883715510 310.5 385.4 310.5 402.6 285.2 402.6 285.2 385.4
v-19__0.5__408___816 0.117656514049 339.4 277.9 349.5 287.4 338.4 300.6 328.3 291.2
v-19__0.5__408___2040 0.108819037676 512.7 447.4 525.3 454.4 515.5 477.3 502.9 470.3
v-19__0.5__408___3264 0.125059232116 241.1 537.8 258.4 545.9 253.2 555.7 235.9 547.6
v-19__0.5__408___3264 0.111884087324 563.5 377.7 575.7 412.4 536.6 426.2 524.4 391.5
v-19__0.5__408___3264 0.111825823784 523.3 445.8 542.5 471.6 521.0 485.7 501.8 459.9
v-19__0.5__816___0 0.150536939502 470.8 19.4 482.9 30.3 469.4 46.8 457.3 35.9
v-19__0.5__816___408 0.134580031037 446.4 424.1 451.6 438.7 436.5 444.1 431.4 429.5
v-19__0.5__816___408 0.121633879840 120.7 315.0 120.7 337.8 106.5 337.8 106.5 315.0
v-10__0.5__1632___816 0.175855100155 51.9 46.1 51.9 109.1 15.7 109.1 15.7 46.1
v-10__0.5__1632___816 0.131497457623 494.2 447.4 494.2 469.1 479.9 469.1 479.9 447.4
v-10__0.5__1632___816 0.111988849938 485.4 386.4 503.5 396.0 495.5 410.6 477.4 401.0
v-19__0.5__816___816 0.129172742367 446.9 17.1 451.3 30.0 436.3 35.0 431.9 22.2
v-10__0.5__1632___1224 0.177997246385 494.0 39.1 494.0 61.6 480.2 61.6 480.2 39.1
v-19__0.5__816___2040 0.106853269041 107.0 448.4 117.5 460.0 105.1 476.4 94.5 464.8
v-19__0.5__816___2448 0.138374179602 106.1 39.1 118.0 48.6 105.9 69.2 94.0 59.7
v-19__0.5__816___3264 0.299588292837 171.8 416.8 188.3 451.2 158.8 466.4 142.3 432.0
v-19__0.5__816___3264 0.154918372631 153.8 378.5 166.7 411.4 131.1 425.0 118.1 392.2
v-19__0.5__816___3264 0.106084384024 115.3 447.3 133.2 471.5 112.8 484.6 94.8 460.3
v-10__0.5__2040___408 0.400850415230 361.6 331.8 361.6 399.2 321.3 399.2 321.3 331.8
v-10__0.5__2040___408 0.393700212240 151.6 -1.6 168.0 7.4 158.0 29.7 141.6 20.8
v-10__0.5__2040___408 0.309552103281 281.4 537.5 281.4 563.4 259.4 563.4 259.4 537.5
v-10__0.5__2040___408 0.181254252791 301.4 432.2 301.4 484.3 280.2 484.3 280.2 432.2
v-10__0.5__2040___408 0.129572674632 348.6 437.4 348.6 471.4 327.6 471.4 327.6 437.4
v-10__0.5__2040___408 0.120512925088 128.5 245.9 128.5 294.5 75.7 294.5 75.7 245.9
v-10__0.5__2040___816 0.322604864836 282.0 128.6 282.0 156.7 259.0 156.7 259.0 128.6
v-10__0.5__2040___816 0.181448504329 301.3 24.6 301.3 76.0 280.6 76.0 280.6 24.6
v-10__0.5__2040___816 0.148539885879 86.4 447.7 86.4 468.9 71.7 468.9 71.7 447.7
v-10__0.5__2040___816 0.128126472235 77.2 384.4 96.0 393.1 87.2 412.2 68.4 403.5
v-19__0.5__1224___0 0.113052308559 63.4 18.5 75.9 28.9 60.7 48.5 48.1 38.0
v-19__0.5__1224___2040 0.109702445567 474.8 116.3 487.1 124.1 481.0 135.1 468.7 127.2
v-10__0.5__2448___408 0.140781268477 418.6 148.7 426.5 155.3 417.7 166.9 409.8 160.3
v-10__0.5__2448___408 0.119788482785 427.6 115.5 450.4 132.8 442.0 143.0 419.3 125.7
v-19__0.5__1632___1632 0.397923856974 244.2 14.7 302.3 52.6 281.1 86.0 223.0 48.1
v-19__0.5__1632___1632 0.392528325319 561.5 172.4 592.0 201.6 579.2 215.3 548.8 186.2
v-19__0.5__1632___1632 0.138353705406 565.9 315.4 576.1 344.1 526.0 362.3 515.7 333.6
v-19__0.5__1632___1632 0.101716242731 333.2 123.7 336.9 157.7 317.7 160.1 314.0 126.1
v-19__0.5__2040___408 0.232506260276 32.3 497.5 32.3 529.9 18.3 529.9 18.3 497.5
v-19__0.5__2040___408 0.100254371762 34.5 122.8 47.3 152.7 8.4 169.3 -4.4 139.4
v-19__0.5__2040___816 0.252132862806 2.7 438.1 63.3 448.6 57.2 486.1 -3.4 475.5
v-19__0.5__2040___816 0.232001185417 32.8 86.5 32.8 119.3 18.3 119.3 18.3 86.5
v-19__0.5__2040___816 0.181578710675 246.4 257.4 271.6 270.1 261.6 291.9 236.4 279.2
v-19__0.5__2040___816 0.113870434463 303.4 160.6 317.5 180.3 309.5 186.5 295.4 166.8
v-19__0.5__2040___816 0.103498846292 248.6 171.3 278.2 182.6 267.7 209.2 238.1 197.9
v-19__0.5__2448___1224 0.248426333070 190.0 292.7 203.4 317.5 189.3 324.9 175.9 300.1
v-19__0.5__2856___816 0.405852913857 332.7 271.2 365.4 310.9 340.9 331.9 308.2 292.2
v-19__0.5__2856___816 0.288288772106 269.0 142.5 292.9 169.5 269.1 189.9 245.2 163.0
v-19__0.5__2856___816 0.189633175731 354.6 86.6 386.9 122.1 368.1 140.2 335.8 104.7
v-19__0.5__2856___816 0.165391042829 223.6 93.6 251.9 132.3 229.3 150.0 201.0 111.4
v-19__0.5__2856___816 0.126872733235 450.3 152.0 479.1 186.8 449.0 211.9 420.3 177.1
v-19__0.5__2856___816 0.122456565499 384.9 135.9 400.5 151.1 363.1 188.3 347.5 173.1
v-19__0.5__3264___2040 0.146778494120 402.0 364.2 402.0 391.6 387.4 391.6 387.4 364.2
v-19__0.5__3264___2040 0.138365879655 498.9 435.3 505.9 445.9 481.2 464.7 474.2 454.1
v-19__0.5__3264___3264 0.180450692773 164.1 480.8 201.5 494.0 193.5 513.4 156.1 500.2
v-19__0.5__3264___3264 0.139767944813 226.2 27.5 233.4 71.9 193.3 79.1 186.0 34.7
v-19__0.5__3264___3264 0.103656880558 309.0 187.0 322.2 222.1 294.4 233.3 281.3 198.2
v-19__0.5__3264___3264 0.101554945111 154.6 531.4 165.9 536.4 159.7 551.1 148.4 546.1
v-19__0.5__3264___3488 0.178566828370 164.1 256.8 201.5 270.0 193.5 289.5 156.1 276.2
v-19__0.5__3488___2040 0.146383643150 178.0 364.2 178.0 391.6 163.4 391.6 163.4 364.2
v-19__0.5__3488___2040 0.130533292890 274.8 435.2 281.8 445.9 257.3 464.7 250.3 454.1
v-19__0.5__3488___2040 0.116581790149 309.8 268.0 319.8 275.4 309.5 287.2 299.5 279.9
v-3__1__0___408 0.114504888654 530.4 471.4 538.7 492.9 497.7 509.0 489.5 487.5
v-4__1__816___408 0.104089222848 451.9 547.8 465.6 576.4 438.8 590.9 425.1 562.4
v-4__1__816___816 0.162394732237 446.0 142.3 459.2 171.2 439.6 181.5 426.4 152.6
v-7__1__0___0 0.110615864396 436.8 311.7 457.0 465.1 206.9 500.3 186.7 346.9
v-9__1__408___0 0.882630527020 78.1 167.9 154.4 371.4 30.3 419.1 -46.0 215.6
v-10__1__0___3264 0.343790173531 181.3 265.2 181.3 378.4 103.3 378.4 103.3 265.2
v-10__1__0___3264 0.128402009606 39.0 395.2 39.0 416.0 23.2 416.0 23.2 395.2
v-10__1__0___3264 0.126170217991 13.9 381.9 13.9 405.6 1.7 405.6 1.7 381.9
v-10__1__0___3672 0.166686058044 345.6 434.1 399.1 440.3 387.1 520.8 333.6 514.6
v-10__1__408___2040 0.219504073262 262.0 288.8 290.8 294.6 286.1 322.8 257.4 316.9
v-10__1__816___408 0.102507971227 374.8 484.6 378.0 517.8 356.6 520.3 353.4 487.2
v-10__1__4080___2040 0.509817600250 172.3 486.4 174.6 541.3 146.2 541.5 143.8 486.6
v-10__1__4488___1224 0.301266282797 317.2 244.3 317.2 399.3 229.8 399.3 229.8 244.3
v-10__1__4488___1224 0.220504343510 154.3 421.4 154.3 446.4 112.4 446.4 112.4 421.4
v-10__1__4488___1224 0.209952026606 252.6 455.1 252.6 525.4 208.6 525.4 208.6 455.1
v-10__1__4488___1224 0.170547395945 118.1 419.7 118.1 440.8 93.8 440.8 93.8 419.7
v-10__1__4488___1224 0.104147128761 203.5 366.8 203.5 391.5 190.0 391.5 190.0 366.8
v-10__1__4488___1224 0.102977111936 200.9 454.8 200.9 565.2 154.0 565.2 154.0 454.8
v-11__1__1440___1224 0.127178907394 315.4 -43.4 343.5 22.8 224.8 71.8 196.7 5.6
v-12__1__408___408 0.115205407143 111.8 232.6 111.8 266.6 68.7 266.6 68.7 232.6
v-15__1__816___0 0.127120912075 492.0 114.1 492.0 153.4 423.5 153.4 423.5 114.1
v-19__1__2856___408 0.125101730227 454.6 453.8 473.8 497.8 446.4 509.6 427.2 465.6
v-19__1__2856___2448 0.142634570599 409.1 323.9 410.9 351.0 398.1 352.4 396.3 325.4
v-19__1__2856___3672 0.136931046844 578.0 566.8 612.7 576.6 602.2 613.1 567.5 603.3
v-19__1__4080___408 0.130962803960 362.4 -14.7 385.8 50.3 338.3 66.3 314.9 1.3
v-19__1__6936___6528 0.108843319118 258.8 398.0 280.5 428.5 257.4 445.9 235.7 415.4
v-19__1__6936___6936 0.223307505250 259.1 -8.3 278.3 20.7 256.8 36.1 237.6 7.1
v-19__1__6936___6936 0.146593362093 195.8 -25.5 229.7 31.6 176.1 61.3 142.2 4.2
v-19__1__7584___4080 0.139823749661 29.9 228.0 29.9 248.5 7.2 248.5 7.2 228.0
v-20__1__1440___816 0.108323507011 20.6 217.2 70.3 242.2 23.5 330.3 -26.1 305.3
