v-20__0.5__0___0 0.191043093801 111.2 168.8 118.2 176.8 100.3 195.6 93.2 187.6
v-20__0.5__0___408 0.280335724354 356.9 271.1 356.9 284.8 336.0 284.8 336.0 271.1
v-6__0.5__0___408 0.153905361891 210.5 557.5 244.8 594.2 217.6 613.4 183.3 576.7
v-2__0.5__408___0 0.217693611979 304.4 409.5 327.2 414.5 307.5 490.6 284.7 485.6
v-2__0.5__408___0 0.179528772831 342.2 420.4 363.4 423.7 349.4 479.6 328.2 476.3
v-20__0.5__0___416 0.358642011881 356.4 263.1 356.4 276.9 335.6 276.9 335.6 263.1
v-20__0.5__0___416 0.149873346090 236.7 263.4 236.7 275.5 224.1 275.5 224.1 263.4
v-6__0.5__0___416 0.128567308187 206.2 549.4 227.0 577.8 205.6 590.6 184.8 562.3
v-6__0.5__0___416 0.112516313791 255.1 567.9 272.7 598.3 205.8 628.6 188.1 598.2
v-4__0.5__0___0 0.277047425508 347.3 492.0 358.7 518.1 336.6 528.0 325.3 501.9
v-4__0.5__0___0 0.225027412176 92.5 57.2 107.0 84.6 79.8 98.5 65.3 71.0
v-4__0.5__0___0 0.160940364003 471.4 423.9 473.9 430.6 461.2 434.8 458.6 428.0
v-4__0.5__0___0 0.158676952124 414.8 297.2 416.0 299.6 397.7 308.8 396.5 306.5
v-4__0.5__0___0 0.153634503484 436.3 472.5 443.6 489.9 438.9 492.0 431.6 474.7
v-3__0.5__0___0 0.269660472870 376.1 236.2 376.1 335.7 340.0 335.7 340.0 236.2
v-7__0.5__0___0 0.447209924459 429.7 63.8 432.2 82.0 407.5 84.8 405.1 66.6
v-7__0.5__0___0 0.377928733826 19.2 505.6 22.9 537.7 16.9 537.9 13.1 505.9
v-7__0.5__0___0 0.332469999790 459.8 216.6 459.8 235.5 450.1 235.5 450.1 216.6
v-7__0.5__0___0 0.323118627071 62.4 50.2 62.4 66.2 54.1 66.2 54.1 50.2
v-7__0.5__0___0 0.226629421115 431.7 222.9 431.7 239.4 418.2 239.4 418.2 222.9
v-7__0.5__0___0 0.212674960494 398.9 3.8 398.9 25.8 388.9 25.8 388.9 3.8
v-7__0.5__0___0 0.161055102944 427.6 56.8 427.4 63.8 401.0 66.8 401.2 59.8
v-7__0.5__0___0 0.158887326717 530.9 95.2 530.9 116.6 521.0 116.6 521.0 95.2
v-2__0.5__408___408 0.142221808434 302.3 3.2 328.2 8.4 309.6 80.7 283.7 75.5
v-2__0.5__408___408 0.122270151973 344.1 12.7 362.3 15.6 347.9 62.8 329.6 59.9
v-4__0.5__0___408 0.325891882181 345.5 83.9 358.1 110.4 338.6 119.8 326.0 93.3
v-4__0.5__0___408 0.201675802469 472.2 15.8 474.5 22.9 460.7 27.1 458.4 20.0
v-4__0.5__0___408 0.177193298936 607.3 267.1 610.6 273.5 595.7 282.4 592.4 276.0
v-4__0.5__0___408 0.118309468031 353.1 81.9 363.5 103.1 355.2 106.9 344.8 85.7
v-4__0.5__0___408 0.112744629383 324.9 92.5 335.3 114.3 325.4 119.1 315.1 97.3
v-4__0.5__0___408 0.104093044996 436.2 65.0 443.2 81.2 438.7 83.3 431.6 67.1
v-7__0.5__0___408 0.484863042831 54.7 440.2 55.9 447.7 37.2 451.3 36.0 443.7
v-7__0.5__0___408 0.430488973856 19.1 97.4 23.2 129.9 16.7 130.1 12.6 97.6
v-7__0.5__0___408 0.150239318609 519.2 564.5 519.2 585.1 511.0 585.1 511.0 564.5
v-2__0.5__408___416 0.137057870626 302.2 -5.2 329.0 0.4 309.5 73.4 282.8 67.8
v-2__0.5__408___416 0.116339340806 340.6 9.4 359.8 13.4 343.6 66.5 324.5 62.4
v-4__0.5__0___416 0.292455762625 347.3 76.2 358.6 102.1 336.7 111.9 325.4 85.9
v-4__0.5__0___416 0.209029749036 472.1 7.2 474.9 14.9 460.9 19.5 458.1 11.8
v-4__0.5__0___416 0.179247394204 605.7 261.1 609.2 267.4 591.5 277.5 587.9 271.2
v-4__0.5__0___416 0.143796756864 436.4 56.4 443.7 74.0 438.9 76.3 431.5 58.7
v-7__0.5__0___416 0.466126441956 55.1 432.2 56.3 439.8 36.7 443.4 35.6 435.8
v-7__0.5__0___416 0.367867887020 19.1 89.6 22.9 121.8 16.9 122.0 13.1 89.7
v-2__0.5__416___0 0.243525475264 336.1 415.8 355.5 419.0 339.3 484.2 319.9 480.9
v-2__0.5__416___0 0.201654389501 296.3 409.9 319.2 415.0 299.5 490.1 276.6 485.0
v-4__0.5__408___0 0.333171486855 509.7 334.8 514.5 346.6 509.8 348.1 505.0 336.4
v-4__0.5__408___0 0.236799523234 340.9 137.5 343.0 143.6 327.6 147.6 325.5 141.5
v-4__0.5__408___0 0.201443329453 63.4 424.0 65.7 430.5 52.8 434.6 50.6 428.1
v-2__0.5__416___408 0.206583008170 333.8 9.6 352.9 13.5 335.1 74.3 316.0 70.4
v-2__0.5__416___408 0.151157394052 298.1 2.1 323.7 7.2 305.1 82.2 279.5 77.1
v-7__0.5__408___0 0.400895088911 21.0 61.9 24.5 83.8 0.9 86.9 -2.7 65.0
v-7__0.5__408___0 0.276646316051 228.0 433.4 233.1 456.6 225.3 458.2 220.2 435.0
v-7__0.5__408___0 0.167753472924 122.9 94.9 122.9 116.8 113.3 116.8 113.3 94.9
v-7__0.5__408___0 0.146439343691 51.7 216.6 51.7 235.6 42.3 235.6 42.3 216.6
v-7__0.5__408___0 0.135697796941 24.0 225.7 24.0 241.5 11.0 241.5 11.0 225.7
v-7__0.5__408___0 0.126329153776 259.8 325.3 259.8 343.5 249.0 343.5 249.0 325.3
v-3__0.5__408___408 0.195147514343 309.7 358.5 309.7 373.9 278.1 373.9 278.1 358.5
v-3__0.5__408___408 0.126895800233 305.2 558.2 305.2 574.1 282.8 574.1 282.8 558.2
v-3__0.5__408___408 0.115923441947 308.2 342.9 308.2 357.2 279.1 357.2 279.1 342.9
v-4__0.5__408___408 0.381212741137 330.6 525.2 331.0 528.5 313.3 535.7 312.9 532.5
v-4__0.5__408___408 0.335469245911 245.8 358.9 246.9 362.9 229.3 371.0 228.2 366.9
v-4__0.5__408___408 0.329694271088 202.1 268.7 203.8 272.2 184.8 281.7 183.2 278.2
v-4__0.5__408___408 0.261542618275 455.2 479.3 461.3 491.0 458.3 492.2 452.2 480.5
v-4__0.5__408___408 0.173498764634 64.1 15.9 66.2 22.6 52.4 26.8 50.3 20.2
v-4__0.5__408___408 0.153058752418 26.9 62.1 32.6 78.1 27.8 79.1 22.1 63.1
v-3__0.5__408___416 0.149171650410 309.2 353.4 309.2 369.9 278.5 369.9 278.5 353.4
v-7__0.5__408___408 0.242459356785 111.2 564.3 111.2 585.5 102.6 585.5 102.6 564.3
v-7__0.5__408___408 0.238681212068 228.5 26.4 233.3 48.2 225.0 49.6 220.3 27.8
v-2__0.5__416___416 0.145759060979 335.3 4.8 355.2 8.1 340.1 63.1 320.2 59.8
v-2__0.5__416___416 0.122600980103 294.3 -1.4 319.4 3.7 301.4 69.5 276.3 64.4
v-4__0.5__408___416 0.402474999428 330.9 517.2 331.4 520.8 312.9 528.4 312.4 524.7
v-4__0.5__408___416 0.284016042948 455.1 470.4 461.8 484.0 458.6 485.4 451.9 471.8
v-4__0.5__408___416 0.263017088175 64.7 7.4 66.9 14.6 52.0 19.1 49.9 11.9
v-4__0.5__408___416 0.257035225630 202.3 260.3 204.1 263.9 184.8 274.1 183.0 270.4
v-4__0.5__408___416 0.239917427301 245.7 351.1 246.9 355.1 229.7 362.8 228.5 358.8
v-7__0.5__408___416 0.221317082644 111.7 558.5 111.7 581.0 102.1 581.0 102.1 558.5
v-7__0.5__408___416 0.158496499062 228.3 17.6 233.5 40.8 225.0 42.4 219.8 19.1
v-7__0.5__408___416 0.105733387172 453.8 509.0 453.8 526.1 446.0 526.1 446.0 509.0
v-4__0.5__416___0 0.328889608383 501.7 334.8 506.8 346.7 502.1 348.3 497.1 336.3
v-4__0.5__416___0 0.263047248125 333.4 137.5 335.4 143.3 319.6 147.5 317.6 141.7
v-4__0.5__416___0 0.134246245027 55.4 424.0 57.9 430.6 45.2 434.7 42.7 428.0
v-8__0.5__0___0 0.113196514547 580.1 296.1 608.4 323.7 599.2 332.3 570.8 304.7
v-7__0.5__416___0 0.253647357225 220.0 434.1 224.8 455.8 217.3 457.5 212.5 435.7
v-7__0.5__416___0 0.226109787822 13.8 61.5 16.8 84.7 -0.9 86.5 -3.9 63.3
v-7__0.5__416___0 0.214554175735 114.9 95.6 114.9 116.3 105.0 116.3 105.0 95.6
v-7__0.5__416___0 0.209705889225 43.9 216.7 43.9 235.4 34.1 235.4 34.1 216.7
v-7__0.5__416___0 0.121192716062 116.0 -0.1 116.0 27.7 102.7 27.7 102.7 -0.1
v-7__0.5__416___0 0.112275727093 15.4 225.5 15.4 242.5 2.7 242.5 2.7 225.5
v-7__0.5__416___0 0.110856421292 251.8 325.7 251.8 343.4 241.3 343.4 241.3 325.7
v-4__0.5__416___408 0.381036490202 322.5 525.4 322.9 528.6 305.4 535.9 305.1 532.8
v-4__0.5__416___408 0.289013981819 237.6 358.9 238.8 362.7 221.8 370.9 220.5 367.0
v-4__0.5__416___408 0.234182387590 447.3 479.3 453.3 490.4 450.2 491.9 444.2 480.8
v-4__0.5__416___408 0.198300465941 193.4 268.6 195.3 272.1 178.1 281.0 176.2 277.5
v-4__0.5__416___408 0.179594278336 56.1 15.9 58.4 22.9 44.7 27.1 42.4 20.0
v-12__0.5__0___0 0.198876455426 449.4 484.9 449.4 502.8 435.9 502.8 435.9 484.9
v-4__0.5__416___416 0.373210787773 322.9 517.3 323.2 520.5 304.9 528.1 304.6 524.9
v-4__0.5__416___416 0.330406606197 237.7 351.0 238.8 354.8 221.8 362.9 220.6 359.1
v-4__0.5__416___416 0.256930291653 447.0 471.0 453.3 483.8 450.4 484.7 444.1 471.9
v-4__0.5__416___416 0.233083128929 193.6 260.4 195.5 264.1 177.4 273.5 175.5 269.8
v-4__0.5__416___416 0.147165477276 56.0 7.4 58.7 14.9 45.0 19.4 42.2 11.9
v-7__0.5__416___408 0.203694045544 220.0 26.6 225.0 47.1 217.3 48.8 212.4 28.3
v-7__0.5__416___408 0.183879300952 103.1 564.5 103.1 585.1 94.9 585.1 94.9 564.5
v-12__0.5__0___408 0.156342521310 449.7 76.8 449.7 94.5 435.6 94.5 435.6 76.8
v-7__0.5__416___416 0.241369917989 220.5 18.1 225.1 40.1 216.8 41.6 212.2 19.6
v-7__0.5__416___416 0.107919670641 106.2 557.8 106.2 582.9 95.5 582.9 95.5 557.8
v-8__0.5__408___0 0.174535915256 168.6 297.3 195.2 323.3 188.0 330.3 161.4 304.3
v-9__0.5__0___0 0.479088634253 431.6 441.4 438.5 459.9 404.4 473.6 397.5 455.2
v-9__0.5__0___0 0.293542504311 343.9 221.8 348.5 235.7 317.1 246.5 312.5 232.6
v-11__0.5__0___0 0.242752894759 200.5 346.3 205.7 368.2 202.0 368.7 196.8 346.8
v-11__0.5__0___0 0.152684897184 574.3 227.0 581.0 247.5 573.2 248.8 566.6 228.3
v-11__0.5__0___0 0.136957034469 18.8 254.0 26.3 278.9 1.4 286.8 -6.1 261.9
v-12__0.5__0___416 0.166920140386 449.4 68.6 449.4 87.0 435.8 87.0 435.8 68.6
v-9__0.5__0___408 0.560757815838 302.2 296.1 312.3 324.7 294.8 331.2 284.7 302.5
v-9__0.5__0___408 0.519266188145 528.5 211.5 536.7 237.9 524.3 241.6 516.1 215.2
v-9__0.5__0___408 0.477541208267 454.7 240.2 465.7 269.7 451.6 274.8 440.7 245.2
v-9__0.5__0___408 0.454310357571 195.8 336.2 204.6 360.5 190.3 365.2 181.5 340.9
v-9__0.5__0___408 0.412826895714 430.4 34.3 437.1 52.2 405.4 64.7 398.7 46.9
v-9__0.5__0___408 0.400645792484 499.9 205.8 502.9 215.3 464.2 229.5 461.2 220.0
v-9__0.5__0___408 0.362614274025 496.4 198.5 499.4 207.9 466.3 220.0 463.3 210.6
v-9__0.5__0___408 0.272464215755 503.4 215.9 505.3 224.1 468.1 237.7 466.2 229.5
v-9__0.5__0___408 0.101578064263 19.2 402.3 26.7 423.2 17.0 425.6 9.6 404.7
v-12__0.5__408___0 0.263413876295 41.4 483.9 41.4 503.7 28.1 503.7 28.1 483.9
v-9__0.5__0___416 0.524171590805 301.6 287.7 312.5 316.8 295.3 323.5 284.4 294.3
v-9__0.5__0___416 0.513858735561 452.6 230.1 462.4 258.5 448.6 263.2 438.7 234.9
v-9__0.5__0___416 0.513829410076 528.5 203.4 536.7 230.1 524.5 233.7 516.3 207.0
v-9__0.5__0___416 0.491709411144 430.6 26.1 437.4 44.4 405.2 57.1 398.3 38.8
v-9__0.5__0___416 0.490898311138 196.0 327.7 204.8 352.3 190.1 357.1 181.2 332.5
v-9__0.5__0___416 0.432333737612 500.1 197.4 503.3 207.4 464.1 221.8 460.9 211.9
v-9__0.5__0___416 0.338937461376 503.8 207.5 506.0 216.2 467.8 230.2 465.6 221.4
v-9__0.5__0___416 0.146985426545 19.5 394.8 26.5 413.4 16.5 415.7 9.5 397.2
v-9__0.5__0___416 0.121812954545 606.3 503.6 612.3 520.0 597.1 523.8 591.1 507.3
v-8__0.5__416___0 0.157309606671 161.0 297.4 186.6 323.5 179.3 330.1 153.6 304.0
v-12__0.5__408___408 0.459097117186 252.0 215.6 252.0 229.1 215.5 229.1 215.5 215.6
v-12__0.5__408___408 0.198428958654 41.7 76.3 41.7 94.9 27.9 94.9 27.9 76.3
v-12__0.5__408___408 0.174163982272 212.5 439.5 212.5 460.4 191.8 460.4 191.8 439.5
v-9__0.5__408___0 0.524885535240 306.1 548.9 318.8 550.7 314.3 582.9 301.6 581.1
v-9__0.5__408___0 0.456210494041 25.0 441.9 32.2 460.6 2.8 472.9 -4.4 454.2
v-9__0.5__408___0 0.426153659821 294.9 36.7 301.4 59.1 284.6 63.8 278.1 41.4
v-9__0.5__408___0 0.151462063193 484.7 324.9 490.9 326.2 487.2 359.8 481.0 358.5
v-9__0.5__408___0 0.142817988992 494.0 542.5 518.0 608.0 501.6 612.6 477.6 547.2
v-9__0.5__408___0 0.109721243382 469.8 544.6 492.6 607.5 478.0 611.2 455.2 548.3
v-13__0.5__408___0 0.429594218731 502.0 351.6 523.8 380.3 511.1 389.1 489.2 360.4
v-13__0.5__408___0 0.182429000735 515.0 341.5 536.7 371.0 522.5 382.1 500.8 352.5
v-13__0.5__408___0 0.166170522571 227.1 -15.4 379.3 167.7 345.1 194.6 193.0 11.5
v-11__0.5__408___0 0.356201946735 481.0 130.5 481.0 161.2 468.1 161.2 468.1 130.5
v-11__0.5__408___0 0.218563437462 357.0 167.9 362.9 192.5 351.3 194.9 345.4 170.3
v-11__0.5__408___0 0.192289561033 166.5 227.6 172.7 247.0 165.3 248.5 159.0 229.1
v-11__0.5__408___0 0.117234513164 173.6 243.4 181.7 271.1 174.4 272.3 166.3 244.5
v-12__0.5__408___416 0.476668477058 252.7 207.3 252.7 221.3 215.0 221.3 215.0 207.3
v-12__0.5__408___416 0.273528933525 41.3 67.7 41.3 87.8 28.1 87.8 28.1 67.7
v-12__0.5__408___416 0.126889228821 210.7 432.0 210.7 452.8 193.7 452.8 193.7 432.0
v-11__0.5__408___408 0.360473424196 344.1 319.3 349.4 339.7 342.3 341.7 336.9 321.3
v-9__0.5__408___408 0.489904314280 120.9 210.8 129.7 238.7 116.7 242.5 107.9 214.6
v-9__0.5__408___408 0.469821482897 306.3 139.0 319.2 140.7 314.3 175.8 301.5 174.1
v-9__0.5__408___408 0.453670978546 215.7 507.8 222.3 525.0 195.2 535.5 188.7 518.3
v-9__0.5__408___408 0.447448164225 91.1 205.5 94.5 216.0 57.3 229.6 53.8 219.1
v-9__0.5__408___408 0.440737038851 44.8 238.1 54.7 266.5 40.4 271.5 30.5 243.1
v-9__0.5__408___408 0.386091649532 26.1 31.6 32.5 48.7 2.0 60.8 -4.4 43.6
v-9__0.5__408___408 0.383450627327 471.3 137.0 500.4 222.2 485.5 227.4 456.4 142.2
v-9__0.5__408___408 0.348604887724 493.0 131.5 519.9 211.8 504.5 216.8 477.6 136.5
v-9__0.5__408___408 0.320114016533 576.4 405.7 593.0 458.7 580.1 462.4 563.5 409.4
v-9__0.5__408___408 0.290956407785 585.6 395.8 597.0 447.0 587.9 448.1 576.5 396.8
v-9__0.5__408___408 0.250198006630 94.4 216.2 96.6 224.6 60.8 237.6 58.6 229.1
v-9__0.5__408___408 0.115416936576 404.6 486.7 410.7 505.7 399.6 508.7 393.5 489.6
v-15__0.5__0___0 0.533240914345 278.0 508.1 278.0 543.1 255.2 543.1 255.2 508.1
v-15__0.5__0___0 0.434119880199 573.0 103.9 573.0 130.6 551.2 130.6 551.2 103.9
v-15__0.5__0___0 0.235209092498 552.7 470.7 575.8 473.0 572.3 509.2 549.2 506.9
v-15__0.5__0___0 0.154684752226 120.4 475.8 125.3 492.4 114.4 496.2 109.5 479.7
v-12__0.5__416___0 0.129017695785 32.8 485.0 32.8 502.9 20.1 502.9 20.1 485.0
v-9__0.5__408___416 0.547818243504 306.0 132.8 318.6 134.6 314.1 166.6 301.5 164.8
v-9__0.5__408___416 0.501579284668 121.1 203.2 129.4 230.5 116.5 234.3 108.3 206.9
v-9__0.5__408___416 0.481231272221 24.5 26.1 31.7 44.8 2.9 57.0 -4.4 38.2
v-9__0.5__408___416 0.467423468828 45.6 230.1 55.2 258.5 39.8 263.7 30.3 235.3
v-9__0.5__408___416 0.453979104757 215.9 500.3 222.2 517.8 195.2 527.6 188.9 510.1
v-9__0.5__408___416 0.435866028070 91.5 197.1 95.2 208.3 56.6 222.4 53.0 211.2
v-9__0.5__408___416 0.394895315170 471.3 128.8 500.4 214.5 485.4 219.4 456.3 133.7
v-9__0.5__408___416 0.361106127501 493.0 124.2 520.0 203.2 504.4 208.2 477.4 129.2
v-9__0.5__408___416 0.360919684172 96.4 206.8 98.8 216.1 58.9 230.9 56.4 221.6
v-9__0.5__408___416 0.339915961027 84.0 191.7 87.5 201.0 57.5 212.0 54.0 202.7
v-9__0.5__408___416 0.320380330086 576.8 395.9 593.8 452.4 579.7 456.2 562.7 399.7
v-9__0.5__408___416 0.206461355090 586.0 389.7 596.8 437.0 587.6 438.2 576.8 390.9
v-11__0.5__408___416 0.344343632460 344.2 310.8 349.7 332.3 342.3 334.3 336.8 312.9
v-11__0.5__408___416 0.114712230861 487.4 0.7 493.2 16.3 484.0 18.7 478.2 3.1
v-13__0.5__416___0 0.420999377966 493.4 351.4 515.5 380.8 503.6 389.3 481.4 359.9
v-13__0.5__416___0 0.243151038885 510.7 341.2 532.3 371.3 516.9 382.5 495.3 352.4
v-13__0.5__416___0 0.176533654332 234.0 -23.9 379.9 162.8 346.5 188.0 200.6 1.3
v-15__0.5__0___408 0.614301145077 305.8 336.1 323.9 368.7 305.2 379.1 287.1 346.5
v-15__0.5__0___408 0.596389710903 144.4 415.6 154.8 462.7 132.7 467.8 122.3 420.7
v-15__0.5__0___408 0.516489744186 277.2 97.1 277.2 131.6 255.8 131.6 255.8 97.1
v-15__0.5__0___408 0.484756350517 332.3 222.1 332.3 239.5 294.6 239.5 294.6 222.1
v-15__0.5__0___408 0.456653505564 569.6 441.9 569.6 480.8 553.4 480.8 553.4 441.9
v-15__0.5__0___408 0.106984272599 120.3 67.6 125.3 84.4 114.5 88.8 109.4 72.0
v-9__0.5__416___0 0.534792244434 286.9 37.3 293.2 58.7 276.3 63.6 270.0 42.2
v-9__0.5__416___0 0.508415639400 298.1 547.5 310.4 548.9 305.8 584.2 293.5 582.8
v-9__0.5__416___0 0.340331673622 19.5 441.2 25.5 456.8 1.6 465.7 -4.4 450.1
v-9__0.5__416___0 0.166915893555 486.3 542.2 510.0 608.4 493.4 613.1 469.6 546.9
v-12__0.5__416___408 0.448143541813 243.7 215.3 243.7 229.0 208.2 229.0 208.2 215.3
v-12__0.5__416___408 0.113388665020 204.4 439.5 204.4 461.1 184.1 461.1 184.1 439.5
v-11__0.5__416___0 0.310840010643 472.9 131.2 472.9 161.2 459.7 161.2 459.7 131.2
v-11__0.5__416___0 0.268019139767 158.6 226.7 164.9 248.0 157.2 249.4 150.9 228.2
v-11__0.5__416___0 0.221991360188 348.8 167.8 354.5 192.4 343.5 194.6 337.8 170.1
v-11__0.5__416___0 0.128346130252 165.2 242.4 174.0 272.1 166.6 273.2 157.8 243.5
v-15__0.5__0___416 0.651655077934 306.6 328.6 324.6 360.9 305.3 371.9 287.4 339.5
v-15__0.5__0___416 0.595867693424 143.5 406.5 154.9 455.8 133.0 461.1 121.7 411.7
v-15__0.5__0___416 0.523759841919 278.0 92.2 278.0 126.9 255.2 126.9 255.2 92.2
v-15__0.5__0___416 0.500745832920 332.1 214.1 332.1 231.7 295.1 231.7 295.1 214.1
v-15__0.5__0___416 0.480528593063 569.3 434.5 569.3 472.4 553.8 472.4 553.8 434.5
v-15__0.5__0___416 0.160769477487 120.3 59.5 125.4 76.4 114.4 80.4 109.3 63.5
v-15__0.5__0___416 0.104113407433 281.2 -1.2 281.2 14.8 258.2 14.8 258.2 -1.2
v-15__0.5__0___416 0.101197287440 555.3 52.6 588.4 55.4 584.7 95.7 551.7 92.8
v-11__0.5__416___408 0.421815901995 335.8 318.9 341.6 340.0 334.2 341.9 328.4 320.8
v-12__0.5__416___416 0.453553140163 244.1 207.0 244.1 221.2 207.9 221.2 207.9 207.0
v-12__0.5__416___416 0.115421555936 32.8 68.9 32.8 86.8 20.2 86.8 20.2 68.9
v-9__0.5__416___408 0.530134797096 298.3 140.7 310.3 142.0 305.7 174.8 293.7 173.4
v-9__0.5__416___408 0.522711575031 112.5 211.3 120.7 238.1 108.4 241.8 100.1 215.0
v-9__0.5__416___408 0.464068353176 209.1 507.8 214.8 524.9 186.0 535.3 180.3 518.2
v-9__0.5__416___408 0.444036692381 36.2 240.9 46.3 269.4 33.0 274.0 22.8 245.5
v-9__0.5__416___408 0.415514707565 464.2 137.5 492.1 221.7 476.6 226.9 448.7 142.7
v-9__0.5__416___408 0.404284864664 84.0 205.5 87.2 215.4 48.1 229.7 44.9 219.9
v-9__0.5__416___408 0.345309436321 484.9 131.6 512.3 211.5 496.6 216.6 469.1 136.7
v-9__0.5__416___408 0.282314151525 570.2 414.8 584.5 457.3 570.3 461.2 556.0 418.8
v-9__0.5__416___408 0.278204739094 87.6 215.7 89.6 224.1 51.9 237.8 49.9 229.4
v-9__0.5__416___408 0.202914521098 18.9 33.2 25.5 49.3 1.5 58.8 -5.2 42.6
v-11__0.5__416___416 0.392199456692 336.0 311.0 341.4 331.7 334.2 333.7 328.8 313.1
v-9__0.5__416___416 0.514723300934 112.5 203.2 120.8 230.3 108.6 233.9 100.3 206.9
v-9__0.5__416___416 0.513660371304 298.0 131.6 310.3 133.1 305.8 167.5 293.5 166.1
v-9__0.5__416___416 0.504596889019 36.4 230.6 46.1 258.3 32.5 263.0 22.8 235.3
v-9__0.5__416___416 0.476792544127 208.5 500.2 214.6 516.9 187.1 527.5 181.0 510.7
v-9__0.5__416___416 0.435691088438 84.2 197.3 87.5 207.5 48.2 221.9 44.8 211.7
v-9__0.5__416___416 0.375381499529 464.3 129.5 491.7 213.8 476.2 218.7 448.9 134.4
v-9__0.5__416___416 0.361751079559 570.3 412.3 584.1 450.7 569.3 455.2 555.6 416.9
v-9__0.5__416___416 0.351171284914 18.4 25.4 24.5 40.8 2.3 49.4 -3.8 34.1
v-9__0.5__416___416 0.347884356976 87.8 207.4 90.1 216.3 51.8 230.2 49.5 221.3
v-9__0.5__416___416 0.341703444719 484.9 123.5 512.4 203.5 496.5 208.7 469.0 128.7
v-15__0.5__408___0 0.446378916502 161.7 105.0 161.7 129.7 138.6 129.7 138.6 105.0
v-15__0.5__408___0 0.130262181163 142.1 471.0 170.1 474.5 167.0 509.6 139.0 506.1
v-15__0.5__408___408 0.652044475079 456.9 448.1 456.9 492.9 435.4 492.9 435.4 448.1
v-15__0.5__408___408 0.601290524006 456.3 191.0 456.3 220.6 435.8 220.6 435.8 191.0
v-15__0.5__408___408 0.495151668787 161.9 437.9 161.9 479.0 144.9 479.0 144.9 437.9
v-10__0.5__0___408 0.223501741886 509.8 353.3 509.8 361.1 461.8 361.1 461.8 353.3
v-10__0.5__0___408 0.107778571546 462.4 328.7 462.4 346.5 445.4 346.5 445.4 328.7
v-15__0.5__408___416 0.644705832005 457.1 440.1 457.1 484.8 435.4 484.8 435.4 440.1
v-15__0.5__408___416 0.622782230377 456.3 183.4 456.3 212.9 436.1 212.9 436.1 183.4
v-15__0.5__408___416 0.505498468876 162.1 433.4 162.1 473.2 144.9 473.2 144.9 433.4
v-15__0.5__408___416 0.103720091283 152.0 254.3 152.0 276.9 138.2 276.9 138.2 254.3
v-17__0.5__0___0 0.111497357488 416.7 239.1 422.1 251.3 402.7 259.9 397.3 247.7
v-10__0.5__0___816 0.255741208792 528.2 462.9 531.8 467.7 521.6 475.1 518.0 470.2
v-10__0.5__0___816 0.113345377147 287.8 308.2 319.3 313.7 316.3 328.4 284.9 322.9
v-15__0.5__416___0 0.413747340441 157.5 104.1 157.5 130.6 134.9 130.6 134.9 104.1
v-15__0.5__416___0 0.252243280411 136.5 471.1 160.4 474.3 156.6 509.0 132.6 505.8
v-10__0.5__0___1224 0.243717834353 227.0 497.2 275.5 502.4 273.3 515.1 224.9 509.9
v-10__0.5__0___1224 0.183077275753 528.0 54.6 532.0 59.9 521.4 67.6 517.4 62.3
v-10__0.5__0___1224 0.115990236402 233.4 528.0 269.0 531.8 266.5 539.1 230.9 535.3
v-10__0.5__0___1224 0.115476928651 233.8 483.1 275.1 487.2 274.1 496.1 232.8 492.0
v-15__0.5__416___408 0.610749542713 448.8 449.6 448.8 491.1 427.3 491.1 427.3 449.6
v-15__0.5__416___408 0.526693761349 448.9 192.0 448.9 219.2 427.7 219.2 427.7 192.0
v-15__0.5__416___408 0.459948152304 153.7 438.1 153.7 479.0 137.0 479.0 137.0 438.1
v-10__0.5__0___1632 0.313627630472 156.9 414.7 174.0 417.9 167.5 461.2 150.4 458.0
v-10__0.5__0___1632 0.164968773723 228.0 89.3 274.6 94.3 272.2 107.0 225.6 102.0
v-10__0.5__0___1632 0.161448895931 0.9 467.4 15.3 476.3 12.2 482.2 -2.2 473.3
v-10__0.5__0___1632 0.111432284117 231.2 115.3 271.2 118.7 268.7 129.2 228.7 125.9
v-15__0.5__416___416 0.616572022438 449.5 439.6 449.5 484.6 427.3 484.6 427.3 439.6
v-15__0.5__416___416 0.537858486176 448.2 183.8 448.2 212.5 429.0 212.5 429.0 183.8
v-15__0.5__416___416 0.500796020031 153.9 433.2 153.9 473.4 137.0 473.4 137.0 433.2
v-18__0.5__0___408 0.172678306699 342.7 171.4 362.0 243.7 341.4 248.9 322.1 176.6
v-10__0.5__0___2040 0.324159085751 130.8 182.6 147.1 185.2 129.2 285.0 112.9 282.4
v-10__0.5__0___2040 0.292103767395 160.7 7.0 176.8 9.8 170.1 53.3 154.0 50.5
v-10__0.5__0___2040 0.197082027793 0.8 59.4 15.1 68.4 12.1 74.2 -2.2 65.2
v-18__0.5__0___416 0.193086683750 342.2 168.0 364.0 238.0 341.7 244.1 320.0 174.1
v-18__0.5__0___416 0.118442930281 125.4 503.6 127.3 510.1 94.9 516.6 93.1 510.1
v-18__0.5__408___0 0.400310069323 404.9 332.0 408.6 339.3 391.0 349.6 387.3 342.3
v-18__0.5__408___0 0.314771503210 573.1 485.0 574.9 489.2 559.7 495.2 557.9 491.1
v-18__0.5__408___408 0.216239318252 572.9 77.2 574.8 81.1 559.9 87.1 558.0 83.2
v-18__0.5__408___408 0.166625902057 367.1 321.4 367.1 338.5 333.1 338.5 333.1 321.4
v-18__0.5__408___408 0.102270975709 358.9 312.9 358.9 322.6 333.0 322.6 333.0 312.9
v-10__0.5__0___3264 0.115687452257 45.1 163.2 276.1 615.5 262.5 625.5 31.5 173.2
v-18__0.5__408___416 0.303876757622 573.4 68.9 575.2 73.2 559.5 79.4 557.7 75.1
v-18__0.5__408___416 0.238955646753 366.7 314.3 366.7 328.9 333.2 328.9 333.2 314.3
v-18__0.5__408___416 0.164404883981 359.6 304.7 359.6 314.8 332.6 314.8 332.6 304.7
v-10__0.5__0___3488 0.276680529118 60.8 -19.8 385.0 551.7 374.6 560.0 50.3 -11.5
v-18__0.5__416___0 0.348522454500 396.8 332.2 400.5 339.0 383.2 349.1 379.6 342.3
v-18__0.5__416___0 0.247232183814 564.8 485.1 566.4 489.4 551.4 495.3 549.7 491.1
v-18__0.5__416___408 0.244718119502 564.9 76.9 567.0 81.4 551.8 87.3 549.7 82.8
v-18__0.5__416___408 0.242660090327 357.5 322.7 357.5 344.8 326.5 344.8 326.5 322.7
v-18__0.5__416___408 0.119002729654 351.2 312.9 351.2 322.3 324.7 322.3 324.7 312.9
v-10__0.5__408___408 0.275333404541 101.3 353.2 101.3 361.1 54.1 361.1 54.1 353.2
v-10__0.5__408___408 0.172486573458 57.9 326.8 57.9 348.4 34.1 348.4 34.1 326.8
v-10__0.5__408___408 0.139356419444 97.7 323.5 97.7 329.8 42.3 329.8 42.3 323.5
v-10__0.5__408___408 0.138559475541 107.9 331.1 107.9 337.3 47.4 337.3 47.4 331.1
v-18__0.5__416___416 0.251974284649 564.9 69.0 566.6 73.4 551.3 79.4 549.5 74.9
v-18__0.5__416___416 0.209827482700 358.3 314.6 358.3 328.8 324.8 328.8 324.8 314.6
v-18__0.5__416___416 0.141783416271 351.5 304.7 351.5 314.7 324.5 314.7 324.5 304.7
v-19__0.5__0___2040 0.111495219171 458.7 403.0 472.1 411.5 465.0 424.7 451.6 416.2
v-19__0.5__0___2856 0.147702693939 255.2 590.8 254.8 599.5 60.5 612.6 60.9 603.9
v-19__0.5__0___3264 0.118052944541 170.8 184.7 172.5 198.5 1.1 219.3 -0.6 205.5
v-19__0.5__408___816 0.198059365153 217.6 254.3 217.6 269.9 201.8 269.9 201.8 254.3
v-10__0.5__1224___1224 0.461207598448 491.2 244.5 494.2 264.5 456.1 270.8 453.2 250.8
v-19__0.5__408___2040 0.203944206238 103.7 403.3 277.0 497.5 267.9 520.7 94.6 426.5
v-19__0.5__408___2040 0.170331060886 507.2 592.0 507.2 611.5 449.0 611.5 449.0 592.0
v-19__0.5__408___2448 0.350255727768 474.0 185.2 615.4 247.6 610.3 258.4 468.9 196.1
v-19__0.5__408___2448 0.194766253233 123.3 7.4 254.7 80.9 248.3 100.1 117.0 26.7
v-19__0.5__408___2856 0.173942089081 440.1 475.9 443.1 489.0 220.0 543.0 217.0 529.9
v-19__0.5__408___2856 0.160302862525 325.3 237.7 327.5 249.8 206.7 269.6 204.5 257.5
v-19__0.5__408___3264 0.214610204101 454.7 63.2 457.3 75.6 229.7 133.2 227.1 120.8
v-19__0.5__816___0 0.254167705774 597.8 348.5 607.7 363.0 470.9 463.7 461.0 449.3
v-19__0.5__816___0 0.203126356006 443.3 460.6 450.6 471.2 400.8 511.3 393.5 500.7
v-19__0.5__816___0 0.128130510449 484.6 429.4 489.3 435.7 449.4 470.7 444.7 464.4
v-19__0.5__816___408 0.177039891481 377.7 101.5 385.4 111.9 275.1 205.8 267.5 195.4
v-19__0.5__816___408 0.172715649009 490.3 17.4 496.8 27.3 449.7 65.7 443.2 55.9
v-19__0.5__816___408 0.161125242710 456.2 49.2 463.3 56.3 395.8 114.1 388.7 107.0
v-19__0.5__816___408 0.130946740508 428.7 60.5 434.3 67.9 392.5 103.6 386.9 96.3
v-19__0.5__816___816 0.151108205318 69.2 143.5 97.1 155.1 95.5 158.3 67.6 146.8
v-10__0.5__1632___1224 0.455413132906 83.2 244.8 86.5 264.2 48.4 270.8 45.2 251.3
v-19__0.5__816___1224 0.323047727346 348.5 586.8 359.6 603.9 351.5 608.6 340.5 591.5
v-19__0.5__816___1632 0.395479500294 356.7 184.4 424.8 285.1 414.2 292.0 346.1 191.3
v-19__0.5__816___1632 0.126354306936 605.0 328.1 606.3 338.9 518.8 345.9 517.5 335.0
v-19__0.5__816___2040 0.247540235519 96.2 591.2 96.2 612.2 44.0 612.2 44.0 591.2
v-19__0.5__816___2448 0.302694082260 67.4 192.4 356.5 318.4 352.2 322.7 63.1 196.6
v-19__0.5__816___2448 0.110923178494 147.0 134.1 150.4 141.4 137.4 149.8 134.1 142.5
v-19__0.5__1224___0 0.251662611961 248.3 306.0 255.5 316.7 219.5 344.9 212.2 334.2
v-19__0.5__1224___0 0.228676810861 183.6 352.5 193.0 366.6 93.3 444.3 83.9 430.2
v-19__0.5__1224___1632 0.368241101503 346.8 314.7 347.2 324.9 113.1 345.3 112.7 335.2
v-19__0.5__1224___1632 0.105287045240 420.8 482.6 426.9 490.6 382.6 528.3 376.5 520.4
v-19__0.5__1632___2040 0.111261002719 12.1 75.1 17.4 80.2 0.3 96.1 -5.0 91.1
v-19__0.5__2040___0 0.351478338242 430.0 26.0 432.0 31.6 373.0 64.7 371.0 59.1
v-19__0.5__2040___0 0.221663504839 299.0 435.5 299.0 442.0 272.9 442.0 272.9 435.5
v-19__0.5__2040___0 0.202695414424 290.4 79.4 292.7 83.5 274.1 93.2 271.7 89.1
v-19__0.5__2040___0 0.109876334667 117.1 167.3 118.3 171.3 102.8 179.3 101.7 175.3
v-19__0.5__2040___408 0.173500984907 299.2 27.7 299.2 34.2 272.7 34.2 272.7 27.7
v-19__0.5__2040___816 0.399967133999 595.2 346.8 602.2 351.4 592.9 369.2 585.9 364.6
v-19__0.5__2448___816 0.484931349754 188.5 346.9 193.6 351.1 183.2 369.4 178.1 365.1
v-19__0.5__2448___816 0.255820870399 524.2 482.9 528.3 483.8 520.3 503.6 516.1 502.8
v-19__0.5__2448___1224 0.149139702320 525.9 71.0 530.0 72.5 520.9 93.4 516.9 91.9
v-19__0.5__2856___816 0.290289580822 116.5 482.4 120.6 483.4 111.9 504.1 107.8 503.1
v-19__0.5__2856___1224 0.365175336599 497.6 484.9 502.9 488.3 489.0 510.8 483.7 507.4
v-19__0.5__2856___1224 0.150668099523 116.0 75.2 120.3 75.9 112.5 95.5 108.1 94.9
v-19__0.5__3264___1632 0.355760097504 568.3 361.3 575.1 364.9 547.9 410.9 541.0 407.3
v-19__0.5__3264___1632 0.284954130650 86.4 79.8 92.1 82.6 78.9 106.9 73.2 104.2
v-19__0.5__3264___1632 0.143290102482 299.7 452.7 333.0 474.0 328.9 478.3 295.7 457.0
v-19__0.5__3264___2040 0.157376691699 299.6 44.8 333.0 65.5 329.0 69.8 295.6 49.1
v-19__0.5__3264___3264 0.375232905149 463.1 228.9 479.2 251.6 474.5 254.7 458.4 232.0
v-19__0.5__3264___3488 0.227459564805 463.7 4.9 479.7 27.8 474.7 31.1 458.6 8.2
v-19__0.5__3488___1632 0.325356185436 340.5 368.1 346.9 371.5 319.7 418.6 313.3 415.2
v-19__0.5__3488___1632 0.140446171165 75.7 452.6 109.0 473.9 105.0 478.4 71.7 457.1
v-19__0.5__3488___2040 0.247953698039 511.2 190.0 511.0 194.6 476.5 198.4 476.8 193.8
v-19__0.5__3488___2040 0.156452640891 75.8 44.8 108.9 65.2 104.9 69.7 71.8 49.3
v-19__0.5__3488___3264 0.375885367393 239.1 228.9 255.2 251.6 250.5 254.7 234.4 232.0
v-19__0.5__3488___3488 0.222399696708 239.7 4.9 255.7 27.7 250.6 31.0 234.6 8.2
v-1__1__1440___0 0.186700761318 565.5 256.0 608.6 259.4 606.0 284.2 562.9 280.8
v-2__1__816___408 0.110408633947 603.6 453.4 615.6 457.2 601.5 510.9 589.6 507.1
v-2__1__1440___408 0.140252873302 29.3 514.5 29.3 531.1 -1.0 531.1 -1.0 514.5
v-2__1__1440___408 0.116227328777 10.7 413.8 32.5 423.8 9.6 510.1 -12.2 500.1
v-2__1__1440___816 0.127673894167 29.5 103.4 29.5 125.7 -1.4 125.7 -1.4 103.4
v-3__1__0___0 0.555144190788 563.5 415.7 570.6 448.3 529.0 460.1 522.0 427.6
v-3__1__0___0 0.438168913126 581.0 176.8 581.0 187.5 534.2 187.5 534.2 176.8
v-3__1__0___0 0.192886531353 481.4 -0.8 495.4 7.8 481.2 28.9 467.2 20.3
v-3__1__0___0 0.159239694476 471.3 34.0 482.5 41.0 461.3 74.2 450.1 67.2
v-3__1__0___408 0.237514302135 554.5 14.3 561.1 47.1 530.7 53.5 524.1 20.6
v-3__1__408___0 0.505702853203 170.2 176.7 170.2 187.4 122.3 187.4 122.3 176.7
v-3__1__408___0 0.458485782146 161.2 415.3 168.9 444.9 122.6 460.4 114.9 430.8
v-3__1__408___0 0.196337580681 71.8 -2.4 80.6 3.1 68.5 22.2 59.7 16.7
v-3__1__408___0 0.188932821155 74.1 20.0 85.2 26.8 56.5 71.8 45.4 64.9
v-3__1__408___0 0.148592278361 166.5 405.6 169.0 418.3 125.5 430.2 123.0 417.4
v-3__1__408___0 0.148350358009 83.1 6.2 91.1 10.9 82.4 22.0 74.4 17.3
v-3__1__408___408 0.285607278347 159.6 4.7 167.8 31.7 125.0 47.7 116.8 20.6
v-3__1__816___1440 0.255336523056 607.4 479.0 607.4 525.4 564.0 525.4 564.0 479.0
v-3__1__816___1440 0.113959275186 606.1 91.6 606.1 120.6 566.5 120.6 566.5 91.6
v-3__1__1224___1440 0.321230173111 204.7 487.6 204.7 517.0 150.8 517.0 150.8 487.6
v-3__1__1224___1440 0.113273330033 202.1 108.6 202.1 127.1 154.1 127.1 154.1 108.6
v-4__1__0___0 0.305579185486 194.7 114.6 219.1 164.9 161.6 193.2 137.1 142.9
v-4__1__408___0 0.301860779524 559.0 157.9 571.5 187.2 566.3 189.7 553.7 160.4
v-4__1__408___0 0.140957340598 303.4 311.6 310.8 348.2 228.8 365.0 221.4 328.4
v-4__1__408___408 0.411967694759 421.2 187.0 423.1 193.8 390.4 209.2 388.5 202.5
v-4__1__408___408 0.210123747587 463.7 535.3 477.7 569.0 466.9 573.3 452.8 539.6
v-4__1__408___408 0.195973277092 284.4 569.6 304.6 602.8 263.4 625.8 243.2 592.6
v-4__1__408___408 0.134375736117 533.6 439.2 536.9 451.6 511.6 460.1 508.3 447.7
v-4__1__408___816 0.337831914425 282.1 155.6 322.1 227.9 273.8 256.6 233.7 184.3
v-4__1__408___816 0.201607763767 464.1 127.8 477.2 160.2 466.4 164.4 453.2 132.0
v-4__1__408___816 0.192589044571 537.2 30.7 541.4 44.2 514.0 53.3 509.8 39.8
v-4__1__816___408 0.256304442883 129.2 438.8 132.9 452.3 105.6 460.5 101.9 447.1
v-4__1__816___408 0.245212987065 56.4 536.6 69.4 567.6 58.4 572.1 45.3 541.1
v-4__1__816___408 0.142310932279 11.7 186.5 15.7 196.3 2.1 201.7 -1.9 191.9
v-4__1__816___816 0.467220842838 396.3 540.6 400.3 550.1 367.8 566.4 363.8 557.0
v-4__1__816___816 0.278676450253 125.8 31.4 129.6 44.1 103.5 52.8 99.6 40.2
v-4__1__816___816 0.137011572719 56.8 129.0 69.2 158.3 58.0 162.8 45.5 133.4
v-4__1__816___1224 0.446582436562 488.0 310.3 491.6 319.2 459.8 334.4 456.3 325.5
v-4__1__816___1224 0.441512733698 395.3 132.7 399.3 142.4 368.8 157.8 364.8 148.1
v-4__1__816___1440 0.441524922848 487.8 94.5 491.5 103.2 459.8 118.4 456.1 109.7
v-4__1__1224___1224 0.462228417397 80.2 310.5 84.0 319.5 51.6 334.5 47.9 325.5
v-4__1__1224___1224 0.425555169582 503.8 547.8 514.6 573.2 507.0 576.5 496.2 551.1
v-4__1__1224___1440 0.486974895000 80.9 94.4 84.7 103.5 50.9 118.9 47.2 109.8
v-4__1__1224___1440 0.463417828083 249.0 427.2 251.7 435.9 220.5 448.1 217.8 439.4
v-4__1__1224___1440 0.253883391619 503.8 332.1 514.3 356.9 507.2 359.9 496.7 335.1
v-4__1__1440___408 0.514460682869 393.7 259.1 404.3 285.2 396.1 288.4 385.4 262.2
v-4__1__1440___1224 0.382796466351 288.0 548.2 298.3 572.0 290.6 575.3 280.3 551.4
v-4__1__1440___1440 0.348819047213 32.7 427.3 35.1 435.1 3.8 448.0 1.5 440.2
v-4__1__1440___1440 0.332421511412 287.9 332.3 298.0 356.5 290.7 359.3 280.7 335.1
v-6__1__0___1440 0.152838915586 359.5 496.0 396.8 557.4 356.9 580.0 319.6 518.5
v-6__1__0___1440 0.141036301851 432.0 495.1 477.2 560.0 436.0 589.0 390.8 524.1
v-6__1__408___1440 0.109442271292 24.4 502.5 61.2 559.6 27.7 581.9 -9.1 524.8
v-7__1__0___0 0.403158992529 121.3 100.8 125.7 134.6 115.3 134.7 110.9 100.9
v-7__1__0___0 0.302097409964 139.0 541.2 143.5 572.4 130.1 573.4 125.6 542.2
v-7__1__0___0 0.205819785595 532.5 493.1 535.7 516.0 526.0 517.6 522.8 494.8
v-7__1__0___408 0.321799427271 139.0 131.4 142.8 160.6 129.6 161.7 125.8 132.5
v-7__1__0___408 0.287994027138 535.6 85.0 535.6 110.1 522.8 110.1 522.8 85.0
v-7__1__0___816 0.369534850121 36.4 190.8 45.8 258.7 32.7 260.2 23.3 192.3
v-7__1__0___816 0.237811699510 32.5 414.6 33.2 423.8 2.6 428.0 2.0 418.7
v-7__1__0___816 0.215352311730 10.3 199.9 16.9 260.3 8.9 260.2 2.3 199.8
v-7__1__0___1224 0.470960766077 108.6 475.4 109.6 490.1 71.5 494.9 70.6 480.2
v-7__1__0___1440 0.513152360916 107.0 259.3 108.5 274.9 72.8 279.6 71.3 264.0
v-7__1__408___0 0.443263053894 449.5 126.9 455.0 166.6 402.8 173.7 397.4 134.0
v-7__1__408___0 0.438898593187 506.9 436.3 511.2 470.5 497.7 471.2 493.5 437.0
v-7__1__408___0 0.397919058800 449.7 451.5 452.5 479.6 435.0 481.6 432.2 453.4
v-7__1__408___0 0.232616737485 127.5 494.0 127.5 517.1 115.0 517.1 115.0 494.0
v-7__1__408___0 0.198594272137 386.8 12.5 391.3 55.0 376.6 55.5 372.1 12.9
v-7__1__408___0 0.190921217203 446.8 113.1 447.2 125.0 397.6 131.0 397.2 119.2
v-7__1__408___408 0.436311334372 449.3 43.6 452.0 71.4 434.8 73.1 432.2 45.3
v-7__1__408___408 0.400304943323 506.8 27.8 511.3 63.1 497.7 63.9 493.1 28.6
v-7__1__408___408 0.278095126152 127.5 86.4 127.5 109.0 114.9 109.0 114.9 86.4
v-7__1__816___0 0.502236306667 43.8 123.1 51.6 167.6 -0.1 177.2 -7.9 132.7
v-7__1__816___0 0.419123679399 99.2 436.4 103.4 470.7 89.7 471.3 85.5 437.0
v-7__1__816___0 0.391616165638 41.8 450.9 44.8 479.9 27.2 482.0 24.1 453.0
v-7__1__816___0 0.285412639380 236.1 -2.2 239.9 27.5 225.6 29.4 221.8 -0.3
v-7__1__816___0 0.233018189669 241.7 194.8 245.6 232.4 232.0 233.6 228.1 195.9
v-7__1__816___408 0.356301456690 42.0 42.8 45.0 71.7 26.7 73.7 23.7 44.7
v-7__1__816___408 0.333683162928 99.4 27.9 103.7 62.6 89.6 63.5 85.3 28.8
v-7__1__816___408 0.109206803143 456.3 466.3 466.4 501.2 452.4 505.7 442.3 470.7
v-7__1__816___1440 0.484293967485 216.8 504.5 221.2 538.9 212.0 539.9 207.5 505.5
v-8__1__816___408 0.127833664417 350.6 193.2 391.3 233.5 373.5 251.6 332.9 211.3
v-9__1__0___1224 0.604047417641 388.1 268.9 408.8 316.0 384.3 327.4 363.7 280.3
v-9__1__0___1224 0.251007586718 599.2 181.9 621.2 243.7 597.1 254.3 575.1 192.5
v-9__1__0___1224 0.231284484267 47.2 398.6 58.5 438.1 35.8 445.6 24.5 406.1
v-9__1__0___1224 0.100323162973 546.6 -4.2 551.0 9.0 530.6 16.2 526.1 3.0
v-9__1__0___1440 0.512580573559 388.3 54.4 407.5 98.8 383.6 109.7 364.4 65.2
v-9__1__0___1440 0.353852778673 42.2 187.3 54.5 225.2 34.3 232.1 22.0 194.2
v-9__1__0___1440 0.137633189559 593.6 -4.8 605.5 27.1 586.8 32.9 574.9 1.0
v-9__1__408___0 0.419257909060 285.9 444.0 295.3 470.5 229.7 496.1 220.3 469.5
v-9__1__408___408 0.573531150818 460.1 478.9 470.7 510.2 407.6 533.4 397.0 502.1
v-9__1__408___408 0.400896310806 282.7 37.1 291.5 61.6 226.0 86.9 217.2 62.4
v-9__1__408___816 0.624934196472 461.4 71.4 471.8 102.7 407.2 125.2 396.7 93.9
v-9__1__408___816 0.557413578033 500.8 481.1 521.6 537.7 495.4 547.5 474.6 490.9
v-9__1__408___816 0.292528450489 592.5 409.4 600.2 430.7 523.9 459.5 516.2 438.1
v-9__1__408___816 0.251913994551 579.6 401.0 583.9 415.2 527.9 435.3 523.6 421.1
v-9__1__408___1224 0.628066360950 503.2 72.4 522.9 128.2 493.0 139.6 473.3 83.9
v-9__1__408___1224 0.609803318977 198.7 183.2 218.8 241.9 188.2 253.3 168.1 194.6
v-9__1__408___1224 0.124266676605 342.7 585.0 351.5 607.3 340.4 610.9 331.6 588.7
v-9__1__408___1440 0.305847465992 202.0 -10.3 214.2 21.8 186.7 31.2 174.5 -0.9
v-9__1__816___0 0.126633033156 580.7 74.9 599.4 119.7 575.1 129.6 556.4 84.7
v-9__1__816___408 0.419835507870 55.8 479.6 65.5 507.7 3.8 531.6 -5.9 503.5
v-9__1__816___816 0.553187787533 94.5 481.7 113.4 536.5 84.9 546.6 66.0 491.8
v-9__1__816___816 0.488529920578 55.2 71.7 65.3 101.7 4.4 123.5 -5.7 93.5
v-9__1__816___816 0.480259925127 239.7 428.2 260.5 477.7 238.2 487.7 217.4 438.1
v-9__1__816___816 0.356041610241 183.9 408.7 191.7 429.0 116.5 459.9 108.7 439.6
v-9__1__816___816 0.167690753937 171.3 400.8 175.4 414.5 120.2 435.7 116.0 422.1
v-9__1__816___816 0.118267051876 189.6 431.5 195.2 447.6 119.2 476.2 113.6 460.1
v-9__1__816___1224 0.613548696041 95.2 73.0 114.2 128.1 84.6 139.0 65.6 83.8
v-9__1__816___1224 0.461531490088 239.2 18.9 260.9 71.3 238.4 81.2 216.6 28.8
v-9__1__816___1440 0.513127624989 434.2 397.2 444.3 426.1 385.4 446.8 375.2 417.9
v-9__1__1224___0 0.369156658649 175.2 73.3 193.7 120.3 165.2 131.3 146.7 84.3
v-9__1__1224___816 0.513815164566 206.5 277.8 230.9 280.6 220.9 350.4 196.5 347.6
v-9__1__1224___816 0.280488550663 528.1 282.8 591.8 438.7 564.7 449.3 501.1 293.4
v-9__1__1224___1224 0.171606585383 570.5 -10.5 592.7 34.3 570.1 46.0 547.9 1.2
v-9__1__1224___1440 0.174898087978 27.6 400.8 35.4 421.5 0.3 435.7 -7.5 414.9
v-9__1__1440___816 0.191836476326 15.4 278.0 15.4 342.5 -4.1 342.5 -4.1 278.0
v-9__1__1440___816 0.151265323162 311.7 283.7 373.1 438.7 348.8 448.2 287.4 293.2
v-9__1__1440___1224 0.157886371017 355.8 -12.7 376.8 29.6 352.8 41.6 331.8 -0.7
v-9__1__1440___1224 0.100508786738 537.4 431.2 566.9 519.0 546.7 525.0 517.2 437.2
v-10__1__0___2856 0.199000358582 536.7 521.7 536.7 531.2 482.6 531.2 482.6 521.7
v-10__1__0___2856 0.169192090631 463.4 552.6 566.2 570.9 564.9 587.1 462.1 568.7
v-10__1__0___3264 0.326235949993 432.7 170.7 598.7 192.4 595.0 225.2 429.1 203.5
v-10__1__0___3264 0.230069160461 459.6 234.6 546.4 246.7 544.6 265.5 457.7 253.4
v-10__1__0___3264 0.181855157018 459.3 148.2 602.7 169.8 600.0 190.6 456.6 169.0
v-10__1__0___3264 0.161315307021 575.5 351.5 575.5 364.9 516.1 364.9 516.1 351.5
v-10__1__0___3672 0.509815216064 308.6 424.0 346.6 427.6 336.3 515.9 298.3 512.3
v-10__1__0___3672 0.354235261679 4.6 531.7 31.0 550.6 24.1 559.7 -2.3 540.8
v-10__1__0___3672 0.151269257069 341.7 509.6 383.6 512.3 382.2 519.3 340.3 516.5
v-10__1__0___3672 0.123068310320 396.0 454.4 402.7 455.3 393.0 508.7 386.3 507.8
v-10__1__0___4080 0.573828458786 307.4 14.6 346.9 17.9 337.1 109.3 297.6 106.0
v-10__1__0___4080 0.380540817976 266.7 369.4 296.4 376.2 257.2 554.6 227.4 547.8
v-10__1__0___4080 0.345938086510 4.8 124.1 31.4 143.1 24.7 151.9 -1.9 133.0
v-10__1__0___4080 0.264009833336 172.4 354.1 187.8 356.6 151.2 545.5 135.9 543.0
v-10__1__0___4080 0.153373420238 395.8 46.9 402.3 47.3 393.2 100.2 386.7 99.8
v-10__1__0___4080 0.124500341713 186.3 361.7 249.0 373.6 217.6 561.6 154.9 549.7
v-10__1__0___4488 0.319267451763 257.4 -6.0 289.9 1.1 258.6 153.7 226.1 146.6
v-10__1__0___4488 0.195264294744 159.6 0.4 175.0 3.7 148.9 131.4 133.5 128.1
v-10__1__0___4896 0.301917463541 395.3 190.2 406.3 198.1 368.8 245.1 357.7 237.1
v-10__1__0___6936 0.269207924604 121.1 -12.4 446.2 584.5 418.6 601.2 93.5 4.3
v-10__1__0___7344 0.119339928031 325.1 -17.5 614.2 466.5 582.0 485.2 292.9 1.1
v-10__1__0___7584 0.145937025547 471.2 -11.7 630.8 247.2 604.7 263.0 445.1 4.1
v-10__1__408___0 0.110079392791 457.3 298.5 457.3 313.7 418.9 313.7 418.9 298.5
v-10__1__408___1224 0.314742475748 603.7 273.5 603.7 299.3 504.2 299.3 504.2 273.5
v-10__1__408___1224 0.270323067904 605.2 251.8 605.2 272.2 502.4 272.2 502.4 251.8
v-10__1__408___1224 0.246898278594 572.5 239.9 572.5 251.3 503.7 251.3 503.7 239.9
v-10__1__408___1224 0.226872518659 601.6 295.5 601.6 314.9 506.4 314.9 506.4 295.5
v-10__1__408___2040 0.213644459844 163.8 211.6 251.3 223.7 248.1 256.1 160.6 244.0
v-10__1__408___2040 0.122047357261 545.8 48.4 545.8 69.3 536.4 69.3 536.4 48.4
v-10__1__408___2856 0.140765771270 128.7 522.1 128.7 531.0 74.7 531.0 74.7 522.1
v-10__1__408___2856 0.139428317547 62.6 556.5 119.0 563.9 117.7 575.6 61.2 568.3
v-10__1__408___3264 0.251501768827 60.8 147.5 120.5 155.5 119.2 168.9 59.5 160.8
v-10__1__408___3264 0.203531354666 57.2 234.9 133.0 245.5 131.2 265.2 55.4 254.6
v-10__1__408___3264 0.187668070197 171.2 351.2 171.2 365.1 104.5 365.1 104.5 351.2
v-10__1__408___6936 0.195199444890 2.1 511.1 54.5 600.7 34.4 612.7 -17.9 523.1
v-10__1__408___7344 0.135661840439 -11.2 99.0 334.3 604.8 303.5 625.5 -42.0 119.8
v-10__1__408___7584 0.174105539918 61.9 -20.4 472.1 536.0 438.4 560.9 28.2 4.5
v-10__1__816___0 0.228925436735 29.5 87.9 29.5 108.0 -0.7 108.0 -0.7 87.9
v-10__1__816___0 0.101509481668 49.6 297.1 49.6 315.1 10.7 315.1 10.7 297.1
v-10__1__816___408 0.160329848528 65.4 296.0 65.4 315.6 10.5 315.6 10.5 296.0
v-10__1__816___1224 0.191025957465 167.6 240.2 167.6 251.1 92.5 251.1 92.5 240.2
v-10__1__816___1224 0.167215541005 184.1 273.7 184.1 299.6 92.0 299.6 92.0 273.7
v-10__1__816___1224 0.126172289252 169.0 297.4 169.0 313.5 99.0 313.5 99.0 297.4
v-10__1__816___1224 0.110864423215 111.4 252.9 111.4 286.6 69.8 286.6 69.8 252.9
v-10__1__816___7584 0.109775774181 3.0 463.2 125.5 604.7 96.9 628.0 -25.5 486.5
v-10__1__2856___2448 0.582668304443 573.4 488.1 581.3 526.1 502.3 541.1 494.4 503.0
v-10__1__2856___2448 0.187870740891 335.0 41.7 338.1 52.1 316.2 59.3 313.1 48.9
v-10__1__2856___2856 0.586520314217 572.8 80.5 580.2 117.8 503.6 131.8 496.2 94.5
v-10__1__2856___2856 0.223544865847 293.8 414.0 319.1 422.4 317.0 430.2 291.7 421.8
v-10__1__2856___2856 0.145073890686 418.8 521.0 424.2 525.5 410.2 539.2 404.8 534.7
v-10__1__2856___2856 0.122095681727 324.2 524.2 324.2 535.2 296.9 535.2 296.9 524.2
v-10__1__2856___3264 0.386738896370 342.0 431.0 346.7 440.8 310.7 459.9 306.1 450.1
v-10__1__2856___3264 0.216471627355 330.1 410.5 335.4 422.0 298.3 440.8 293.0 429.3
v-10__1__3264___2448 0.605209410191 165.0 492.5 171.7 530.0 94.8 543.1 88.2 505.7
v-10__1__3264___2856 0.590113878250 166.9 80.6 174.4 117.2 93.7 132.0 86.2 95.4
v-10__1__3264___2856 0.205735176802 206.8 290.9 206.8 328.0 197.1 328.0 197.1 290.9
v-10__1__3264___2856 0.193218141794 11.7 518.7 18.1 524.6 0.8 541.8 -5.5 535.8
v-10__1__4080___2040 0.137802317739 384.5 305.0 439.4 314.3 435.7 338.8 380.8 329.6
v-10__1__4488___2040 0.286411970854 534.2 -1.3 543.1 44.5 535.1 45.5 526.2 -0.3
v-10__1__4488___2040 0.278717428446 489.7 14.3 508.4 49.3 499.1 53.8 480.5 18.8
v-10__1__4488___2040 0.222456246614 0.2 307.6 32.1 313.9 28.0 336.0 -3.9 329.7
v-11__1__0___0 0.210443630815 38.4 512.1 51.6 551.9 -1.5 572.2 -14.8 532.4
v-11__1__0___408 0.450649648905 401.8 285.9 412.2 323.6 403.6 325.9 393.1 288.3
v-11__1__0___408 0.363046199083 43.8 103.8 57.2 144.3 0.3 165.0 -13.2 124.5
v-11__1__408___0 0.362392246723 336.3 35.9 345.8 68.5 333.5 72.0 324.0 39.4
v-11__1__408___0 0.108549118042 595.3 124.1 597.9 130.9 577.5 136.4 574.9 129.5
v-11__1__408___408 0.262977451086 263.8 185.7 277.8 260.4 220.4 274.1 206.3 199.4
v-11__1__408___1224 0.256835460663 531.1 23.5 531.1 44.6 512.5 44.6 512.5 23.5
v-11__1__408___1224 0.196833178401 396.7 414.1 407.9 484.9 359.9 494.0 348.8 423.2
v-11__1__408___1440 0.243637934327 400.8 196.4 411.3 271.1 362.3 279.4 351.8 204.8
v-11__1__816___0 0.475509315729 335.1 459.0 345.9 493.4 332.5 497.4 321.7 463.0
v-11__1__816___408 0.414026856422 335.2 49.7 346.4 86.0 332.4 90.1 321.2 53.8
v-11__1__1224___0 0.468669772148 320.0 327.0 333.1 378.0 300.0 388.5 286.9 337.5
v-11__1__1224___0 0.386128097773 551.4 256.8 555.9 321.5 531.6 323.0 527.1 258.3
v-11__1__1224___0 0.171998098493 169.9 132.8 169.9 158.4 162.9 158.4 162.9 132.8
v-11__1__1224___1224 0.482399106026 279.7 235.9 289.2 269.0 278.2 272.1 268.7 239.0
v-11__1__1224___1440 0.453070521355 279.9 20.2 289.2 52.1 277.9 55.5 268.6 23.5
v-11__1__1440___0 0.481485664845 103.4 327.2 116.0 379.9 85.4 388.8 72.8 336.1
v-11__1__1440___0 0.402911543846 331.0 257.2 335.6 312.6 314.6 314.5 310.0 259.1
v-11__1__1440___0 0.130124896765 556.3 178.7 556.3 240.8 544.7 240.8 544.7 178.7
v-11__1__1440___1224 0.455419570208 63.8 236.3 73.1 268.0 62.0 271.3 52.7 239.7
v-11__1__1440___1440 0.437375009060 63.8 20.0 73.0 51.9 61.6 55.3 52.3 23.4
v-12__1__408___408 0.370935946703 493.8 563.9 493.8 599.6 462.5 599.6 462.5 563.9
v-12__1__408___816 0.265860080719 491.9 141.6 491.9 198.2 464.5 198.2 464.5 141.6
v-12__1__816___408 0.422737985849 84.4 566.1 84.4 598.0 55.9 598.0 55.9 566.1
v-12__1__816___816 0.464846700430 500.2 429.1 500.2 456.5 430.7 456.5 430.7 429.1
v-12__1__816___816 0.202763095498 83.4 143.4 83.4 196.9 56.1 196.9 56.1 143.4
v-12__1__816___1224 0.434275150299 499.8 25.8 499.8 50.1 432.2 50.1 432.2 25.8
v-12__1__1224___816 0.448453634977 95.7 431.7 95.7 459.3 11.6 459.3 11.6 431.7
v-12__1__1224___1224 0.379686355591 94.2 26.2 94.2 50.3 13.6 50.3 13.6 26.2
v-13__1__1440___408 0.218188196421 414.3 260.6 456.6 320.8 413.7 351.2 371.4 291.0
v-13__1__1440___408 0.193488836288 378.2 284.2 433.6 363.4 394.2 392.1 338.8 312.9
v-15__1__0___816 0.546005904675 558.9 202.5 558.9 273.5 508.4 273.5 508.4 202.5
v-15__1__0___816 0.237330183387 604.7 444.6 610.6 473.8 591.1 478.9 585.1 449.7
v-15__1__0___1224 0.549160063267 288.3 429.2 306.3 508.6 266.1 518.2 248.0 438.8
v-15__1__0___1224 0.209955096245 598.5 260.0 627.7 323.1 605.1 335.3 576.0 272.2
v-15__1__0___1224 0.108725339174 609.0 38.5 609.0 62.2 586.9 62.2 586.9 38.5
v-15__1__0___1440 0.544952929020 288.1 213.5 306.7 292.0 266.2 302.2 247.6 223.7
v-15__1__0___1440 0.181528374553 599.3 45.6 627.8 104.8 604.6 117.8 576.2 58.6
v-15__1__408___816 0.624437808990 259.0 440.0 259.0 484.7 169.1 484.7 169.1 440.0
v-15__1__408___816 0.607658982277 149.9 200.2 149.9 267.7 102.3 267.7 102.3 200.2
v-15__1__408___1224 0.661434948444 258.6 34.1 258.6 75.0 169.4 75.0 169.4 34.1
v-15__1__408___1224 0.494489461184 207.7 259.6 244.8 329.4 204.2 352.9 167.1 283.1
v-15__1__408___1440 0.498881816864 207.5 42.8 245.2 113.3 204.5 137.0 166.8 66.5
v-15__1__816___0 0.539884984493 328.1 204.6 328.1 256.4 282.9 256.4 282.9 204.6
v-15__1__816___1224 0.606269419193 324.5 466.3 324.5 553.3 287.8 553.3 287.8 466.3
v-15__1__816___1440 0.624041616917 325.6 252.3 325.6 335.6 286.5 335.6 286.5 252.3
v-15__1__1224___816 0.639763176441 506.8 376.7 506.8 443.1 463.9 443.1 463.9 376.7
v-15__1__1224___1224 0.615121006966 504.9 493.5 504.9 574.0 459.6 574.0 459.6 493.5
v-15__1__1224___1224 0.561348676682 510.2 0.2 510.2 35.3 461.3 35.3 461.3 0.2
v-15__1__1224___1440 0.584578037262 504.6 277.1 504.6 358.2 460.0 358.2 460.0 277.1
v-15__1__1440___816 0.639098465443 291.3 375.1 291.3 444.9 247.6 444.9 247.6 375.1
v-15__1__1440___1224 0.549268364906 288.0 494.0 288.0 573.6 244.6 573.6 244.6 494.0
v-15__1__1440___1224 0.544204711914 293.2 -1.2 293.2 37.1 246.1 37.1 246.1 -1.2
v-15__1__1440___1440 0.527275145054 289.4 276.4 289.4 359.1 243.4 359.1 243.4 276.4
v-17__1__0___1224 0.104627504945 383.5 482.7 389.7 485.8 372.5 512.5 366.2 509.5
v-18__1__408___816 0.271417975426 303.1 434.9 326.4 497.9 268.5 521.3 245.2 458.3
v-18__1__408___1224 0.331051737070 299.6 17.1 321.9 87.9 264.5 106.9 242.2 36.0
v-18__1__1224___408 0.537999451160 400.8 257.1 408.8 271.9 377.9 289.1 369.9 274.3
v-18__1__1224___1224 0.258563399315 323.4 241.4 323.4 274.4 264.5 274.4 264.5 241.4
v-18__1__1224___1224 0.172764420509 310.2 220.5 310.2 232.4 260.7 232.4 260.7 220.5
v-18__1__1224___1440 0.141465693712 322.9 30.7 322.9 61.3 265.1 61.3 265.1 30.7
v-18__1__1440___408 0.529798209667 186.6 256.9 194.2 271.8 160.5 289.7 152.9 274.8
v-18__1__1440___408 0.509490787983 522.6 564.6 525.3 573.0 496.5 583.2 493.8 574.9
v-18__1__1440___816 0.452733486891 521.9 156.8 524.8 165.1 497.5 174.9 494.6 166.6
v-18__1__1440___1224 0.192227780819 106.1 256.2 106.1 275.6 57.8 275.6 57.8 256.2
v-18__1__1440___1224 0.162323564291 91.6 220.6 91.6 232.2 41.1 232.2 41.1 220.6
v-18__1__1440___1440 0.158395454288 106.6 31.7 106.6 60.5 49.4 60.5 49.4 31.7
v-19__1__0___5304 0.209174364805 463.2 141.9 471.0 148.5 460.4 158.1 452.6 151.6
v-19__1__0___5304 0.109753012657 380.2 -7.0 403.5 -0.3 392.2 35.4 368.9 28.7
v-19__1__0___6528 0.164473339915 334.5 366.6 338.1 395.5 -2.3 437.7 -5.9 408.8
v-19__1__0___6528 0.132985219359 462.0 362.1 462.6 380.8 413.9 385.9 413.3 367.3
v-19__1__0___6936 0.204970136285 218.1 -20.9 219.3 1.9 -6.0 32.7 -7.3 10.0
v-19__1__408___4488 0.202169522643 562.6 421.6 617.1 445.9 601.5 479.2 547.1 454.9
v-19__1__408___4488 0.142585590482 453.1 379.7 504.6 403.1 495.5 424.5 444.0 401.1
v-19__1__408___4488 0.142101988196 442.5 371.0 448.9 374.3 441.5 386.0 435.1 382.7
v-19__1__408___4896 0.228415682912 564.1 13.9 615.7 39.3 600.0 70.7 548.3 45.3
v-19__1__408___5304 0.221166864038 177.5 338.2 194.3 354.7 186.8 361.7 170.0 345.2
v-19__1__816___4488 0.134216845036 477.1 571.6 540.6 597.7 527.0 625.2 463.5 599.1
v-19__1__816___5712 0.242042914033 617.9 480.3 619.2 503.1 417.9 539.9 416.6 517.1
v-19__1__816___6120 0.222132965922 617.8 72.3 619.2 95.7 410.8 132.2 409.4 108.9
v-19__1__816___6528 0.191340222955 615.3 203.4 619.4 226.3 413.0 273.1 409.0 250.2
v-19__1__1224___1632 0.202974662185 552.9 291.1 606.2 311.3 602.8 319.6 549.5 299.4
v-19__1__1224___4488 0.156720578671 63.6 569.2 130.9 597.8 116.5 627.2 49.2 598.6
v-19__1__1224___4488 0.147114664316 373.7 136.1 386.0 151.4 381.8 154.9 369.5 139.6
v-19__1__1224___4896 0.426325887442 525.0 367.6 616.8 407.1 607.4 428.2 515.5 388.7
v-19__1__1224___4896 0.189200714231 0.5 111.8 133.8 186.0 115.6 220.1 -17.6 145.9
v-19__1__1224___5712 0.101073920727 261.0 464.0 264.8 503.9 7.3 548.1 3.4 508.2
v-19__1__1224___6120 0.144351750612 261.0 56.9 264.8 93.8 7.2 139.2 3.4 102.3
v-19__1__1224___6120 0.102242253721 566.1 511.1 572.5 538.2 141.8 652.9 135.5 625.8
v-19__1__1224___6528 0.214662566781 57.4 542.8 64.7 550.1 34.4 579.7 27.1 572.4
v-19__1__1224___6528 0.116914734244 644.6 67.2 653.0 98.1 80.1 272.8 71.7 241.9
v-19__1__1224___6528 0.106619127095 19.8 251.1 23.7 267.8 0.5 272.9 -3.4 256.2
v-19__1__1632___816 0.372923612595 602.8 325.5 622.1 351.1 553.2 406.0 533.9 380.4
v-19__1__1632___1632 0.349122315645 143.5 291.5 199.2 311.7 196.7 318.6 141.0 298.5
v-19__1__1632___4896 0.224521785975 117.6 362.5 612.3 574.2 598.7 601.6 103.9 389.9
v-19__1__1632___5304 0.137764990330 138.4 -37.6 613.6 166.0 601.4 194.0 126.2 -9.7
v-19__1__1632___6120 0.241976812482 60.8 537.6 65.9 556.4 -0.7 578.2 -5.8 559.5
v-19__1__1632___6528 0.238402783871 59.0 130.3 64.0 149.4 0.8 169.2 -4.2 150.1
v-19__1__2040___408 0.100419372320 612.1 409.3 632.4 437.0 496.3 539.2 476.0 511.5
v-19__1__2040___816 0.144160330296 274.9 262.4 297.0 291.5 145.2 413.3 123.1 384.1
v-19__1__2040___816 0.125838890672 603.8 10.8 622.7 37.6 496.1 129.5 477.2 102.7
v-19__1__2040___3264 0.373917013407 299.3 369.8 439.2 583.9 425.6 593.9 285.7 379.8
v-19__1__2040___3672 0.367603719234 320.0 -10.1 435.3 165.0 420.7 174.2 305.4 -0.9
v-19__1__2040___4896 0.251523345709 8.7 487.5 264.4 609.5 251.2 635.8 -4.4 513.8
v-19__1__2040___5304 0.286892533302 5.9 80.1 298.7 220.0 286.2 243.6 -6.7 103.7
v-19__1__2040___5304 0.111035645008 376.5 258.3 410.3 271.5 403.5 289.5 369.6 276.3
v-19__1__2448___408 0.177365154028 411.2 265.3 431.3 292.8 193.5 466.6 173.4 439.0
v-19__1__2448___408 0.169838368893 507.4 191.6 521.8 211.6 441.1 276.4 426.7 256.4
v-19__1__2448___3264 0.160921081901 -0.0 523.0 41.3 582.8 27.1 593.3 -14.2 533.5
v-19__1__2448___3672 0.311088323593 615.6 230.8 616.0 248.0 204.6 284.9 204.1 267.7
v-19__1__2448___3672 0.255532741547 1.1 116.6 42.6 180.6 26.4 191.4 -15.1 127.4
v-19__1__2856___408 0.143340811133 76.8 209.6 92.3 228.5 39.9 273.9 24.3 255.0
v-19__1__2856___3672 0.413894981146 296.7 224.4 297.7 241.3 -5.3 266.5 -6.2 249.7
v-19__1__4080___408 0.380148679018 593.4 464.7 593.4 475.9 545.8 475.9 545.8 464.7
v-19__1__4080___408 0.163305863738 173.2 333.5 173.2 398.5 150.5 398.5 150.5 333.5
v-19__1__4080___816 0.356251299381 594.7 56.7 594.7 67.5 544.7 67.5 544.7 56.7
v-19__1__4488___408 0.394878149033 187.7 464.9 187.7 475.3 136.5 475.3 136.5 464.9
v-19__1__4488___408 0.103985741735 301.3 27.9 305.9 54.0 295.9 55.9 291.3 29.9
v-19__1__4488___816 0.412309736013 187.4 56.7 187.4 67.4 136.7 67.4 136.7 56.7
v-19__1__4896___2040 0.484814852476 374.0 294.1 382.5 298.7 364.5 334.1 356.1 329.5
v-19__1__5712___2040 0.296438097954 235.4 558.4 242.6 562.4 223.2 596.8 216.1 592.7
v-19__1__5712___2448 0.289229214191 236.4 146.4 242.5 149.2 223.5 186.3 217.3 183.4
v-19__1__5712___2448 0.158057332039 205.1 64.6 210.5 98.3 200.5 99.8 195.0 66.2
v-19__1__6936___6528 0.334116905928 523.8 464.2 547.2 500.8 536.7 507.0 513.4 470.4
v-19__1__6936___6936 0.365329474211 523.7 55.8 547.4 93.1 536.9 99.4 513.2 62.2
v-19__1__7344___3672 0.358156293631 308.3 334.8 324.0 343.8 287.4 405.4 271.8 396.4
v-19__1__7344___3672 0.142651736736 525.7 452.5 540.0 466.6 535.3 472.1 521.0 458.0
v-19__1__7344___6528 0.314062058926 444.0 207.7 449.3 241.9 441.6 243.6 436.4 209.4
v-19__1__7344___6528 0.310656994581 115.3 463.5 139.4 501.7 129.1 507.7 105.1 469.5
v-19__1__7344___6936 0.352279722691 115.6 55.7 139.1 93.4 128.8 99.4 105.3 61.8
v-19__1__7344___6936 0.166842401028 237.2 196.4 257.0 213.1 247.1 223.9 227.3 207.2
v-19__1__7584___3672 0.305273085833 69.9 332.2 85.7 341.0 46.0 408.2 30.2 399.3
v-19__1__7584___3672 0.104826517403 285.6 452.5 299.9 466.6 295.4 472.0 281.1 457.9
v-19__1__7584___4080 0.430335789919 410.6 381.4 410.6 392.4 353.1 398.2 353.1 387.2
v-19__1__7584___4080 0.117260895669 455.7 504.0 467.1 520.0 462.1 523.3 450.7 507.3
