v-20__0.5__0___0 0.253322809935 22.8 568.9 22.8 585.5 5.8 585.5 5.8 568.9
v-20__0.5__0___0 0.170956090093 598.8 485.4 598.8 501.8 582.4 501.8 582.4 485.4
v-5__0.5__0___408 0.578642189503 553.0 53.7 553.0 75.5 529.7 75.5 529.7 53.7
v-5__0.5__0___408 0.411703377962 152.0 122.5 152.0 136.8 138.4 136.8 138.4 122.5
v-5__0.5__0___408 0.147250086069 436.0 404.2 445.0 416.3 432.3 424.9 423.2 412.8
v-5__0.5__0___408 0.121750026941 513.1 257.9 513.1 273.3 499.3 273.3 499.3 257.9
v-5__0.5__0___408 0.110062278807 573.5 10.3 573.5 25.8 556.7 25.8 556.7 10.3
v-20__0.5__0___408 0.106872528791 591.9 76.7 599.3 87.0 589.1 94.3 581.7 84.0
v-20__0.5__0___416 0.159250169992 22.4 153.1 22.4 168.9 6.0 168.9 6.0 153.1
v-20__0.5__0___416 0.154299855232 598.9 69.6 598.9 85.7 582.3 85.7 582.3 69.6
v-5__0.5__0___416 0.592120707035 552.6 46.3 552.6 67.1 530.1 67.1 530.1 46.3
v-5__0.5__0___416 0.340148568153 513.7 249.3 513.7 265.4 498.5 265.4 498.5 249.3
v-5__0.5__0___416 0.242268621922 151.3 114.9 151.3 128.1 138.9 128.1 138.9 114.9
v-5__0.5__0___416 0.155469954014 436.2 395.7 445.7 408.2 432.3 417.3 422.8 404.9
v-5__0.5__0___416 0.139820158482 573.4 2.4 573.4 18.4 556.9 18.4 556.9 2.4
v-20__0.5__408___0 0.190382316709 183.8 484.6 191.3 495.4 181.2 502.6 173.7 491.8
v-20__0.5__408___0 0.101055391133 279.1 590.6 279.1 612.1 253.6 612.1 253.6 590.6
v-7__0.5__0___0 0.238874793053 67.6 15.2 67.6 35.9 41.0 35.9 41.0 15.2
v-7__0.5__0___0 0.124498657882 420.7 448.4 420.7 462.3 406.5 462.3 406.5 448.4
v-4__0.5__0___408 0.140084505081 17.1 317.1 17.1 334.2 2.2 334.2 2.2 317.1
v-20__0.5__408___408 0.131678834558 183.5 76.6 191.0 87.1 181.3 94.4 173.8 83.9
v-6__0.5__408___408 0.119770757854 601.4 589.1 601.4 607.5 587.3 607.5 587.3 589.1
v-7__0.5__0___408 0.314290046692 421.0 39.6 421.0 54.7 406.2 54.7 406.2 39.6
v-7__0.5__0___408 0.115249864757 604.8 313.4 604.8 331.4 589.6 331.4 589.6 313.4
v-4__0.5__0___416 0.126144438982 252.1 432.7 262.1 461.5 223.0 474.6 213.0 445.8
v-4__0.5__0___416 0.118766024709 148.4 302.5 160.0 322.8 142.1 334.1 130.5 313.7
v-20__0.5__408___416 0.186110079288 183.8 68.7 191.3 79.6 181.2 86.6 173.8 75.7
v-7__0.5__0___416 0.157408848405 603.7 304.3 603.7 323.9 586.3 323.9 586.3 304.3
v-7__0.5__0___416 0.106523714960 297.2 498.7 297.2 513.0 283.4 513.0 283.4 498.7
v-2__0.5__416___0 0.131098836660 104.5 272.7 104.5 288.8 89.3 288.8 89.3 272.7
v-20__0.5__416___0 0.175919756293 176.0 484.7 182.9 495.6 172.8 502.4 165.9 491.4
v-20__0.5__416___0 0.128225758672 270.7 591.6 270.7 611.1 246.1 611.1 246.1 591.6
v-7__0.5__408___0 0.160497218370 410.6 201.0 410.6 218.9 394.0 218.9 394.0 201.0
v-3__0.5__408___408 0.276077538729 548.3 28.2 548.3 64.6 513.6 64.6 513.6 28.2
v-3__0.5__408___408 0.189905807376 544.5 355.4 544.5 376.3 523.2 376.3 523.2 355.4
v-3__0.5__408___408 0.144639775157 357.1 342.5 357.1 373.9 326.8 373.9 326.8 342.5
v-3__0.5__408___416 0.251173645258 540.1 18.7 549.7 47.0 521.9 57.8 512.2 29.5
v-3__0.5__408___416 0.232244029641 544.9 346.7 544.9 368.7 523.0 368.7 523.0 346.7
v-3__0.5__408___416 0.137096390128 545.7 543.5 545.7 564.1 523.9 564.1 523.9 543.5
v-3__0.5__408___416 0.104756549001 190.6 552.6 190.6 579.0 158.0 579.0 158.0 552.6
v-7__0.5__408___408 0.130366578698 197.7 313.1 197.7 331.5 180.4 331.5 180.4 313.1
v-20__0.5__416___416 0.167620614171 176.0 68.7 183.1 79.8 173.0 86.5 165.9 75.5
v-7__0.5__408___416 0.111061722040 197.5 305.3 197.5 323.3 180.6 323.3 180.6 305.3
v-3__0.5__416___408 0.440639108419 539.6 27.8 539.6 65.2 505.2 65.2 505.2 27.8
v-3__0.5__416___408 0.186809003353 350.6 344.5 350.6 379.6 317.9 379.6 317.9 344.5
v-3__0.5__416___408 0.138950452209 182.7 555.7 182.7 577.2 156.2 577.2 156.2 555.7
v-3__0.5__416___408 0.101400002837 537.4 354.5 537.4 377.2 514.4 377.2 514.4 354.5
v-3__0.5__416___416 0.281992346048 538.6 21.5 538.6 55.1 507.2 55.1 507.2 21.5
v-3__0.5__416___416 0.205333471298 349.5 334.0 349.5 366.5 318.8 366.5 318.8 334.0
v-3__0.5__416___416 0.187073796988 533.7 542.8 533.7 565.0 511.1 565.0 511.1 542.8
v-3__0.5__416___416 0.135719910264 186.7 538.5 186.7 555.5 168.3 555.5 168.3 538.5
v-3__0.5__416___416 0.126827970147 537.4 346.3 537.4 369.1 514.7 369.1 514.7 346.3
v-12__0.5__0___0 0.251457393169 415.9 545.4 415.9 563.7 398.0 563.7 398.0 545.4
v-7__0.5__416___408 0.128488019109 189.5 313.2 189.5 331.3 172.5 331.3 172.5 313.2
v-12__0.5__0___408 0.189374759793 415.6 137.7 415.6 155.6 398.1 155.6 398.1 137.7
v-12__0.5__0___408 0.137168660760 410.3 547.8 410.3 562.7 395.5 562.7 395.5 547.8
v-8__0.5__408___0 0.117829337716 605.1 133.9 605.1 166.4 592.9 166.4 592.9 133.9
v-9__0.5__0___0 0.272540390491 527.1 212.3 527.1 231.6 507.9 231.6 507.9 212.3
v-9__0.5__0___0 0.168512523174 42.1 127.4 47.3 146.1 34.9 149.4 29.6 130.7
v-11__0.5__0___0 0.149996683002 116.5 42.5 116.5 56.9 102.5 56.9 102.5 42.5
v-12__0.5__0___416 0.237719774246 415.5 129.7 415.5 147.4 398.3 147.4 398.3 129.7
v-12__0.5__0___416 0.191254645586 410.6 539.6 410.6 554.8 395.3 554.8 395.3 539.6
v-9__0.5__0___408 0.191072061658 569.9 532.2 569.9 554.5 547.9 554.5 547.9 532.2
v-9__0.5__0___408 0.120603941381 93.6 554.4 93.6 578.2 62.4 578.2 62.4 554.4
v-9__0.5__0___416 0.311653763056 570.3 523.5 570.3 546.9 547.5 546.9 547.5 523.5
v-9__0.5__0___416 0.186234280467 93.5 547.1 93.5 569.9 62.7 569.9 62.7 547.1
v-9__0.5__0___416 0.126701757312 554.6 516.1 554.6 533.8 537.2 533.8 537.2 516.1
v-9__0.5__0___416 0.104665808380 411.8 545.8 411.8 563.8 393.6 563.8 393.6 545.8
v-9__0.5__408___0 0.309837251902 318.7 312.4 318.7 329.7 301.5 329.7 301.5 312.4
v-9__0.5__408___0 0.208697840571 119.0 212.5 119.0 231.6 100.1 231.6 100.1 212.5
v-9__0.5__408___0 0.123727753758 287.3 222.7 293.2 232.3 281.5 238.7 275.6 229.2
v-9__0.5__408___0 0.113430149853 199.6 243.3 199.6 262.7 181.1 262.7 181.1 243.3
v-9__0.5__408___0 0.103253982961 326.2 356.5 335.8 368.4 324.3 376.6 314.7 364.7
v-14__0.5__408___0 0.134194448590 519.3 14.6 519.3 48.4 484.0 48.4 484.0 14.6
v-9__0.5__408___408 0.221357703209 162.1 532.0 162.1 554.6 139.7 554.6 139.7 532.0
v-9__0.5__408___408 0.133075624704 485.4 515.1 485.4 538.8 460.6 538.8 460.6 515.1
v-15__0.5__0___0 0.196096032858 153.5 3.4 153.5 22.9 132.4 22.9 132.4 3.4
v-15__0.5__0___0 0.144633263350 73.1 100.6 73.1 142.6 34.3 142.6 34.3 100.6
v-9__0.5__408___416 0.326860874891 162.9 523.0 162.9 547.4 138.9 547.4 138.9 523.0
v-9__0.5__408___416 0.144870728254 485.8 506.7 485.8 531.0 460.1 531.0 460.1 506.7
v-15__0.5__0___408 0.167066976428 607.9 291.7 607.9 312.2 590.7 312.2 590.7 291.7
v-9__0.5__416___0 0.262661308050 111.3 212.1 111.3 231.8 91.7 231.8 91.7 212.1
v-9__0.5__416___0 0.232233777642 320.3 356.2 328.3 369.5 313.7 377.0 305.8 363.7
v-9__0.5__416___0 0.171112388372 306.8 312.1 311.4 325.6 297.8 330.1 293.2 316.6
v-9__0.5__416___0 0.161932960153 283.9 222.4 283.9 239.4 265.8 239.4 265.8 222.4
v-9__0.5__416___0 0.108594074845 191.6 243.6 191.6 262.4 173.3 262.4 173.3 243.6
v-14__0.5__416___0 0.223538458347 511.3 14.8 511.3 48.2 475.9 48.2 475.9 14.8
v-9__0.5__416___408 0.153444170952 153.8 532.0 153.8 554.7 131.7 554.7 131.7 532.0
v-9__0.5__416___408 0.139661818743 477.6 514.7 477.6 539.1 452.2 539.1 452.2 514.7
v-9__0.5__416___416 0.296821057796 154.2 523.4 154.2 546.9 131.4 546.9 131.4 523.4
v-9__0.5__416___416 0.137124076486 478.5 506.0 478.5 531.8 451.4 531.8 451.4 506.0
v-9__0.5__416___416 0.127488762140 138.7 516.1 138.7 533.8 121.1 533.8 121.1 516.1
v-15__0.5__408___0 0.118861585855 465.8 156.6 472.8 167.9 464.2 173.2 457.1 161.9
v-10__0.5__0___0 0.124335736036 381.1 351.3 381.1 366.6 365.8 366.6 365.8 351.3
v-10__0.5__0___408 0.134187161922 607.4 394.5 607.4 419.1 581.9 419.1 581.9 394.5
v-10__0.5__0___408 0.133893504739 524.1 492.8 524.1 512.8 503.2 512.8 503.2 492.8
v-10__0.5__0___816 0.195485547185 18.8 128.9 18.8 146.6 3.0 146.6 3.0 128.9
v-10__0.5__0___816 0.155481800437 26.2 464.3 26.2 483.1 8.8 483.1 8.8 464.3
v-10__0.5__0___816 0.140378877521 563.5 405.6 595.6 454.3 545.1 487.6 513.0 438.8
v-15__0.5__416___0 0.105340272188 457.6 156.7 464.7 167.8 456.4 173.2 449.3 162.0
v-10__0.5__0___1224 0.147880017757 26.0 56.4 26.0 75.4 8.7 75.4 8.7 56.4
v-10__0.5__0___1632 0.143223196268 215.1 252.7 215.1 271.1 197.5 271.1 197.5 252.7
v-18__0.5__0___408 0.131434440613 582.6 327.7 582.6 348.1 564.3 348.1 564.3 327.7
v-10__0.5__0___2040 0.200712755322 149.7 492.8 149.7 509.2 133.3 509.2 133.3 492.8
v-18__0.5__0___416 0.181862935424 582.9 320.1 582.9 338.7 564.5 338.7 564.5 320.1
v-10__0.5__0___2448 0.187041684985 150.0 82.6 150.0 99.5 133.2 99.5 133.2 82.6
v-18__0.5__408___0 0.154022470117 576.7 275.7 576.7 295.0 555.4 295.0 555.4 275.7
v-18__0.5__408___408 0.124548047781 175.7 326.9 175.7 348.9 155.5 348.9 155.5 326.9
v-10__0.5__408___408 0.136021211743 197.1 441.8 209.9 461.5 189.4 474.8 176.5 455.2
v-10__0.5__408___408 0.122280202806 116.3 492.7 116.3 512.7 94.8 512.7 94.8 492.7
v-10__0.5__408___408 0.110503561795 301.4 313.2 301.4 329.4 285.6 329.4 285.6 313.2
v-19__0.5__0___2040 0.266311347485 258.6 199.5 267.8 212.1 256.7 220.4 247.5 207.9
v-19__0.5__0___2856 0.326088011265 590.5 272.3 590.5 291.2 573.5 291.2 573.5 272.3
v-10__0.5__1224___1224 0.110788494349 320.7 278.9 320.7 293.6 305.5 293.6 305.5 278.9
v-10__0.5__1224___1224 0.109425224364 133.1 391.7 133.1 404.8 119.5 404.8 119.5 391.7
v-19__0.5__408___2856 0.350966811180 183.0 272.2 183.0 291.6 165.0 291.6 165.0 272.2
v-19__0.5__816___408 0.169544279575 503.7 559.7 503.7 579.1 484.0 579.1 484.0 559.7
v-10__0.5__1632___1224 0.264847487211 418.4 184.2 418.4 203.2 400.3 203.2 400.3 184.2
v-10__0.5__1632___1224 0.177393645048 486.5 358.6 498.7 368.8 487.8 381.7 475.7 371.5
v-19__0.5__1224___0 0.622740507126 536.1 75.7 547.5 107.7 515.2 118.9 503.8 86.9
v-19__0.5__1224___1632 0.153025567532 413.1 385.5 413.1 401.8 398.9 401.8 398.9 385.5
v-19__0.5__1224___1632 0.104938074946 445.7 293.5 445.7 311.2 423.3 311.2 423.3 293.5
v-19__0.5__1632___1632 0.240519762039 17.9 294.4 17.9 311.4 0.2 311.4 0.2 294.4
v-19__0.5__1632___1632 0.132628574967 19.4 319.4 19.4 332.8 0.3 332.8 0.3 319.4
v-19__0.5__1632___1632 0.123153567314 41.3 300.5 41.3 334.8 11.0 334.8 11.0 300.5
v-19__0.5__1632___1632 0.108030535281 595.6 216.9 602.4 226.2 591.4 233.6 584.6 224.3
v-19__0.5__1632___1632 0.107084661722 464.3 122.5 473.4 134.7 460.8 144.4 451.6 132.2
v-19__0.5__2448___1224 0.163837954402 399.1 581.0 399.1 599.2 379.2 599.2 379.2 581.0
v-19__0.5__2856___1224 0.112882420421 185.4 420.0 208.5 432.7 195.3 456.4 172.2 443.7
v-19__0.5__3264___2040 0.155802264810 342.1 313.7 342.1 328.7 325.8 328.7 325.8 313.7
v-19__0.5__3264___3488 0.250590771437 232.4 439.9 232.4 459.4 211.5 459.4 211.5 439.9
v-19__0.5__3488___2040 0.164353623986 117.8 314.0 117.8 328.5 102.0 328.5 102.0 314.0
v-4__1__816___1440 0.115115687251 70.7 388.4 70.7 406.7 52.2 406.7 52.2 388.4
v-5__1__0___816 0.295335531235 299.3 249.1 299.3 266.9 278.7 266.9 278.7 249.1
v-7__1__0___0 0.125962957740 138.5 34.4 138.5 66.6 88.7 66.6 88.7 34.4
v-7__1__408___408 0.307035475969 430.5 493.5 430.5 517.8 407.6 517.8 407.6 493.5
v-7__1__816___1440 0.100020125508 388.2 11.6 388.2 33.9 366.4 33.9 366.4 11.6
v-9__1__408___1440 0.118204571307 454.9 492.6 454.9 511.9 435.3 511.9 435.3 492.6
v-9__1__816___1440 0.133654430509 47.0 492.2 47.0 512.2 27.1 512.2 27.1 492.2
v-9__1__816___1440 0.105279669166 240.9 418.8 240.9 440.6 219.7 440.6 219.7 418.8
v-9__1__1224___1224 0.110376238823 228.8 221.2 228.8 240.5 209.5 240.5 209.5 221.2
v-9__1__1224___1440 0.182331055403 256.9 52.1 256.9 72.2 237.0 72.2 237.0 52.1
v-9__1__1224___1440 0.123372912407 343.6 548.2 343.6 559.9 300.0 559.9 300.0 548.2
v-9__1__1224___1440 0.113085195422 227.9 5.8 227.9 23.9 210.2 23.9 210.2 5.8
v-9__1__1440___1224 0.108026839793 43.7 268.3 43.7 288.1 22.6 288.1 22.6 268.3
v-10__1__0___3264 0.117489635944 69.7 391.5 69.7 406.0 53.2 406.0 53.2 391.5
v-10__1__0___3264 0.103077493608 215.2 437.8 215.2 597.7 100.2 597.7 100.2 437.8
v-10__1__0___4080 0.117051996291 176.2 223.3 176.2 244.3 155.6 244.3 155.6 223.3
v-10__1__0___4896 0.186677753925 285.6 168.1 299.6 182.7 284.6 197.1 270.5 182.6
v-10__1__0___6528 0.111926577985 249.0 176.3 249.0 197.5 228.2 197.5 228.2 176.3
v-10__1__408___3264 0.159022778273 47.2 588.3 47.2 608.5 4.0 608.5 4.0 588.3
v-10__1__816___1224 0.107415206730 382.7 395.3 382.7 425.3 348.8 425.3 348.8 395.3
v-10__1__3264___2448 0.201246157289 257.5 107.7 257.5 122.7 242.5 122.7 242.5 107.7
v-10__1__3264___2448 0.103646494448 278.5 104.5 278.5 122.6 260.3 122.6 260.3 104.5
v-11__1__1440___0 0.104311168194 556.2 171.5 556.2 240.2 544.6 240.2 544.6 171.5
v-12__1__408___816 0.249182641506 420.6 281.2 420.6 306.8 392.7 306.8 392.7 281.2
v-14__1__1224___0 0.185448601842 607.4 37.0 607.4 94.5 556.3 94.5 556.3 37.0
v-15__1__0___1224 0.122451506555 507.3 491.7 507.3 513.2 486.9 513.2 486.9 491.7
v-15__1__0___1440 0.157236143947 506.9 276.6 506.9 296.8 487.3 296.8 487.3 276.6
v-15__1__408___1440 0.177163064480 124.9 443.1 124.9 472.4 96.0 472.4 96.0 443.1
v-19__1__816___4488 0.135391831398 152.5 281.6 171.6 296.7 155.5 313.5 136.4 298.3
v-19__1__2040___3264 0.260642200708 137.0 421.1 151.9 435.8 138.1 449.5 123.2 434.8
v-19__1__2040___3672 0.362891525030 148.8 16.2 148.8 38.5 126.2 38.5 126.2 16.2
v-19__1__3264___3672 0.158946394920 19.3 348.1 19.3 367.3 1.4 367.3 1.4 348.1
v-19__1__4488___408 0.211066827178 22.5 166.2 22.5 197.2 -2.1 197.2 -2.1 166.2
v-19__1__5304___2040 0.140146240592 130.7 113.7 130.7 131.0 113.3 131.0 113.3 113.7
