v-5__0.5__0___408 0.124858394265 260.3 384.5 263.8 390.4 246.3 401.9 242.8 396.0
v-6__0.5__0___408 0.285682380199 169.0 575.3 169.0 581.1 147.2 581.1 147.2 575.3
v-6__0.5__0___408 0.277407795191 138.1 575.7 138.1 580.8 114.2 580.8 114.2 575.7
v-6__0.5__0___408 0.144474387169 210.2 550.7 223.2 560.2 218.6 565.0 205.6 555.5
v-6__0.5__0___408 0.134850293398 158.7 570.9 158.7 576.8 133.4 576.8 133.4 570.9
v-6__0.5__0___408 0.122706197202 196.5 566.0 210.5 584.3 200.5 589.8 186.5 571.5
v-2__0.5__408___0 0.281938523054 268.4 551.8 272.9 553.5 266.2 572.8 261.8 571.1
v-2__0.5__408___0 0.281659036875 415.1 221.1 419.9 222.2 414.4 239.6 409.5 238.5
v-2__0.5__408___0 0.265485495329 429.9 175.7 434.9 177.1 427.5 197.8 422.6 196.4
v-2__0.5__408___0 0.191270440817 37.0 462.2 37.0 470.1 15.6 470.1 15.6 462.2
v-2__0.5__408___0 0.166917815804 521.3 470.6 521.3 477.0 507.5 477.0 507.5 470.6
v-2__0.5__408___0 0.139323711395 546.9 465.3 546.9 473.3 528.8 473.3 528.8 465.3
v-2__0.5__408___0 0.100707806647 98.9 450.7 98.9 457.5 73.6 457.5 73.6 450.7
v-6__0.5__0___416 0.333607316017 138.3 567.5 138.3 573.1 114.1 573.1 114.1 567.5
v-6__0.5__0___416 0.292145282030 169.4 566.8 169.4 573.6 147.2 573.6 147.2 566.8
v-6__0.5__0___416 0.181785747409 100.0 573.0 100.0 581.1 80.0 581.1 80.0 573.0
v-6__0.5__0___416 0.175647020340 113.0 572.2 113.1 574.7 98.0 584.7 97.8 582.2
v-6__0.5__0___416 0.139855161309 196.5 558.7 208.5 576.7 200.4 581.2 188.4 563.3
v-6__0.5__0___416 0.127455189824 209.9 542.5 223.3 552.6 218.7 557.1 205.4 547.0
v-4__0.5__0___0 0.190026238561 380.9 565.1 388.4 578.7 383.8 580.9 376.3 567.2
v-2__0.5__408___408 0.325822621584 268.6 143.9 272.9 145.6 266.2 164.9 261.8 163.1
v-2__0.5__408___408 0.193015053868 98.6 42.9 98.6 49.3 73.8 49.3 73.8 42.9
v-2__0.5__408___408 0.137948065996 37.0 54.2 37.0 62.0 15.7 62.0 15.7 54.2
v-2__0.5__408___408 0.122544407845 216.4 434.4 221.9 436.0 217.2 449.7 211.7 448.1
v-2__0.5__408___408 0.119251795113 77.6 283.2 81.4 298.3 76.7 298.3 72.9 283.2
v-2__0.5__408___408 0.116036385298 241.7 372.2 246.2 372.6 240.9 390.5 236.4 390.1
v-2__0.5__408___408 0.103655196726 521.3 62.3 521.3 69.2 507.3 69.2 507.3 62.3
v-4__0.5__0___408 0.113709561527 383.6 154.3 391.5 166.8 387.2 169.6 379.2 157.1
v-4__0.5__0___408 0.104859635234 533.8 422.2 541.9 435.3 535.6 438.8 527.5 425.6
v-2__0.5__408___416 0.363172739744 268.7 135.7 273.0 137.5 266.0 157.1 261.7 155.4
v-2__0.5__408___416 0.205316200852 37.2 46.1 37.2 54.1 15.5 54.1 15.5 46.1
v-2__0.5__408___416 0.145086437464 241.8 364.0 246.0 364.4 240.8 382.9 236.5 382.5
v-2__0.5__408___416 0.138859242201 98.9 34.6 98.9 41.4 73.5 41.4 73.5 34.6
v-2__0.5__408___416 0.122457370162 521.2 54.2 521.2 61.4 507.5 61.4 507.5 54.2
v-2__0.5__408___416 0.111624248326 216.2 426.4 221.8 428.3 217.2 441.6 211.6 439.8
v-2__0.5__408___416 0.102174565196 77.8 275.0 81.6 290.1 76.5 290.5 72.7 275.4
v-2__0.5__408___416 0.100417844951 191.7 213.1 194.0 216.2 180.2 223.9 177.8 220.8
v-4__0.5__0___416 0.215018451214 533.1 414.4 541.8 427.5 536.4 430.5 527.7 417.3
v-4__0.5__0___416 0.128514036536 383.8 146.2 391.6 158.8 387.1 161.6 379.3 149.0
v-2__0.5__416___0 0.287131398916 260.4 551.8 264.9 553.4 258.3 572.8 253.8 571.2
v-2__0.5__416___0 0.282004356384 407.2 221.4 411.7 222.4 406.3 239.1 401.8 238.2
v-2__0.5__416___0 0.269790768623 421.9 175.9 426.9 177.3 419.5 197.7 414.5 196.3
v-2__0.5__416___0 0.144200667739 30.0 462.1 30.0 470.2 6.5 470.2 6.5 462.1
v-2__0.5__416___0 0.125217586756 513.1 470.7 513.1 476.9 499.7 476.9 499.7 470.7
v-2__0.5__416___0 0.102045074105 68.6 363.2 68.6 369.8 54.2 369.8 54.2 363.2
v-2__0.5__416___0 0.100854001939 539.3 465.3 539.3 473.2 520.6 473.2 520.6 465.3
v-2__0.5__416___408 0.379114001989 260.6 143.7 265.0 145.3 258.2 165.2 253.9 163.6
v-2__0.5__416___408 0.205392062664 29.4 54.4 29.4 61.7 6.8 61.7 6.8 54.4
v-2__0.5__416___408 0.199804499745 90.4 43.2 90.4 49.0 65.9 49.0 65.9 43.2
v-2__0.5__416___408 0.146234303713 69.6 283.3 73.5 298.2 68.8 298.3 64.9 283.5
v-2__0.5__416___408 0.129027649760 208.4 434.2 214.1 435.9 209.4 449.7 203.7 448.0
v-2__0.5__416___408 0.120541274548 233.7 372.3 237.9 372.4 232.9 390.1 228.7 390.0
v-3__0.5__408___408 0.110678456724 302.7 480.1 302.7 500.8 292.4 500.8 292.4 480.1
v-4__0.5__408___408 0.133678391576 125.6 422.4 133.8 435.3 128.0 438.6 119.9 425.8
v-3__0.5__408___416 0.102691262960 223.6 34.8 226.6 46.6 172.6 65.9 169.5 54.1
v-7__0.5__408___408 0.117154672742 413.3 238.0 417.7 241.5 407.6 256.3 403.2 252.8
v-7__0.5__408___408 0.104384914041 424.5 230.7 438.4 240.4 435.5 245.1 421.7 235.5
v-2__0.5__416___416 0.347946286201 260.6 135.5 265.1 137.3 258.2 157.1 253.7 155.3
v-2__0.5__416___416 0.174565285444 30.4 46.1 30.4 54.1 6.2 54.1 6.2 46.1
v-2__0.5__416___416 0.156011298299 69.8 275.2 73.4 290.1 68.7 290.2 65.1 275.3
v-2__0.5__416___416 0.134058624506 91.4 34.8 91.4 41.1 65.3 41.1 65.3 34.8
v-2__0.5__416___416 0.118390701711 233.7 364.1 237.9 364.2 232.9 382.6 228.6 382.5
v-2__0.5__416___416 0.116764180362 208.5 426.5 214.0 428.2 209.1 441.6 203.7 439.9
v-2__0.5__416___416 0.106081292033 184.1 213.0 186.3 216.5 171.6 224.1 169.4 220.6
v-4__0.5__408___416 0.165493160486 125.1 414.5 133.6 427.4 128.3 430.4 119.8 417.5
v-7__0.5__408___416 0.130304753780 423.4 221.8 440.2 233.7 436.9 238.3 420.1 226.5
v-7__0.5__408___416 0.124528408051 414.2 230.4 417.9 235.2 406.6 247.4 403.0 242.7
v-7__0.5__408___416 0.107743650675 419.1 211.6 430.1 217.6 424.3 225.5 413.3 219.5
v-8__0.5__0___0 0.238731235266 271.4 12.4 281.3 22.7 277.4 26.6 267.5 16.3
v-8__0.5__0___0 0.205460160971 481.3 183.1 495.2 195.1 491.3 199.0 477.5 187.0
v-4__0.5__416___408 0.111322000623 117.7 422.2 125.8 435.4 119.6 438.8 111.5 425.6
v-4__0.5__416___416 0.215928494930 117.1 414.3 125.8 427.6 120.3 430.5 111.7 417.2
v-8__0.5__408___0 0.199081555009 75.1 185.0 87.2 196.0 83.1 200.2 70.9 189.2
v-9__0.5__0___0 0.426722407341 460.7 295.3 462.4 300.4 439.1 309.2 437.5 304.1
v-9__0.5__0___0 0.168236523867 498.3 133.9 499.2 136.9 480.9 145.0 480.0 142.0
v-11__0.5__0___416 0.141179218888 450.5 314.1 451.5 324.1 409.5 330.8 408.6 320.8
v-8__0.5__416___0 0.228221103549 65.2 183.3 79.2 195.2 75.7 199.0 61.7 187.1
v-8__0.5__416___0 0.134301289916 299.6 406.7 315.1 419.0 311.8 423.1 296.3 410.9
v-9__0.5__408___0 0.469506710768 52.3 295.2 53.8 300.6 31.5 309.5 29.9 304.1
v-14__0.5__408___0 0.346292167902 432.0 5.2 436.3 10.7 421.1 23.4 416.9 17.8
v-11__0.5__408___416 0.133644163609 41.8 313.9 43.0 324.7 2.3 331.0 1.1 320.2
v-13__0.5__416___0 0.109745353460 407.8 209.5 418.4 221.2 413.6 225.3 403.1 213.6
v-15__0.5__0___408 0.133294552565 164.5 399.8 164.5 410.7 145.2 410.7 145.2 399.8
v-15__0.5__0___408 0.103260032833 56.1 564.9 57.8 569.3 45.0 575.2 43.3 570.7
v-9__0.5__416___0 0.418857067823 44.7 295.2 46.2 300.6 23.3 309.3 21.8 304.0
v-9__0.5__416___0 0.180813059211 82.1 133.8 83.1 136.9 65.2 145.2 64.1 142.1
v-9__0.5__416___0 0.111938707530 298.1 547.5 310.4 548.9 305.8 584.2 293.5 582.8
v-14__0.5__416___0 0.264320671558 423.8 5.4 428.1 10.9 413.1 23.1 408.9 17.6
v-11__0.5__416___416 0.117375329137 36.6 313.2 38.1 323.8 -1.6 331.2 -3.1 320.6
v-17__0.5__0___0 0.122505642474 549.8 430.2 549.8 445.9 541.1 445.9 541.1 430.2
v-16__0.5__408___408 0.269756048918 561.6 551.3 561.6 573.5 553.1 573.5 553.1 551.3
v-17__0.5__0___408 0.105139605701 549.8 22.1 549.8 37.9 541.1 37.9 541.1 22.1
v-17__0.5__0___408 0.102367959917 23.1 270.1 28.3 273.1 21.1 287.3 16.0 284.3
v-16__0.5__408___416 0.248467832804 561.6 543.0 561.6 565.6 553.1 565.6 553.1 543.0
v-16__0.5__408___416 0.112047329545 160.6 13.1 160.6 29.9 154.1 29.9 154.1 13.1
v-16__0.5__408___416 0.106573417783 153.4 13.7 153.4 29.9 145.6 29.9 145.6 13.7
v-17__0.5__0___416 0.139894008636 550.1 14.0 550.1 29.9 540.9 29.9 540.9 14.0
v-18__0.5__0___408 0.192467704415 178.0 356.5 182.6 375.8 176.9 377.2 172.3 357.8
v-18__0.5__0___408 0.161307245493 467.9 301.1 467.9 305.1 449.0 305.1 449.0 301.1
v-18__0.5__0___408 0.144980251789 463.1 287.6 463.1 293.5 444.6 293.5 444.6 287.6
v-18__0.5__0___408 0.132968574762 22.3 332.2 30.0 348.1 23.3 350.2 15.6 334.2
v-18__0.5__0___408 0.131971687078 474.0 136.7 475.5 140.6 458.1 147.7 456.7 143.7
v-18__0.5__0___408 0.120553277433 525.9 319.9 525.9 322.8 510.4 322.8 510.4 319.9
v-18__0.5__0___408 0.111511871219 218.5 271.0 218.5 293.2 208.6 293.2 208.6 271.0
v-18__0.5__0___408 0.106641724706 149.8 501.8 175.5 505.5 175.1 510.6 149.3 506.9
v-16__0.5__416___408 0.214808836579 553.6 551.3 553.6 573.0 544.8 573.0 544.8 551.3
v-16__0.5__416___408 0.104519158602 152.6 20.4 152.6 38.5 146.1 38.5 146.1 20.4
v-18__0.5__0___416 0.192250475287 22.1 324.0 30.1 340.5 23.7 342.4 15.6 325.9
v-18__0.5__0___416 0.169376999140 150.6 493.8 174.6 497.8 174.3 502.3 150.3 498.2
v-18__0.5__0___416 0.107161253691 467.7 293.0 467.7 297.4 449.5 297.4 449.5 293.0
v-18__0.5__0___416 0.104931630194 194.7 387.9 201.3 404.9 195.8 406.4 189.3 389.4
v-16__0.5__416___416 0.156214162707 553.6 543.3 553.6 564.6 544.8 564.6 544.8 543.3
v-16__0.5__416___416 0.106527782977 152.6 12.9 152.6 30.1 146.2 30.1 146.2 12.9
v-18__0.5__408___0 0.119338601828 286.5 123.3 289.9 135.7 237.4 151.0 234.1 138.7
v-18__0.5__408___408 0.183494091034 55.0 287.7 55.0 293.5 36.5 293.5 36.5 287.7
v-18__0.5__408___408 0.170715719461 60.0 301.1 60.0 305.2 40.9 305.2 40.9 301.1
v-18__0.5__408___408 0.112527906895 118.0 320.1 118.0 322.5 102.3 322.5 102.3 320.1
v-18__0.5__408___416 0.123167216778 389.7 404.8 391.0 412.5 380.9 414.5 379.6 406.8
v-18__0.5__408___416 0.120077490807 60.0 293.1 60.0 297.5 41.0 297.5 41.0 293.1
v-18__0.5__408___416 0.103289246559 404.0 392.9 405.6 398.0 383.7 402.9 382.1 397.9
v-18__0.5__416___408 0.175108551979 52.0 301.1 52.0 305.2 33.1 305.2 33.1 301.1
v-18__0.5__416___408 0.132386803627 47.2 287.4 47.2 293.8 28.7 293.8 28.7 287.4
v-18__0.5__416___408 0.122983470559 110.0 320.0 110.0 322.7 94.3 322.7 94.3 320.0
v-18__0.5__416___408 0.117686301470 382.6 413.3 383.7 420.7 372.6 422.3 371.5 414.9
v-10__0.5__408___408 0.115985289216 380.9 449.0 380.9 459.8 357.0 459.8 357.0 449.0
v-18__0.5__416___416 0.116413734853 51.6 293.1 51.6 297.6 33.4 297.6 33.4 293.1
v-18__0.5__416___416 0.112657666206 381.9 404.7 383.0 412.6 372.7 414.6 371.6 406.7
v-18__0.5__416___416 0.103429466486 110.2 311.5 110.2 315.1 94.1 315.1 94.1 311.5
v-10__0.5__408___3488 0.192014440894 339.7 282.2 345.3 288.7 318.5 314.1 312.9 307.5
v-10__0.5__408___3488 0.111814185977 587.4 166.6 594.0 169.2 574.4 204.2 567.8 201.6
v-19__0.5__408___408 0.195291683078 37.0 363.2 44.4 380.9 37.2 383.3 29.8 365.6
v-19__0.5__408___408 0.146087065339 56.7 370.3 62.1 381.8 57.7 383.9 52.4 372.4
v-19__0.5__408___408 0.133713483810 156.6 506.6 156.6 515.2 136.0 515.2 136.0 506.6
v-19__0.5__408___408 0.129563972354 98.3 454.0 101.4 459.0 89.2 468.1 86.2 463.1
v-19__0.5__408___408 0.117018841207 154.2 494.0 154.2 502.3 135.5 502.3 135.5 494.0
v-19__0.5__408___408 0.115936569870 90.2 435.6 93.6 440.4 80.9 450.0 77.5 445.2
v-19__0.5__408___408 0.112466670573 94.9 442.9 98.9 448.3 86.0 458.8 81.9 453.4
v-19__0.5__408___816 0.158007159829 152.0 85.1 152.0 94.1 132.6 94.1 132.6 85.1
v-19__0.5__408___816 0.154507294297 156.4 98.6 156.4 107.1 136.0 107.1 136.0 98.6
v-19__0.5__408___816 0.137680739164 97.9 45.9 101.3 50.8 89.7 60.4 86.2 55.5
v-19__0.5__408___816 0.123139537871 133.0 35.3 137.3 40.7 126.7 50.4 122.3 45.0
v-19__0.5__408___816 0.121850281954 109.1 18.3 117.6 26.1 110.9 32.3 102.4 24.5
v-19__0.5__408___816 0.111275382340 127.4 90.3 127.4 98.6 107.6 98.6 107.6 90.3
v-19__0.5__408___816 0.108562827110 95.0 34.9 99.0 40.1 86.0 50.9 81.9 45.7
v-19__0.5__408___816 0.104462929070 119.1 69.5 119.1 86.0 107.7 86.0 107.7 69.5
v-19__0.5__408___2448 0.111047618091 431.1 583.0 431.1 605.5 419.6 605.5 419.6 583.0
v-10__0.5__1632___1224 0.111694343388 541.9 104.9 541.9 116.1 525.4 116.1 525.4 104.9
v-19__0.5__1224___0 0.107650265098 173.2 216.2 174.8 218.0 166.7 225.9 165.0 224.2
v-19__0.5__3264___1632 0.110756725073 562.9 401.0 580.4 413.7 577.3 417.5 559.9 404.8
v-19__0.5__3488___1632 0.122699648142 339.1 401.3 356.1 413.8 353.3 417.2 336.3 404.7
v-2__1__816___408 0.377248227596 596.3 515.4 606.6 518.5 594.1 559.0 583.9 555.9
v-2__1__816___408 0.308853387833 426.0 351.9 441.1 360.4 440.1 364.4 425.0 355.9
v-2__1__816___408 0.288669526577 480.7 349.8 480.7 356.9 460.8 356.9 460.8 349.8
v-2__1__816___408 0.240838408470 468.1 321.6 468.1 329.4 446.5 329.4 446.5 321.6
v-2__1__816___408 0.206832244992 442.0 329.6 453.5 334.6 451.1 338.0 439.6 332.9
v-2__1__816___408 0.190033867955 480.2 382.9 480.2 389.2 466.2 389.2 466.2 382.9
v-2__1__816___408 0.189110144973 431.4 343.8 439.3 348.6 435.3 355.2 427.4 350.4
v-2__1__816___408 0.171469733119 479.8 367.3 479.8 372.8 466.2 372.8 466.2 367.3
v-2__1__816___408 0.162056535482 147.2 298.0 147.2 307.1 129.5 307.1 129.5 298.0
v-2__1__816___408 0.142356634140 148.4 325.1 148.4 336.4 125.8 336.4 125.8 325.1
v-2__1__816___408 0.119050182402 145.4 317.9 145.4 326.5 124.2 326.5 124.2 317.9
v-2__1__816___408 0.110495001078 479.7 358.7 479.7 364.9 461.9 364.9 461.9 358.7
v-2__1__816___408 0.109311044216 67.8 142.4 67.8 164.8 56.9 164.8 56.9 142.4
v-2__1__816___408 0.106915779412 148.0 217.3 148.0 226.5 128.1 226.5 128.1 217.3
v-2__1__816___408 0.101256825030 183.6 493.5 183.6 502.6 148.9 502.6 148.9 493.5
v-2__1__816___816 0.421608775854 598.6 104.5 608.4 107.3 595.2 149.3 585.3 146.6
v-2__1__816___816 0.376326560974 537.6 288.6 545.5 291.2 532.4 331.5 524.5 328.8
v-2__1__816___816 0.276039093733 156.4 568.7 162.1 591.9 153.9 593.5 148.3 570.3
v-2__1__816___816 0.261609286070 216.3 89.4 216.3 98.3 195.8 98.3 195.8 89.4
v-2__1__816___816 0.165218666196 192.2 89.7 192.2 98.5 163.8 98.5 163.8 89.7
v-2__1__816___816 0.160955160856 143.2 281.8 143.2 304.8 132.3 304.8 132.3 281.8
v-2__1__816___816 0.146831318736 298.3 120.7 298.3 131.2 281.6 131.2 281.6 120.7
v-2__1__816___816 0.133445680141 167.6 383.1 187.9 407.5 182.3 412.0 162.0 387.6
v-2__1__816___816 0.105877980590 244.6 444.1 258.0 449.1 255.7 454.8 242.3 449.7
v-2__1__1224___408 0.463482975960 422.5 36.6 430.6 39.0 421.6 70.6 413.5 68.3
v-2__1__1224___408 0.379533529282 190.6 511.1 201.3 514.7 187.8 557.6 177.1 554.0
v-2__1__1224___408 0.295556545258 16.1 355.4 30.4 364.2 27.7 369.0 13.4 360.2
v-2__1__1224___408 0.285353511572 73.2 349.7 73.2 357.0 52.6 357.0 52.6 349.7
v-2__1__1224___408 0.264122426510 60.3 321.6 60.3 329.4 38.4 329.4 38.4 321.6
v-2__1__1224___408 0.213895380497 34.4 329.2 45.6 334.9 42.9 338.4 31.8 332.7
v-2__1__1224___408 0.203528180718 72.3 382.9 72.3 389.2 58.0 389.2 58.0 382.9
v-2__1__1224___408 0.196274578571 23.4 343.1 31.6 348.6 27.2 355.9 19.0 350.4
v-2__1__1224___408 0.182438686490 72.3 367.3 72.3 372.8 57.9 372.8 57.9 367.3
v-2__1__1224___408 0.142193868756 83.0 235.5 83.0 256.8 73.6 256.8 73.6 235.5
v-2__1__1224___408 0.140761911869 51.6 292.0 51.6 303.6 40.7 303.6 40.7 292.0
v-2__1__1224___408 0.140295177698 180.7 506.7 188.6 510.3 174.6 553.5 166.7 549.9
v-2__1__1224___408 0.125564739108 404.9 126.8 411.1 128.8 406.4 142.9 400.2 140.9
v-2__1__1224___408 0.117737345397 73.8 358.9 73.8 365.3 55.6 365.3 55.6 358.9
v-2__1__1224___408 0.113236002624 72.1 343.5 72.1 349.0 52.8 349.0 52.8 343.5
v-2__1__1224___408 0.100746721029 70.9 373.3 70.9 380.4 55.5 380.4 55.5 373.3
v-2__1__1224___816 0.347270280123 190.3 103.2 201.6 107.0 188.2 149.6 176.9 145.8
v-2__1__1224___816 0.344542384148 129.6 289.2 137.3 292.1 124.4 331.5 116.7 328.7
v-2__1__1224___816 0.120598003268 180.4 99.3 189.0 103.1 175.2 145.0 166.5 141.2
v-2__1__1440___408 0.450973570347 206.6 36.7 214.6 39.1 205.7 70.2 197.7 67.9
v-2__1__1440___408 0.150145292282 272.8 145.9 279.3 148.5 273.6 163.3 267.1 160.8
v-2__1__1440___408 0.131420329213 476.9 95.5 506.0 102.6 504.8 109.1 475.7 102.0
v-2__1__1440___408 0.116860508919 189.0 127.1 194.9 129.3 190.3 142.7 184.3 140.6
v-2__1__1440___408 0.112697504461 394.2 535.1 419.8 539.8 418.3 547.4 392.7 542.8
v-2__1__1440___408 0.107020802796 123.8 90.0 131.4 91.6 127.1 107.1 119.5 105.5
v-2__1__1440___816 0.173589155078 393.8 127.2 420.0 131.8 418.9 139.3 392.8 134.7
v-3__1__0___0 0.140104338527 487.1 319.9 487.1 341.8 475.4 341.8 475.4 319.9
v-3__1__0___0 0.102244004607 304.1 432.8 304.1 444.4 285.2 444.4 285.2 432.8
v-3__1__0___408 0.122520886362 186.2 154.6 190.0 162.7 171.6 169.3 167.7 161.2
v-3__1__0___408 0.112715974450 202.6 114.1 202.6 131.9 192.4 131.9 192.4 114.1
v-3__1__408___0 0.195382639766 237.1 96.0 237.1 107.3 199.8 107.3 199.8 96.0
v-3__1__408___0 0.116578571498 79.1 320.0 79.1 341.8 67.1 341.8 67.1 320.0
v-3__1__816___1224 0.109472453594 315.2 585.9 315.2 595.5 297.7 595.5 297.7 585.9
v-3__1__816___1224 0.108968600631 602.4 547.2 602.4 594.6 584.3 594.6 584.3 547.2
v-3__1__1224___1224 0.174041479826 391.3 91.6 391.3 104.1 365.4 104.1 365.4 91.6
v-3__1__1224___1224 0.137895286083 27.1 593.8 27.1 602.9 10.1 602.9 10.1 593.8
v-3__1__1224___1224 0.119235873222 103.8 536.0 103.8 556.7 91.7 556.7 91.7 536.0
v-3__1__1224___1224 0.112077496946 127.3 517.5 127.3 527.9 106.8 527.9 106.8 517.5
v-3__1__1224___1440 0.126361936331 124.3 301.3 124.3 311.5 105.9 311.5 105.9 301.3
v-3__1__1224___1440 0.107740700245 104.5 325.0 104.5 343.1 91.3 343.1 91.3 325.0
v-4__1__408___816 0.431576162577 354.3 310.3 369.8 339.1 363.2 342.7 347.8 313.9
v-4__1__408___816 0.181123048067 493.2 565.8 500.6 580.0 495.6 581.6 488.2 567.5
v-4__1__408___816 0.122815422714 399.8 341.6 409.3 357.3 404.3 360.0 394.9 344.3
v-4__1__816___816 0.118044175208 85.2 565.7 92.6 579.6 87.5 581.5 80.1 567.6
v-4__1__816___1224 0.362141609192 326.1 556.9 335.4 573.9 329.3 577.5 320.0 560.5
v-4__1__816___1224 0.239717692137 255.0 442.1 266.9 462.8 259.5 466.8 247.6 446.0
v-4__1__816___1224 0.123800255358 85.6 157.6 93.0 171.3 87.4 173.6 80.0 159.9
v-4__1__816___1224 0.114471010864 321.3 576.5 330.0 591.6 323.7 595.6 315.0 580.5
v-4__1__816___1440 0.304575324059 326.4 341.2 334.9 357.6 329.2 361.0 320.7 344.6
v-4__1__816___1440 0.299563556910 254.9 225.8 267.1 247.1 259.4 251.2 247.3 230.0
v-4__1__816___1440 0.137333855033 420.1 159.1 421.5 162.7 400.1 173.0 398.7 169.4
v-4__1__816___1440 0.121037364006 487.8 94.5 491.5 103.2 459.8 118.4 456.1 109.7
v-4__1__816___1440 0.107331782579 520.7 465.9 522.3 473.7 500.5 479.2 498.9 471.4
v-4__1__1224___1440 0.124309912324 113.6 465.7 114.9 473.7 91.4 479.3 90.1 471.4
v-4__1__1224___1440 0.119436874986 80.9 94.4 84.7 103.5 50.9 118.9 47.2 109.8
v-5__1__0___1224 0.129255890846 520.6 360.6 527.6 373.1 491.1 395.4 484.1 382.9
v-6__1__0___1440 0.321618705988 552.4 511.3 585.6 531.4 579.9 540.3 546.7 520.2
v-6__1__0___1440 0.286547333002 219.8 536.3 225.4 541.4 198.6 570.4 193.0 565.4
v-6__1__0___1440 0.187153831124 329.6 520.6 329.6 531.9 299.6 531.9 299.6 520.6
v-6__1__0___1440 0.135892406106 274.6 524.0 274.6 536.6 225.2 536.6 225.2 524.0
v-6__1__0___1440 0.129497870803 195.2 544.0 195.2 554.6 178.3 554.6 178.3 544.0
v-6__1__408___1440 0.337021797895 144.1 511.2 177.6 531.5 172.2 540.1 138.7 519.8
v-6__1__408___1440 0.241183131933 185.1 538.5 194.6 557.5 188.7 560.8 179.2 541.8
v-6__1__408___1440 0.164037823677 196.6 548.0 205.9 565.7 201.1 568.3 191.7 550.5
v-6__1__408___1440 0.162008762360 498.9 519.7 498.9 533.1 448.1 533.1 448.1 519.7
v-6__1__408___1440 0.150126561522 305.4 523.4 305.4 529.2 282.3 529.2 282.3 523.4
v-6__1__408___1440 0.148122131824 281.9 517.3 281.9 527.8 266.0 527.8 266.0 517.3
v-6__1__408___1440 0.136713042855 52.6 571.2 60.9 579.8 56.4 584.2 48.1 575.6
v-6__1__816___1440 0.149601697922 489.2 532.3 489.2 543.9 459.2 543.9 459.2 532.3
v-6__1__816___1440 0.139328777790 433.5 526.0 433.5 533.8 417.6 533.8 417.6 526.0
v-6__1__816___1440 0.116022840142 442.1 466.6 442.1 480.9 435.8 480.9 435.8 466.6
v-6__1__816___1440 0.101349025965 499.1 525.1 499.1 533.9 481.5 533.9 481.5 525.1
v-7__1__408___0 0.138223782182 219.0 253.5 223.2 279.1 215.6 280.3 211.5 254.7
v-7__1__408___408 0.104650706053 506.8 27.8 511.3 63.1 497.7 63.9 493.1 28.6
v-7__1__816___0 0.117746956646 442.2 324.5 445.3 351.1 433.8 352.2 430.8 325.6
v-8__1__816___0 0.283144652843 148.1 368.5 176.3 395.3 168.9 403.2 140.7 376.3
v-8__1__816___0 0.111588135362 243.7 513.7 253.9 527.4 248.3 531.5 238.2 517.7
v-9__1__408___1224 0.126663878560 336.0 533.3 338.5 537.8 325.2 544.9 322.7 540.4
v-9__1__408___1440 0.142842784524 336.2 317.1 338.6 321.6 324.9 328.9 322.6 324.4
v-9__1__816___0 0.105341866612 455.2 162.9 459.7 172.3 420.8 186.8 416.3 177.5
v-9__1__816___408 0.107044100761 106.8 182.9 109.3 190.5 64.8 206.7 62.3 199.0
v-10__1__0___6528 0.265749007463 17.4 72.6 17.4 91.2 10.0 91.2 10.0 72.6
v-10__1__0___6528 0.160135641694 58.8 159.8 58.8 164.9 41.4 164.9 41.4 159.8
v-10__1__0___6528 0.129404813051 10.5 92.4 10.5 112.2 2.6 112.2 2.6 92.4
v-10__1__408___3264 0.148036807775 188.2 236.5 188.2 249.5 159.0 249.5 159.0 236.5
v-10__1__2856___0 0.122783847153 50.6 146.2 50.7 150.6 34.1 154.0 34.1 149.5
v-10__1__3264___2856 0.108055189252 433.2 576.0 434.2 582.1 417.7 586.9 416.7 580.8
v-10__1__4488___816 0.112573608756 66.2 164.1 84.9 171.8 82.6 178.3 63.9 170.7
v-11__1__0___0 0.108798190951 70.9 0.2 73.4 8.7 54.1 13.8 51.6 5.3
v-11__1__408___1224 0.354049444199 147.1 531.3 157.3 542.6 112.5 585.0 102.4 573.7
v-11__1__408___1440 0.185129389167 148.0 315.1 157.9 325.9 111.8 369.0 102.0 358.2
v-11__1__816___0 0.133202493191 335.1 459.0 345.9 493.4 332.5 497.4 321.7 463.0
v-11__1__1224___1224 0.148032233119 231.3 130.5 238.1 151.0 229.3 153.7 222.5 133.2
v-11__1__1224___1224 0.107729516923 279.7 235.9 289.2 269.0 278.2 272.1 268.7 239.0
v-11__1__1224___1440 0.120389759541 70.9 522.7 71.7 528.6 36.6 538.7 35.8 532.8
v-11__1__1224___1440 0.100014612079 279.9 20.2 289.2 52.1 277.9 55.5 268.6 23.5
v-11__1__1440___1224 0.169069230556 15.6 131.1 22.2 150.5 13.1 153.3 6.5 133.8
v-11__1__1440___1224 0.157669037580 195.8 305.6 202.4 326.8 192.9 329.2 186.2 307.9
v-11__1__1440___1224 0.128510087729 63.8 236.3 73.1 268.0 62.0 271.3 52.7 239.7
v-11__1__1440___1440 0.104376561940 63.8 20.0 73.0 51.9 61.6 55.3 52.3 23.4
v-12__1__816___1224 0.118075624108 148.9 392.8 148.9 403.6 133.6 403.6 133.6 392.8
v-13__1__816___0 0.188519477844 504.5 33.2 513.0 44.7 507.5 48.6 499.0 37.1
v-13__1__1224___0 0.210187032819 96.4 33.2 105.1 44.9 99.7 48.6 91.0 36.9
v-13__1__1224___0 0.135288447142 426.3 426.9 440.3 444.1 434.2 449.0 420.2 431.8
v-13__1__1440___0 0.118349246681 210.7 426.9 224.4 444.2 218.0 449.4 204.3 432.0
v-13__1__1440___408 0.204137116671 210.1 19.2 224.2 36.4 218.4 41.0 204.3 23.8
v-14__1__816___0 0.183897569776 33.9 64.8 33.9 83.0 24.6 83.0 24.6 64.8
v-14__1__816___0 0.119073472917 128.5 234.2 128.5 243.6 114.5 243.6 114.5 234.2
v-14__1__816___0 0.110922709107 78.3 328.6 85.6 342.0 78.8 345.4 71.6 331.9
v-14__1__816___0 0.106777533889 606.0 216.5 611.1 222.3 597.0 234.5 592.0 228.7
v-14__1__816___0 0.104795895517 31.2 86.3 31.2 102.4 21.8 102.4 21.8 86.3
v-14__1__1224___0 0.568877756596 460.1 13.5 464.5 19.4 432.6 45.2 428.1 39.2
v-14__1__1224___0 0.138742074370 512.0 264.9 518.1 281.5 509.7 284.4 503.6 267.8
v-14__1__1224___0 0.119148567319 406.1 494.2 406.1 510.0 396.4 510.0 396.4 494.2
v-14__1__1224___0 0.117926128209 197.6 218.4 201.5 223.0 188.5 233.4 184.6 228.8
v-14__1__1224___0 0.106925323606 253.7 172.0 257.5 176.7 247.0 185.5 243.1 180.9
v-15__1__0___816 0.105519659817 338.3 82.1 385.6 87.4 385.4 98.0 338.2 92.7
v-15__1__0___1440 0.191068410873 251.9 404.2 255.4 411.4 222.6 431.9 219.1 424.7
v-15__1__0___1440 0.173720538616 111.4 509.5 113.3 515.1 92.3 526.0 90.4 520.3
v-15__1__0___1440 0.172287508845 95.6 493.3 99.7 501.3 69.0 519.0 65.0 511.1
v-15__1__0___1440 0.142664387822 162.1 479.9 164.1 485.5 144.6 495.1 142.6 489.5
v-15__1__0___1440 0.122932329774 211.8 428.8 213.5 433.1 199.3 441.1 197.7 436.8
v-16__1__1440___1224 0.468446582556 558.2 174.6 569.9 175.8 565.4 214.3 553.7 213.1
v-16__1__1440___1224 0.435429334641 570.4 107.1 579.6 108.7 575.9 137.9 566.7 136.2
v-16__1__1440___1224 0.284613996744 491.7 205.4 491.7 229.0 480.4 229.0 480.4 205.4
v-16__1__1440___1224 0.283433586359 431.5 545.1 441.1 547.6 436.1 579.6 426.5 577.1
v-16__1__1440___1224 0.109990328550 569.0 152.9 576.2 154.4 571.9 180.0 564.8 178.5
v-16__1__1440___1440 0.440391272306 485.3 482.6 494.6 484.8 488.2 520.3 478.8 518.2
v-16__1__1440___1440 0.367238521576 431.5 329.6 441.0 331.8 435.9 363.0 426.4 360.8
v-16__1__1440___1440 0.244893863797 416.6 502.1 423.9 504.0 420.3 525.9 413.0 524.0
v-16__1__1440___1440 0.207424655557 409.0 551.5 409.0 571.1 396.8 571.1 396.8 551.5
v-16__1__1440___1440 0.133855327964 487.7 453.4 495.1 453.7 490.9 480.1 483.4 479.8
v-17__1__0___816 0.456862032413 49.4 541.3 56.9 544.6 42.5 576.9 35.0 573.6
v-17__1__0___1224 0.319828987122 49.3 133.5 57.0 136.9 42.6 169.3 34.9 165.9
v-17__1__408___0 0.140648275614 292.9 446.7 301.2 466.9 293.9 469.4 285.6 449.1
v-18__1__408___816 0.254267394543 294.5 227.2 296.0 231.9 276.9 242.0 275.4 237.3
v-18__1__408___816 0.144064575434 256.6 186.1 266.1 208.1 260.0 211.0 250.5 189.0
v-18__1__408___816 0.119782924652 342.3 544.4 348.2 561.3 342.0 563.5 336.1 546.6
v-18__1__408___1224 0.172255024314 536.4 246.7 536.4 253.7 514.9 253.7 514.9 246.7
v-18__1__408___1224 0.148624598980 507.1 158.5 522.2 162.1 520.5 167.7 505.4 164.1
v-18__1__408___1224 0.144767180085 587.1 229.8 587.1 237.3 561.7 237.3 561.7 229.8
v-18__1__408___1224 0.109881803393 526.6 194.9 526.6 208.5 494.4 208.5 494.4 194.9
v-18__1__408___1224 0.104817278683 508.9 169.0 508.9 179.1 479.7 179.1 479.7 169.0
v-18__1__1224___1224 0.285620570183 397.7 395.7 399.3 403.0 359.7 413.7 358.1 406.4
v-18__1__1224___1224 0.195482820272 376.9 423.8 378.4 431.2 355.1 435.7 353.6 428.2
v-18__1__1224___1224 0.136230707169 250.1 444.2 250.9 449.6 232.9 453.9 232.1 448.5
v-18__1__1224___1224 0.109482958913 453.7 397.2 455.3 403.6 439.2 406.8 437.6 400.4
v-18__1__1224___1224 0.107362739742 508.8 431.4 511.4 438.5 488.5 443.2 485.9 436.0
v-18__1__1224___1440 0.202023446560 250.5 228.3 251.2 233.8 232.6 237.9 231.8 232.4
v-18__1__1224___1440 0.186525896192 398.5 179.2 399.8 186.8 358.7 198.5 357.4 190.9
v-18__1__1224___1440 0.165163129568 453.7 181.4 455.2 186.7 439.3 190.6 437.8 185.2
v-18__1__1224___1440 0.143284976482 374.9 204.1 377.4 212.0 356.4 215.6 353.8 207.7
v-18__1__1224___1440 0.134225904942 307.5 243.9 309.3 250.8 288.8 256.6 287.0 249.7
v-18__1__1224___1440 0.120271749794 444.2 216.5 444.2 221.6 422.3 227.4 422.4 222.2
v-18__1__1224___1440 0.109517365694 295.2 228.9 296.7 236.5 277.6 240.3 276.0 232.8
v-18__1__1440___408 0.120940119028 70.8 325.9 75.2 331.8 60.5 343.3 56.1 337.4
v-18__1__1440___1224 0.381966292858 181.5 395.7 183.4 402.8 144.0 413.6 142.1 406.5
v-18__1__1440___1224 0.249895617366 159.7 424.0 161.5 430.7 140.2 435.5 138.4 428.8
v-18__1__1440___1224 0.129150003195 394.0 237.7 394.0 246.4 370.9 246.4 370.9 237.7
v-18__1__1440___1224 0.124686405063 289.0 430.9 293.5 439.3 276.0 444.0 271.5 435.6
v-18__1__1440___1224 0.115979678929 237.6 397.1 239.1 403.6 223.1 406.9 221.6 400.4
v-18__1__1440___1224 0.112675137818 228.4 432.1 228.4 437.6 206.1 443.7 206.0 438.2
v-18__1__1440___1440 0.201073735952 182.3 179.5 183.5 186.6 143.1 198.2 141.8 191.1
v-18__1__1440___1440 0.163358584046 228.4 216.2 228.4 221.8 206.0 227.6 206.0 222.0
v-18__1__1440___1440 0.163204908371 159.1 207.9 161.1 214.8 140.4 219.4 138.4 212.6
v-18__1__1440___1440 0.142667353153 238.3 181.9 239.3 187.0 222.8 190.3 221.8 185.2
v-18__1__1440___1440 0.110728085041 179.0 236.9 180.7 240.5 161.6 247.6 159.9 244.0
v-19__1__4080___408 0.109881713986 170.5 398.5 170.5 414.1 162.2 414.1 162.2 398.5
v-19__1__4080___816 0.188767284155 150.0 474.3 150.0 491.0 142.3 491.0 142.3 474.3
v-19__1__5304___2040 0.103660315275 188.6 14.4 201.1 34.0 192.6 39.6 180.2 20.0
