v-20__0.5__0___0 0.326259791851 335.3 403.3 335.3 417.0 324.9 417.0 324.9 403.3
v-20__0.5__0___0 0.182998597622 224.3 298.6 233.8 307.2 230.4 311.4 220.9 302.8
v-20__0.5__0___0 0.175876572728 319.4 382.4 319.4 397.9 308.3 397.9 308.3 382.4
v-20__0.5__0___0 0.147891044617 430.7 401.0 441.2 409.3 438.7 412.4 428.3 404.2
v-20__0.5__0___0 0.146087497473 457.3 377.1 457.3 619.3 378.4 619.3 378.4 377.1
v-20__0.5__0___0 0.139735653996 342.3 443.0 342.3 457.4 334.3 457.4 334.3 443.0
v-20__0.5__0___0 0.137131527066 315.0 370.0 315.0 376.9 296.6 376.9 296.6 370.0
v-20__0.5__0___0 0.135427802801 250.8 377.0 250.8 394.6 241.4 394.6 241.4 377.0
v-20__0.5__0___0 0.123123228550 336.5 584.1 336.5 594.9 322.2 594.9 322.2 584.1
v-20__0.5__0___0 0.116967476904 496.9 487.7 505.9 502.7 500.4 506.6 491.4 491.6
v-20__0.5__0___0 0.116461351514 187.8 243.4 198.3 249.4 193.1 256.2 182.7 250.3
v-5__0.5__0___408 0.190442755818 374.4 310.5 381.8 321.4 375.4 326.5 367.9 315.6
v-20__0.5__0___408 0.415188044310 497.7 234.3 502.3 238.2 492.3 250.0 487.7 246.1
v-20__0.5__0___408 0.340047806501 226.1 567.7 231.3 579.6 225.4 582.0 220.3 570.1
v-20__0.5__0___408 0.245231628418 431.9 520.2 431.9 529.2 413.4 529.2 413.4 520.2
v-20__0.5__0___408 0.219129055738 24.4 585.9 34.1 598.4 28.7 602.1 18.9 589.6
v-20__0.5__0___408 0.210889562964 491.1 261.3 491.1 276.7 481.5 276.7 481.5 261.3
v-20__0.5__0___408 0.201848402619 337.5 498.7 337.5 513.5 328.9 513.5 328.9 498.7
v-20__0.5__0___408 0.195181250572 221.6 285.2 221.6 534.3 166.8 534.3 166.8 285.2
v-20__0.5__0___408 0.187692791224 104.6 518.6 104.6 534.8 98.0 534.8 98.0 518.6
v-20__0.5__0___408 0.165977537632 177.3 549.6 177.3 559.5 161.6 559.5 161.6 549.6
v-20__0.5__0___408 0.164172455668 371.2 231.2 371.2 244.7 361.2 244.7 361.2 231.2
v-20__0.5__0___408 0.162951916456 497.3 79.3 506.3 95.1 500.3 99.3 491.2 83.5
v-20__0.5__0___408 0.161662399769 182.0 531.3 182.0 538.3 166.1 538.3 166.1 531.3
v-20__0.5__0___408 0.147504791617 447.7 239.0 447.7 253.7 436.5 253.7 436.5 239.0
v-20__0.5__0___408 0.140713945031 174.6 295.0 174.6 532.7 125.5 532.7 125.5 295.0
v-20__0.5__0___408 0.138567417860 454.6 354.8 454.6 370.2 445.2 370.2 445.2 354.8
v-20__0.5__0___408 0.134311705828 223.7 419.5 223.7 433.3 213.2 433.3 213.2 419.5
v-20__0.5__0___408 0.133723378181 327.9 292.9 327.9 510.8 291.8 510.8 291.8 292.9
v-20__0.5__0___408 0.124497830868 455.2 196.1 455.2 208.7 444.4 208.7 444.4 196.1
v-20__0.5__0___408 0.120284415781 403.6 292.3 403.6 511.8 352.5 511.8 352.5 292.3
v-20__0.5__0___408 0.119012802839 230.5 290.1 230.5 304.4 221.1 304.4 221.1 290.1
v-20__0.5__0___408 0.116729244590 502.7 290.9 502.7 304.8 493.3 304.8 493.3 290.9
v-20__0.5__0___408 0.115762330592 338.0 335.4 338.0 348.9 329.9 348.9 329.9 335.4
v-20__0.5__0___408 0.104085616767 446.6 498.3 446.6 512.8 429.4 512.8 429.4 498.3
v-20__0.5__0___408 0.103093869984 455.1 144.3 455.1 155.3 437.1 155.3 437.1 144.3
v-20__0.5__0___408 0.102125257254 378.0 507.9 378.0 519.3 362.9 519.3 362.9 507.9
v-6__0.5__0___408 0.291944950819 364.5 19.5 367.5 23.5 352.8 35.3 349.8 31.3
v-6__0.5__0___408 0.279879242182 363.3 11.7 365.9 15.0 353.2 24.7 350.6 21.4
v-6__0.5__0___408 0.272332072258 364.3 75.8 365.7 78.9 351.4 88.2 350.0 85.1
v-6__0.5__0___408 0.225190445781 361.9 2.1 364.8 7.3 353.7 15.8 350.8 10.6
v-6__0.5__0___408 0.193979948759 359.6 67.6 361.9 70.9 348.0 80.8 345.7 77.5
v-6__0.5__0___408 0.162235289812 364.3 84.8 366.0 88.0 353.2 95.5 351.5 92.3
v-6__0.5__0___408 0.158867269754 328.4 72.5 340.5 80.4 338.9 83.3 326.8 75.4
v-6__0.5__0___408 0.157782405615 360.3 51.0 362.3 53.7 348.0 64.2 346.1 61.6
v-6__0.5__0___408 0.145911753178 363.4 31.9 365.7 35.2 353.3 43.5 351.0 40.2
v-6__0.5__0___408 0.123489730060 340.9 11.1 349.2 23.9 344.4 25.6 336.1 12.7
v-6__0.5__0___408 0.121821567416 342.9 -0.4 346.7 10.0 340.5 12.6 336.7 2.1
v-6__0.5__0___408 0.116657249629 219.0 195.3 229.5 205.2 226.6 208.2 216.1 198.3
v-6__0.5__0___408 0.111625388265 364.5 40.3 366.4 43.7 351.9 52.3 349.9 48.9
v-6__0.5__0___408 0.107267305255 363.5 101.0 366.0 104.0 353.8 113.4 351.3 110.4
v-1__0.5__408___0 0.124059796333 562.7 159.6 580.5 165.0 577.3 173.6 559.6 168.2
v-20__0.5__0___416 0.406892061234 497.7 226.3 502.4 230.0 492.5 242.1 487.8 238.3
v-20__0.5__0___416 0.358589023352 23.9 577.8 34.5 591.3 29.4 594.8 18.8 581.3
v-20__0.5__0___416 0.286138087511 226.0 559.8 231.2 571.5 225.4 573.9 220.2 562.2
v-20__0.5__0___416 0.276281833649 172.0 284.0 172.0 520.1 127.7 520.1 127.7 284.0
v-20__0.5__0___416 0.247784510255 431.9 511.9 431.9 521.6 413.2 521.6 413.2 511.9
v-20__0.5__0___416 0.246874153614 405.2 282.8 405.2 512.5 358.3 512.5 358.3 282.8
v-20__0.5__0___416 0.234883248806 337.4 490.7 337.4 505.2 329.2 505.2 329.2 490.7
v-20__0.5__0___416 0.228481426835 327.6 283.0 327.6 504.5 292.3 504.5 292.3 283.0
v-20__0.5__0___416 0.207746759057 223.4 282.0 223.4 521.6 171.7 521.6 171.7 282.0
v-20__0.5__0___416 0.203291177750 491.1 253.2 491.1 268.7 481.6 268.7 481.6 253.2
v-20__0.5__0___416 0.174220666289 28.0 568.7 37.3 584.0 30.7 587.0 21.4 571.8
v-20__0.5__0___416 0.167133986950 447.7 231.1 447.7 245.7 436.7 245.7 436.7 231.1
v-20__0.5__0___416 0.154999136925 104.9 511.1 104.9 526.3 97.7 526.3 97.7 511.1
v-20__0.5__0___416 0.149295091629 223.5 410.8 223.5 426.0 213.5 426.0 213.5 410.8
v-20__0.5__0___416 0.145675197244 454.7 346.7 454.7 362.4 445.2 362.4 445.2 346.7
v-20__0.5__0___416 0.126054823399 371.4 224.0 371.4 235.3 360.6 235.3 360.6 224.0
v-20__0.5__0___416 0.121461354196 455.1 188.4 455.1 200.2 444.4 200.2 444.4 188.4
v-20__0.5__0___416 0.118989884853 177.1 541.5 177.1 551.6 161.8 551.6 161.8 541.5
v-20__0.5__0___416 0.113881021738 181.5 523.2 181.5 529.8 166.4 529.8 166.4 523.2
v-20__0.5__0___416 0.108928918839 497.0 71.7 505.9 86.8 500.4 90.6 491.5 75.5
v-20__0.5__0___416 0.102975770831 502.8 282.7 502.8 297.1 493.2 297.1 493.2 282.7
v-20__0.5__0___416 0.102170087397 70.9 297.3 70.9 305.4 53.9 305.4 53.9 297.3
v-20__0.5__0___416 0.101654656231 18.7 518.8 18.7 532.2 10.1 532.2 10.1 518.8
v-6__0.5__0___416 0.310945332050 363.0 3.6 365.3 7.8 352.9 17.1 350.6 12.8
v-6__0.5__0___416 0.277668535709 364.8 11.9 367.2 15.7 352.5 26.8 350.1 23.0
v-6__0.5__0___416 0.163814768195 218.7 187.3 229.8 197.2 226.9 200.1 215.9 190.2
v-6__0.5__0___416 0.148129716516 363.5 24.2 365.4 27.1 352.9 35.3 351.0 32.4
v-6__0.5__0___416 0.102284260094 360.5 43.3 362.0 45.8 347.5 56.0 346.0 53.5
v-5__0.5__0___416 0.229231208563 374.2 302.8 381.6 313.5 375.6 318.4 368.2 307.7
v-20__0.5__408___0 0.157545968890 89.0 487.8 97.9 503.1 92.6 506.4 83.7 491.2
v-20__0.5__408___0 0.130729079247 23.0 401.3 32.7 409.2 30.2 412.1 20.4 404.2
v-20__0.5__408___0 0.105466395617 82.4 462.9 90.6 473.4 83.7 479.0 75.4 468.5
v-7__0.5__0___0 0.139278829098 425.7 24.2 425.7 43.6 416.9 43.6 416.9 24.2
v-20__0.5__408___408 0.437264144421 90.4 234.4 94.4 237.5 83.9 249.9 79.9 246.7
v-20__0.5__408___408 0.282667964697 23.9 519.2 23.9 528.4 5.0 528.4 5.0 519.2
v-20__0.5__408___408 0.211725324392 82.8 261.7 82.8 276.8 73.3 276.8 73.3 261.7
v-20__0.5__408___408 0.150017753243 88.9 79.8 98.0 95.5 92.8 99.0 83.6 83.3
v-20__0.5__408___408 0.119538150728 38.2 499.0 38.2 512.1 21.6 512.1 21.6 499.0
v-20__0.5__408___408 0.117113374174 111.7 406.6 111.7 419.8 102.6 419.8 102.6 406.6
v-20__0.5__408___408 0.114721342921 46.7 355.3 46.7 369.5 37.1 369.5 37.1 355.3
v-20__0.5__408___408 0.108216397464 94.8 290.6 94.8 305.3 85.2 305.3 85.2 290.6
v-20__0.5__408___408 0.105683580041 46.8 196.2 46.8 208.6 37.4 208.6 37.4 196.2
v-20__0.5__408___408 0.104339212179 202.4 525.4 208.0 538.2 202.4 541.5 196.8 528.8
v-20__0.5__408___408 0.101930871606 82.6 291.4 82.6 305.3 75.0 305.3 75.0 291.4
v-20__0.5__408___408 0.101199015975 216.7 555.1 216.7 570.2 203.6 570.2 203.6 555.1
v-1__0.5__416___0 0.174603402615 571.5 160.2 571.5 172.4 552.0 172.4 552.0 160.2
v-20__0.5__408___416 0.433657228947 90.1 226.2 94.5 229.5 84.3 242.0 79.9 238.7
v-20__0.5__408___416 0.250337392092 23.6 511.1 23.6 520.6 5.0 520.6 5.0 511.1
v-20__0.5__408___416 0.197850391269 83.0 253.9 83.0 268.5 73.5 268.5 73.5 253.9
v-20__0.5__408___416 0.156184211373 46.8 347.0 46.8 361.9 36.9 361.9 36.9 347.0
v-20__0.5__408___416 0.149327710271 89.0 71.9 97.9 87.1 92.6 90.4 83.7 75.2
v-20__0.5__408___416 0.129854694009 94.8 282.7 94.8 297.1 85.3 297.1 85.3 282.7
v-20__0.5__408___416 0.107672832906 82.2 307.0 82.2 319.3 75.5 319.3 75.5 307.0
v-20__0.5__408___416 0.105209812522 46.8 188.1 46.8 200.7 37.5 200.7 37.5 188.1
v-20__0.5__408___416 0.104371592402 43.6 487.0 43.6 502.3 32.5 502.3 32.5 487.0
v-20__0.5__408___416 0.104322880507 39.4 231.0 39.4 245.7 29.1 245.7 29.1 231.0
v-6__0.5__408___416 0.102591067553 285.8 44.8 285.8 54.8 263.4 54.8 263.4 44.8
v-20__0.5__416___0 0.121820695698 14.7 400.8 25.3 409.2 22.6 412.9 12.0 404.4
v-20__0.5__416___0 0.115019403398 11.2 410.7 17.8 417.0 9.3 425.4 2.6 419.1
v-20__0.5__416___0 0.100372880697 80.9 487.7 89.9 502.7 84.4 506.6 75.5 491.7
v-7__0.5__408___0 0.114964194596 18.5 23.8 18.5 43.9 8.6 43.9 8.6 23.8
v-6__0.5__416___408 0.121440999210 278.0 52.6 278.0 62.7 255.2 62.7 255.2 52.6
v-6__0.5__416___408 0.105886265635 281.5 65.7 281.5 75.8 257.0 75.8 257.0 65.7
v-20__0.5__416___408 0.414845198393 81.6 234.4 86.1 238.1 76.3 249.9 71.8 246.2
v-20__0.5__416___408 0.213300779462 75.0 261.3 75.0 276.6 65.6 276.6 65.6 261.3
v-20__0.5__416___408 0.193893417716 17.2 517.5 17.2 528.8 0.7 528.8 0.7 517.5
v-20__0.5__416___408 0.146911948919 81.2 79.3 90.3 95.2 84.4 99.3 75.3 83.4
v-20__0.5__416___408 0.146193116903 208.2 555.3 208.2 569.5 196.2 569.5 196.2 555.3
v-20__0.5__416___408 0.142821207643 194.3 525.6 199.7 538.3 194.3 541.3 188.9 528.6
v-20__0.5__416___408 0.129844278097 38.8 196.1 38.8 208.8 29.3 208.8 29.3 196.1
v-20__0.5__416___408 0.127265065908 38.5 355.0 38.5 370.1 29.4 370.1 29.4 355.0
v-20__0.5__416___408 0.124219581485 27.6 296.3 27.6 309.7 17.4 309.7 17.4 296.3
v-20__0.5__416___408 0.119327582419 31.2 239.1 31.2 253.6 21.0 253.6 21.0 239.1
v-20__0.5__416___408 0.110996343195 29.3 498.6 29.3 513.1 8.1 513.1 8.1 498.6
v-20__0.5__416___408 0.108452171087 86.7 290.9 86.7 304.8 77.3 304.8 77.3 290.9
v-6__0.5__416___416 0.131382256746 277.7 44.4 277.7 55.1 255.3 55.1 255.3 44.4
v-6__0.5__416___416 0.116594411433 281.7 57.3 281.7 68.1 256.8 68.1 256.8 57.3
v-20__0.5__416___416 0.403054147959 81.8 226.4 86.3 230.1 76.4 242.0 71.9 238.3
v-20__0.5__416___416 0.199876099825 75.1 253.2 75.1 268.6 65.6 268.6 65.6 253.2
v-20__0.5__416___416 0.150535658002 17.2 509.5 17.2 521.0 0.6 521.0 0.6 509.5
v-20__0.5__416___416 0.149012207985 38.5 347.1 38.5 362.2 29.5 362.2 29.5 347.1
v-20__0.5__416___416 0.129644915462 31.3 231.6 31.3 245.2 20.9 245.2 20.9 231.6
v-20__0.5__416___416 0.119932383299 31.0 489.3 31.0 506.4 5.8 506.4 5.8 489.3
v-20__0.5__416___416 0.119102902710 38.8 188.6 38.8 200.2 28.9 200.2 28.9 188.6
v-20__0.5__416___416 0.101632036269 208.4 547.6 208.4 561.4 196.0 561.4 196.0 547.6
v-20__0.5__416___416 0.100502319634 81.0 71.6 90.0 86.7 84.3 90.6 75.4 75.6
v-12__0.5__0___408 0.126374810934 130.6 528.7 130.6 539.8 121.0 539.8 121.0 528.7
v-12__0.5__0___408 0.103460460901 264.3 502.1 267.3 509.7 250.7 517.0 247.7 509.5
v-12__0.5__0___416 0.155086681247 130.8 520.8 130.8 531.3 120.9 531.3 120.9 520.8
v-9__0.5__0___408 0.109613858163 23.8 205.8 26.7 215.4 4.0 221.7 1.1 212.1
v-12__0.5__408___0 0.309221565723 300.4 201.8 304.3 206.9 294.1 215.9 290.2 210.8
v-12__0.5__408___0 0.296785682440 254.5 20.3 260.1 23.6 252.2 38.1 246.7 34.8
v-12__0.5__408___0 0.202821895480 283.9 218.9 287.8 224.5 278.9 231.9 275.0 226.3
v-12__0.5__408___0 0.186635926366 306.7 4.9 306.7 14.4 288.8 14.4 288.8 4.9
v-12__0.5__408___0 0.165718033910 346.9 39.3 346.9 52.2 336.5 52.2 336.5 39.3
v-12__0.5__408___0 0.149267494678 264.6 236.4 268.2 241.3 257.5 249.1 253.8 244.2
v-12__0.5__408___0 0.137165978551 343.2 119.0 343.2 134.7 332.5 134.7 332.5 119.0
v-12__0.5__408___0 0.127223461866 307.1 191.8 311.9 195.4 304.2 205.2 299.4 201.6
v-12__0.5__408___0 0.119587615132 406.9 218.2 406.9 226.2 389.5 226.2 389.5 218.2
v-12__0.5__408___0 0.108744964004 321.0 176.0 327.2 179.6 322.3 186.3 316.0 182.8
v-12__0.5__408___0 0.106187500060 196.7 76.2 196.7 87.1 181.8 87.1 181.8 76.2
v-12__0.5__408___0 0.102442115545 303.1 12.0 303.1 22.0 276.0 22.0 276.0 12.0
v-12__0.5__408___0 0.101706057787 225.8 67.1 225.8 80.1 217.6 80.1 217.6 67.1
v-9__0.5__0___416 0.105350919068 38.5 322.3 44.9 335.8 38.0 338.9 31.7 325.3
v-12__0.5__408___408 0.216388806701 578.7 242.6 580.5 248.5 562.6 255.5 560.9 249.6
v-12__0.5__408___408 0.176172077656 348.4 292.8 348.4 300.9 334.6 300.9 334.6 292.8
v-12__0.5__408___408 0.102885752916 577.2 207.7 579.4 215.6 562.9 222.0 560.7 214.1
v-11__0.5__408___0 0.100033082068 344.4 283.7 350.3 298.0 341.5 302.3 335.6 288.1
v-12__0.5__408___416 0.212432384491 578.6 235.0 580.2 240.6 562.5 247.3 561.0 241.7
v-12__0.5__408___416 0.180243968964 349.9 283.7 349.9 291.4 333.5 291.4 333.5 283.7
v-12__0.5__408___416 0.136127263308 602.0 230.8 602.9 236.1 587.2 243.7 586.3 238.4
v-12__0.5__408___416 0.107374437153 313.9 396.0 318.9 404.0 314.0 407.4 308.9 399.4
v-12__0.5__416___0 0.322443544865 246.9 19.8 252.3 23.0 243.6 38.5 238.2 35.3
v-12__0.5__416___0 0.272393852472 292.7 201.8 296.2 206.6 285.7 215.7 282.2 210.9
v-12__0.5__416___0 0.204400256276 276.1 219.0 279.9 224.2 270.9 231.7 267.1 226.5
v-12__0.5__416___0 0.203719630837 297.9 5.0 297.9 14.4 281.7 14.4 281.7 5.0
v-12__0.5__416___0 0.150762364268 256.7 236.9 260.0 241.7 249.3 249.2 246.0 244.4
v-12__0.5__416___0 0.132533162832 400.9 2.5 400.9 17.2 379.3 17.2 379.3 2.5
v-12__0.5__416___0 0.129583328962 291.0 12.8 291.0 21.9 265.9 21.9 265.9 12.8
v-12__0.5__416___0 0.117291375995 335.0 119.3 335.0 134.3 324.4 134.3 324.4 119.3
v-12__0.5__416___0 0.104597456753 170.0 470.9 170.0 477.0 155.1 477.0 155.1 470.9
v-12__0.5__416___408 0.259955346584 571.0 242.8 572.6 248.4 554.3 255.3 552.8 249.7
v-12__0.5__416___408 0.181835934520 341.7 291.9 341.7 299.1 325.6 299.1 325.6 291.9
v-12__0.5__416___408 0.171569302678 594.8 239.8 594.9 244.8 578.2 251.5 578.1 246.4
v-12__0.5__416___408 0.150793284178 604.8 212.2 604.8 223.1 591.4 223.1 591.4 212.2
v-12__0.5__416___408 0.139016225934 569.1 207.7 571.3 215.8 554.9 222.0 552.7 214.0
v-12__0.5__416___408 0.106765463948 605.7 230.3 609.0 239.2 598.2 244.4 594.9 235.5
v-11__0.5__416___0 0.188514471054 336.1 282.2 340.4 298.1 333.7 299.6 329.4 283.8
v-11__0.5__416___0 0.112480685115 366.2 223.7 368.3 232.1 348.8 236.3 346.6 227.9
v-12__0.5__416___416 0.201161146164 570.9 235.1 572.4 240.9 554.5 247.2 552.9 241.3
v-12__0.5__416___416 0.181970909238 341.3 283.9 341.3 291.1 326.0 291.1 326.0 283.9
v-12__0.5__416___416 0.151656910777 595.2 231.5 595.4 236.6 577.6 243.6 577.5 238.6
v-12__0.5__416___416 0.118480958045 569.1 199.8 571.2 207.9 554.9 214.1 552.8 206.0
v-12__0.5__416___416 0.116136200726 604.8 204.7 604.8 214.9 591.5 214.9 591.5 204.7
v-9__0.5__416___408 0.132104724646 33.7 169.9 43.4 190.2 34.6 194.3 24.9 173.9
v-9__0.5__416___416 0.118049278855 34.0 162.2 43.5 182.4 34.5 186.3 25.0 166.0
v-15__0.5__408___408 0.150345250964 27.1 263.4 33.5 270.8 18.5 283.5 12.0 276.1
v-15__0.5__408___416 0.135872453451 27.8 256.0 33.5 262.3 18.2 275.3 12.5 269.0
v-16__0.5__408___408 0.177741378546 109.5 179.3 114.3 181.0 109.0 194.4 104.2 192.7
v-16__0.5__408___416 0.129510477185 109.5 170.8 114.7 172.8 108.9 186.7 103.7 184.7
v-15__0.5__416___408 0.108330644667 163.7 242.2 174.2 243.9 169.0 264.6 158.4 263.0
v-15__0.5__416___408 0.104380391538 19.2 263.2 26.1 269.6 10.7 284.1 3.9 277.7
v-16__0.5__416___408 0.108656927943 101.4 178.9 106.4 180.9 100.8 194.4 95.9 192.5
v-18__0.5__0___416 0.105469897389 6.0 148.7 15.8 172.3 7.7 174.4 -2.1 150.9
v-16__0.5__416___416 0.140676245093 101.4 170.9 106.4 172.6 100.8 186.5 95.7 184.7
v-18__0.5__408___0 0.308589547873 448.3 456.2 451.3 460.9 434.5 473.5 431.5 468.7
v-18__0.5__408___0 0.185411140323 451.6 409.2 464.2 430.2 456.0 434.9 443.3 413.9
v-18__0.5__408___408 0.277775883675 448.1 48.1 451.5 53.0 434.4 65.7 431.0 60.8
v-18__0.5__408___408 0.277719199657 451.8 2.4 463.2 22.1 455.9 26.2 444.4 6.5
v-18__0.5__408___416 0.293726414442 448.7 39.1 452.0 43.4 435.7 55.7 432.4 51.4
v-18__0.5__408___416 0.182943567634 453.0 -0.8 462.4 14.9 455.1 19.2 445.7 3.5
v-10__0.5__0___3488 0.147627800703 529.1 490.4 534.4 497.1 506.7 519.7 501.4 513.0
v-10__0.5__0___3488 0.140283256769 499.6 523.5 505.7 529.8 482.7 552.2 476.6 545.9
v-10__0.5__0___3488 0.137231349945 606.0 418.3 609.8 426.0 598.7 432.6 594.9 425.0
v-18__0.5__416___0 0.242610380054 440.4 456.1 443.5 461.1 426.3 473.7 423.2 468.7
v-18__0.5__416___408 0.279125988483 440.1 48.3 443.3 52.9 426.5 65.5 423.3 60.8
v-18__0.5__416___408 0.200360998511 443.8 2.0 456.1 22.5 448.1 26.9 435.8 6.3
v-10__0.5__408___408 0.124535739422 411.2 572.7 411.2 582.3 393.9 582.3 393.9 572.7
v-18__0.5__416___416 0.245795384049 440.4 40.2 443.4 45.2 426.3 57.6 423.3 52.5
v-18__0.5__416___416 0.144095510244 445.0 -0.6 454.7 15.2 447.4 19.5 437.8 3.6
v-10__0.5__408___3488 0.401045918465 567.8 62.2 573.6 67.7 549.1 93.5 543.2 88.1
v-10__0.5__408___3488 0.365229547024 357.1 499.3 360.8 503.5 344.4 518.5 340.7 514.3
v-10__0.5__408___3488 0.354550302029 339.7 282.2 345.3 288.7 318.5 314.1 312.9 307.5
v-10__0.5__408___3488 0.348048537970 216.8 403.5 221.4 409.3 193.3 433.6 188.7 427.8
v-10__0.5__408___3488 0.284247070551 323.6 532.0 327.2 535.6 302.3 561.0 298.8 557.3
v-10__0.5__408___3488 0.278307110071 603.8 407.2 607.3 410.9 573.9 442.8 570.3 439.1
v-10__0.5__408___3488 0.247100904584 595.3 91.5 600.1 96.1 578.7 120.2 573.9 115.6
v-10__0.5__408___3488 0.234811976552 250.9 570.4 253.3 575.6 226.9 591.5 224.5 586.3
v-10__0.5__408___3488 0.232339903712 227.1 416.5 230.4 422.3 200.6 441.4 197.3 435.6
v-10__0.5__408___3488 0.229868814349 600.5 28.6 611.9 41.2 605.5 46.1 594.2 33.5
v-10__0.5__408___3488 0.224776387215 383.7 260.1 387.9 265.8 363.2 286.1 359.0 280.5
v-10__0.5__408___3488 0.208205878735 379.3 253.4 382.0 259.9 353.8 274.5 351.1 268.0
v-10__0.5__408___3488 0.208141684532 265.6 370.1 269.5 377.1 242.0 396.4 238.0 389.3
v-10__0.5__408___3488 0.207188740373 525.5 249.2 530.6 253.6 509.8 276.0 504.8 271.6
v-10__0.5__408___3488 0.205865740776 257.5 580.6 259.3 585.6 233.2 600.6 231.3 595.6
v-10__0.5__408___3488 0.177016377449 563.4 231.5 567.3 236.1 550.0 252.0 546.0 247.5
v-10__0.5__408___3488 0.164009332657 242.3 550.4 243.5 554.3 210.2 565.6 209.0 561.7
v-10__0.5__408___3488 0.158265367150 197.3 490.2 203.1 497.6 172.6 521.8 166.8 514.5
v-10__0.5__408___3488 0.157152980566 559.3 350.5 563.0 352.6 547.3 373.0 543.6 370.8
v-10__0.5__408___3488 0.147946551442 300.8 533.9 303.5 536.9 287.0 551.9 284.4 548.9
v-10__0.5__408___3488 0.144731983542 270.1 378.6 275.7 385.4 247.5 409.4 241.8 402.6
v-10__0.5__408___3488 0.144540891051 92.2 523.8 97.6 529.0 74.0 551.9 68.6 546.6
v-10__0.5__408___3488 0.143495380878 443.1 330.9 447.7 334.7 425.7 360.0 421.1 356.2
v-10__0.5__408___3488 0.141227021813 302.8 324.1 306.6 331.1 270.1 353.8 266.2 346.8
v-10__0.5__408___3488 0.138750374317 602.3 309.6 606.6 312.6 586.5 335.9 582.2 332.9
v-10__0.5__408___3488 0.138491228223 423.6 222.1 427.8 227.8 406.2 245.7 402.0 240.0
v-10__0.5__408___3488 0.134818717837 193.9 590.2 198.4 599.2 169.7 614.8 165.1 605.8
v-10__0.5__408___3488 0.130675077438 231.9 425.5 236.0 433.6 203.9 449.3 199.8 441.2
v-10__0.5__408___3488 0.119327872992 579.3 78.2 584.5 83.1 561.0 108.8 555.8 104.0
v-10__0.5__408___3488 0.116434447467 555.6 206.4 562.7 214.3 536.6 238.7 529.5 230.8
v-10__0.5__408___3488 0.104295320809 525.1 101.2 531.2 107.9 501.6 135.9 495.5 129.2
v-19__0.5__0___2040 0.437641441822 76.5 216.4 88.0 224.4 64.7 259.5 53.3 251.6
v-19__0.5__0___2040 0.371095210314 36.7 290.3 46.0 295.5 32.8 320.8 23.5 315.6
v-19__0.5__0___2040 0.368143707514 49.9 303.1 59.1 310.4 43.7 332.2 34.5 324.9
v-19__0.5__0___2040 0.366938263178 69.7 316.4 76.8 324.4 46.4 350.0 39.3 342.0
v-19__0.5__0___2040 0.361969619989 96.4 208.8 96.4 226.5 83.9 226.5 83.9 208.8
v-19__0.5__0___2040 0.354942649603 127.4 138.9 133.6 145.9 116.5 162.0 110.3 155.0
v-19__0.5__0___2040 0.342190474272 43.5 201.0 55.6 205.2 48.3 235.8 36.1 231.6
v-19__0.5__0___2040 0.328970462084 61.1 203.9 71.1 212.6 61.5 230.1 51.5 221.4
v-19__0.5__0___2040 0.293867439032 70.1 279.5 81.2 289.1 62.8 309.6 51.7 300.0
v-19__0.5__0___2040 0.293327003717 57.6 264.5 69.7 275.5 49.8 297.9 37.7 286.9
v-19__0.5__0___2040 0.289745450020 89.3 228.8 101.2 236.1 82.4 270.9 70.4 263.6
v-19__0.5__0___2040 0.267713159323 501.6 466.5 507.3 467.2 502.2 488.9 496.5 488.3
v-19__0.5__0___2040 0.259442210197 46.4 243.5 59.2 254.6 37.9 280.2 25.1 269.1
v-19__0.5__0___2040 0.259403526783 81.6 326.6 87.0 333.5 58.4 357.3 53.1 350.3
v-19__0.5__0___2040 0.258595764637 26.3 278.6 34.0 282.9 26.2 299.0 18.5 294.7
v-19__0.5__0___2040 0.255977094173 143.7 277.2 151.0 285.8 124.4 309.1 117.2 300.5
v-19__0.5__0___2040 0.255060076714 202.3 589.1 208.0 594.2 193.3 609.6 187.6 604.6
v-19__0.5__0___2040 0.251343965530 18.1 261.3 26.3 268.4 16.1 284.8 7.8 277.7
v-19__0.5__0___2040 0.250375926495 7.6 239.6 17.5 247.2 4.3 269.2 -5.6 261.5
v-19__0.5__0___2040 0.235968247056 137.3 151.3 143.5 159.1 121.9 174.4 115.6 166.7
v-19__0.5__0___2040 0.225746080279 78.4 193.7 86.0 199.4 79.2 215.9 71.5 210.2
v-19__0.5__0___2040 0.207777440548 26.3 216.5 40.7 221.7 33.2 251.4 18.7 246.2
v-19__0.5__0___2040 0.207630589604 110.2 234.2 115.2 240.1 103.0 250.0 98.0 244.0
v-19__0.5__0___2040 0.201711758971 152.9 322.2 160.9 327.8 139.9 354.0 131.9 348.4
v-19__0.5__0___2040 0.200527027249 116.0 260.4 125.2 268.4 110.9 285.7 101.7 277.7
v-19__0.5__0___2040 0.197688192129 181.2 11.9 185.6 20.2 166.1 32.3 161.8 24.0
v-19__0.5__0___2040 0.196164742112 92.7 267.7 105.5 279.8 86.3 304.1 73.5 292.0
v-19__0.5__0___2040 0.189997628331 125.9 317.4 131.9 323.6 118.4 335.5 112.5 329.3
v-19__0.5__0___2040 0.175918772817 5.3 272.5 16.2 290.6 6.4 297.8 -4.5 279.7
v-19__0.5__0___2040 0.172606229782 130.1 271.2 137.5 279.0 114.0 300.5 106.7 292.7
v-19__0.5__0___2040 0.170430138707 102.7 160.2 115.1 172.5 100.7 187.8 88.3 175.5
v-19__0.5__0___2040 0.165770173073 289.9 588.8 296.0 594.4 282.0 608.9 275.8 603.2
v-19__0.5__0___2040 0.158559784293 470.2 487.7 485.3 497.5 482.6 501.1 467.6 491.2
v-19__0.5__0___2040 0.152551025152 101.4 139.7 101.4 159.1 87.4 159.1 87.4 139.7
v-19__0.5__0___2040 0.152464017272 152.2 291.9 158.4 298.8 138.2 319.0 131.9 312.1
v-19__0.5__0___2040 0.151350632310 92.5 303.8 100.3 313.1 88.8 324.2 81.1 314.9
v-19__0.5__0___2040 0.147908732295 119.3 244.8 125.3 253.1 114.8 261.0 108.8 252.7
v-19__0.5__0___2040 0.145080402493 42.3 144.2 51.8 149.4 44.5 165.7 35.0 160.5
v-19__0.5__0___2040 0.140831410885 90.1 337.2 95.8 344.8 65.1 369.6 59.4 362.0
v-19__0.5__0___2040 0.140237748623 56.5 159.8 66.4 165.6 58.4 181.1 48.5 175.2
v-19__0.5__0___2040 0.139511868358 100.0 288.4 109.9 301.8 102.4 308.2 92.5 294.8
v-19__0.5__0___2040 0.139237597585 174.7 -1.5 178.8 4.9 165.4 13.8 161.3 7.4
v-19__0.5__0___2040 0.137810349464 184.4 25.9 194.6 39.2 189.4 42.5 179.3 29.3
v-19__0.5__0___2040 0.134778320789 76.5 178.3 76.5 199.0 61.1 199.0 61.1 178.3
v-19__0.5__0___2040 0.134726524353 14.1 325.3 26.0 335.2 6.5 366.6 -5.4 356.7
v-19__0.5__0___2040 0.131833121181 131.9 102.0 137.2 108.5 128.4 117.4 123.1 110.9
v-19__0.5__0___2040 0.129828885198 113.5 332.2 117.3 337.0 91.2 360.6 87.3 355.8
v-19__0.5__0___2040 0.129543676972 79.6 123.8 92.1 133.5 82.3 159.9 69.8 150.3
v-19__0.5__0___2040 0.111022278666 17.5 210.8 17.5 241.0 1.9 241.0 1.9 210.8
v-19__0.5__0___2040 0.109830953181 114.7 309.9 120.5 318.0 98.0 335.1 92.2 327.0
v-19__0.5__0___2040 0.107453145087 11.4 179.6 20.5 183.4 9.2 216.3 0.1 212.4
v-19__0.5__0___2040 0.104893848300 433.1 571.3 450.2 577.9 448.7 585.2 431.5 578.5
v-19__0.5__0___2040 0.104424938560 51.9 127.9 61.9 144.3 54.4 148.6 44.4 132.1
v-19__0.5__0___2040 0.103510923684 198.2 1.1 202.5 8.1 190.4 17.2 186.1 10.2
v-19__0.5__0___2040 0.101518683136 143.1 -0.8 143.1 13.6 131.0 13.6 131.0 -0.8
v-19__0.5__0___2448 0.349099367857 501.3 58.4 507.4 59.0 502.8 80.8 496.6 80.1
v-19__0.5__0___2448 0.273217409849 570.5 450.8 580.4 461.1 574.9 465.1 565.0 454.9
v-19__0.5__0___2448 0.220837131143 470.3 79.6 485.3 89.6 482.6 93.2 467.6 83.2
v-19__0.5__0___2448 0.206055894494 359.1 299.6 364.0 304.4 348.1 320.3 343.1 315.4
v-19__0.5__0___2448 0.188411086798 68.5 1.9 74.3 8.0 62.3 20.2 56.5 14.1
v-19__0.5__0___2448 0.175108507276 433.3 163.1 450.3 170.1 448.6 177.3 431.6 170.3
v-19__0.5__0___2448 0.150694638491 481.6 -5.2 495.2 2.4 490.4 10.1 476.7 2.5
v-19__0.5__0___2448 0.148208096623 409.5 232.5 409.5 250.8 400.8 250.8 400.8 232.5
v-19__0.5__0___2448 0.139928251505 19.2 0.4 28.7 6.0 18.6 28.9 9.1 23.4
v-19__0.5__0___2448 0.123736180365 377.4 284.5 381.8 288.4 369.3 301.7 364.9 297.8
v-19__0.5__0___2448 0.116667419672 415.3 206.9 429.5 216.2 419.1 236.4 404.9 227.1
v-19__0.5__0___2856 0.296274602413 15.6 246.3 19.5 248.7 4.0 270.4 0.1 268.0
v-19__0.5__0___2856 0.256236881018 26.6 244.1 31.5 247.9 25.3 257.0 20.4 253.2
v-19__0.5__0___2856 0.179135024548 570.7 42.6 580.4 53.1 574.5 57.6 564.8 47.2
v-19__0.5__0___2856 0.145999088883 243.9 547.9 248.7 553.8 233.1 567.8 228.3 562.0
v-19__0.5__0___3264 0.354316532612 202.1 376.2 207.0 395.3 201.4 396.7 196.5 377.7
v-19__0.5__0___3264 0.311873912811 174.8 206.4 174.8 230.1 165.2 230.1 165.2 206.4
v-19__0.5__0___3264 0.129285246134 224.8 401.6 232.5 417.9 227.1 420.4 219.4 404.1
v-19__0.5__0___3264 0.105310678482 243.9 139.0 249.2 144.9 233.3 160.8 227.9 154.9
v-19__0.5__408___408 0.218890607357 28.5 293.9 28.5 318.9 16.5 318.9 16.5 293.9
v-19__0.5__408___408 0.217126756907 18.6 273.3 18.6 282.7 -0.6 282.7 -0.6 273.3
v-19__0.5__408___408 0.214506551623 19.2 283.0 19.2 295.6 -0.6 295.6 -0.6 283.0
v-19__0.5__408___408 0.174661040306 18.9 264.5 18.9 273.6 -0.8 273.6 -0.8 264.5
v-19__0.5__408___408 0.164753705263 33.7 444.6 33.7 454.3 18.0 454.3 18.0 444.6
v-19__0.5__408___408 0.158212125301 33.2 419.7 35.5 426.2 18.3 431.0 16.0 424.5
v-19__0.5__408___408 0.131235778332 144.6 354.7 144.6 375.7 131.5 375.7 131.5 354.7
v-19__0.5__408___408 0.127099484205 35.1 438.8 35.1 446.2 17.0 446.2 17.0 438.8
v-19__0.5__408___408 0.125946164131 16.1 298.9 16.1 320.8 4.0 320.8 4.0 298.9
v-19__0.5__408___408 0.124148137867 10.9 339.0 13.9 347.4 0.7 353.3 -2.3 345.0
v-19__0.5__408___408 0.122068531811 17.3 253.4 17.3 261.7 0.5 261.7 0.5 253.4
v-19__0.5__408___408 0.119374305010 18.7 322.0 23.3 327.3 9.2 338.3 4.7 332.9
v-19__0.5__408___408 0.117834240198 31.4 411.2 33.2 419.3 12.1 423.2 10.3 415.1
v-19__0.5__408___408 0.117651969194 36.6 471.8 36.6 484.2 23.3 484.2 23.3 471.8
v-19__0.5__408___408 0.115760616958 590.8 321.8 596.8 326.2 588.7 339.1 582.7 334.7
v-19__0.5__408___408 0.106906585395 37.0 363.2 44.4 380.9 37.2 383.3 29.8 365.6
v-19__0.5__408___408 0.105086833239 596.5 333.9 600.4 337.4 590.7 348.6 586.8 345.1
v-19__0.5__408___408 0.101613692939 20.4 462.9 23.9 470.0 16.5 476.2 13.1 469.1
v-19__0.5__408___408 0.100407771766 38.0 292.6 38.0 311.1 29.5 311.1 29.5 292.6
v-10__0.5__1224___1224 0.146274462342 42.5 142.5 55.0 150.9 50.0 158.1 37.4 149.7
v-10__0.5__1224___1224 0.141539141536 528.9 403.4 528.9 410.9 509.5 410.9 509.5 403.4
v-10__0.5__1224___1224 0.131568714976 555.3 378.6 564.1 385.6 551.9 401.3 543.1 394.3
v-10__0.5__1224___1224 0.101952247322 453.5 347.5 465.0 357.0 463.0 361.1 451.5 351.6
v-10__0.5__1224___1632 0.113850392401 467.3 10.0 478.9 21.3 425.3 74.2 413.7 62.9
v-10__0.5__1224___1632 0.102329127491 513.7 -0.6 513.7 10.7 498.6 10.7 498.6 -0.6
v-19__0.5__408___2040 0.309889793396 93.6 466.8 99.0 467.4 94.2 488.9 88.8 488.3
v-19__0.5__408___2040 0.285388052464 280.6 168.8 283.0 173.9 265.9 185.5 263.5 180.4
v-19__0.5__408___2040 0.224187105894 245.0 71.9 249.3 78.6 233.2 91.4 228.9 84.6
v-19__0.5__408___2040 0.215778112411 244.9 195.8 248.1 200.2 230.3 214.6 227.0 210.2
v-19__0.5__408___2040 0.209236845374 61.9 488.0 77.2 498.0 74.8 500.9 59.5 490.9
v-19__0.5__408___2040 0.100178003311 542.8 517.9 549.2 540.4 542.0 541.5 535.6 519.1
v-19__0.5__408___2448 0.333877593279 93.7 58.7 99.1 59.2 94.2 80.4 88.7 79.9
v-19__0.5__408___2448 0.253220736980 162.5 451.1 171.9 461.3 166.9 464.6 157.6 454.4
v-19__0.5__408___2448 0.195457071066 62.0 79.8 77.2 89.7 74.8 93.0 59.5 83.2
v-19__0.5__408___2448 0.148125126958 431.1 583.0 431.1 605.5 419.6 605.5 419.6 583.0
v-19__0.5__408___2448 0.146811187267 25.0 162.7 42.5 170.1 40.7 177.6 23.2 170.2
v-19__0.5__408___2448 0.121854186058 29.4 26.3 38.4 31.2 32.7 42.7 23.7 37.8
v-19__0.5__408___2448 0.119216106832 74.8 -5.0 87.2 2.2 81.4 10.3 69.0 3.0
v-19__0.5__408___2856 0.197289839387 162.6 42.7 172.1 53.2 166.6 56.9 157.2 46.4
v-19__0.5__408___3264 0.292207956314 324.2 257.0 345.0 274.0 342.4 277.3 321.6 260.3
v-19__0.5__408___3264 0.150789722800 409.2 311.0 412.8 315.2 403.4 322.2 399.8 318.1
v-19__0.5__408___3264 0.101155087352 357.5 283.3 363.9 288.6 358.3 296.7 351.9 291.5
v-19__0.5__816___0 0.188469663262 230.3 509.8 234.8 513.8 221.5 528.7 217.0 524.7
v-19__0.5__816___0 0.152572467923 99.9 12.3 130.5 37.1 121.2 48.7 90.6 23.9
v-19__0.5__816___408 0.302134662867 375.9 294.1 391.9 306.7 388.3 311.7 372.4 299.1
v-19__0.5__816___408 0.278768658638 337.5 356.6 341.7 360.8 328.5 374.9 324.2 370.7
v-19__0.5__816___408 0.274180799723 320.8 325.8 324.5 330.1 314.2 339.7 310.5 335.4
v-19__0.5__816___408 0.266839116812 317.5 317.9 321.0 322.7 308.7 333.1 305.3 328.3
v-19__0.5__816___408 0.210101097822 503.1 487.7 503.1 508.3 493.1 508.3 493.1 487.7
v-19__0.5__816___408 0.206948712468 312.0 336.5 316.5 341.1 299.1 357.7 294.6 353.2
v-19__0.5__816___408 0.185935452580 230.3 101.8 234.8 105.8 221.3 120.8 216.9 116.8
v-19__0.5__816___408 0.174081265926 324.3 345.0 329.7 351.2 304.5 373.0 299.2 366.7
v-19__0.5__816___408 0.171946182847 298.9 324.0 304.0 328.2 290.6 342.9 285.5 338.7
v-19__0.5__816___408 0.170416310430 303.0 332.3 306.9 336.7 292.2 349.8 288.3 345.3
v-19__0.5__816___408 0.135193973780 311.8 310.0 315.7 315.1 301.4 325.8 297.5 320.7
v-19__0.5__816___816 0.258266299963 503.7 79.1 503.7 101.0 493.0 101.0 493.0 79.1
v-19__0.5__816___816 0.107262149453 521.2 538.4 612.9 553.6 610.8 568.8 519.1 553.6
v-10__0.5__1632___1224 0.237169831991 270.3 376.2 275.9 394.4 271.0 396.1 265.3 377.9
v-10__0.5__1632___1224 0.201341792941 264.1 323.8 264.1 333.5 250.8 333.5 250.8 323.8
v-10__0.5__1632___1224 0.180695608258 274.7 372.4 286.5 388.3 282.6 391.4 270.8 375.6
v-10__0.5__1632___1224 0.151059389114 36.6 328.7 36.6 348.0 -0.8 348.0 -0.8 328.7
v-10__0.5__1632___1224 0.139643162489 93.2 381.9 93.2 398.6 79.0 398.6 79.0 381.9
v-10__0.5__1632___1224 0.123424522579 27.3 381.6 27.3 399.1 17.3 399.1 17.3 381.6
v-10__0.5__1632___1224 0.122984148562 221.8 434.6 226.1 442.4 214.5 449.6 210.2 441.8
v-10__0.5__1632___1224 0.122408822179 45.3 347.5 57.7 356.9 55.2 361.4 42.7 352.0
v-10__0.5__1632___1224 0.119604855776 121.4 403.2 121.4 411.1 101.0 411.1 101.0 403.2
v-10__0.5__1632___1224 0.118636682630 49.9 398.8 61.2 410.3 58.0 413.9 46.7 402.4
v-10__0.5__1632___1224 0.117316707969 285.1 395.9 292.6 402.0 286.6 406.3 279.1 400.2
v-10__0.5__1632___1224 0.115514710546 212.9 425.0 212.9 433.7 199.6 433.7 199.6 425.0
v-10__0.5__1632___1224 0.113885730505 241.7 316.8 247.3 324.2 234.5 333.8 228.9 326.3
v-10__0.5__1632___1224 0.110794417560 32.6 313.7 32.6 331.7 3.7 331.7 3.7 313.7
v-10__0.5__1632___1224 0.110405616462 30.2 356.1 30.2 376.6 14.5 376.6 14.5 356.1
v-10__0.5__1632___1224 0.101455613971 18.9 381.7 18.9 400.2 10.0 400.2 10.0 381.7
v-19__0.5__816___1632 0.339808762074 546.7 518.8 546.7 558.6 530.6 558.6 530.6 518.8
v-19__0.5__816___1632 0.127386152744 572.5 507.3 572.5 529.6 559.7 529.6 559.7 507.3
v-19__0.5__816___1632 0.111946500838 605.0 328.1 606.3 338.9 518.8 345.9 517.5 335.0
v-19__0.5__816___2040 0.346777856350 439.3 393.4 442.7 394.5 434.3 410.1 430.9 408.9
v-19__0.5__816___2040 0.336276352406 486.5 259.2 497.6 262.8 484.9 297.6 473.8 294.0
v-19__0.5__816___2040 0.190923497081 487.4 288.9 495.3 293.8 492.3 300.5 484.4 295.7
v-19__0.5__816___2040 0.181722059846 546.3 111.3 546.3 150.1 530.9 150.1 530.9 111.3
v-19__0.5__816___2040 0.171943485737 471.9 303.7 481.6 309.3 468.9 332.2 459.2 326.7
v-19__0.5__816___2040 0.168770268559 458.9 595.9 465.2 605.3 457.5 609.5 451.3 600.1
v-19__0.5__816___2040 0.130292072892 399.3 372.2 407.5 380.8 373.6 415.7 365.4 407.0
v-19__0.5__816___2040 0.115597672760 449.3 337.0 456.1 341.3 450.1 355.7 443.3 351.4
v-19__0.5__816___2040 0.103197216988 572.6 99.3 572.6 121.6 559.7 121.6 559.7 99.3
v-19__0.5__816___2448 0.273537546396 408.6 232.8 417.5 243.5 413.9 245.7 405.1 234.9
v-19__0.5__816___2448 0.183657780290 288.0 391.3 289.6 396.0 274.6 402.7 273.0 397.9
v-19__0.5__816___2448 0.155722931027 235.5 416.0 235.5 427.2 209.6 427.2 209.6 416.0
v-19__0.5__816___2448 0.152298226953 410.0 267.9 416.8 269.6 410.1 288.9 403.3 287.2
v-19__0.5__816___2448 0.114386536181 397.7 299.2 403.0 300.9 391.0 322.1 385.6 320.5
v-19__0.5__816___2856 0.147825449705 235.3 8.3 235.3 18.8 210.1 18.8 210.1 8.3
v-19__0.5__816___3264 0.110418774188 357.4 303.4 362.9 308.3 348.7 325.3 343.2 320.3
v-19__0.5__816___3264 0.102272287011 349.3 301.5 354.6 305.7 343.5 320.9 338.2 316.6
v-19__0.5__1224___408 0.221790730953 95.7 487.2 95.7 509.3 85.1 509.3 85.1 487.2
v-19__0.5__1224___408 0.114680886269 407.4 286.8 407.4 301.0 395.6 301.0 395.6 286.8
v-19__0.5__1224___408 0.104810751975 426.8 488.9 426.8 499.2 419.0 499.2 419.0 488.9
v-19__0.5__1224___816 0.436892479658 410.7 322.7 419.8 324.6 409.4 361.7 400.3 359.9
v-19__0.5__1224___816 0.218823105097 95.7 78.9 95.7 101.3 84.7 101.3 84.7 78.9
v-19__0.5__1224___816 0.131974831223 415.1 361.3 421.8 362.5 412.7 387.3 406.0 386.1
v-19__0.5__1224___816 0.110693976283 438.3 318.4 440.5 317.0 429.6 372.9 427.3 374.3
v-19__0.5__1224___816 0.106713272631 427.4 80.2 427.4 91.7 418.6 91.7 418.6 80.2
v-19__0.5__1224___1224 0.239006012678 359.3 405.5 359.3 422.1 351.0 422.1 351.0 405.5
v-19__0.5__1224___1224 0.223989844322 378.4 589.3 378.4 606.3 368.7 606.3 368.7 589.3
v-19__0.5__1224___1224 0.122347079217 451.5 335.0 458.2 337.4 455.0 349.8 448.4 347.4
v-19__0.5__1224___1224 0.110115565360 363.1 383.1 363.1 404.0 354.1 404.0 354.1 383.1
v-19__0.5__1224___1632 0.286044687033 138.5 519.2 138.5 558.5 123.1 558.5 123.1 519.2
v-19__0.5__1224___1632 0.276846647263 370.9 510.2 370.9 534.9 360.1 534.9 360.1 510.2
v-19__0.5__1224___1632 0.210520699620 218.1 367.4 218.1 389.7 209.6 389.7 209.6 367.4
v-19__0.5__1224___1632 0.182499647141 225.1 370.7 225.1 391.3 217.3 391.3 217.3 370.7
v-19__0.5__1224___1632 0.160090923309 376.1 508.7 380.5 526.8 371.3 535.5 367.0 517.4
v-19__0.5__1224___1632 0.154480323195 377.2 180.8 377.2 198.3 370.0 198.3 370.0 180.8
v-19__0.5__1224___1632 0.135653346777 164.2 507.0 164.2 529.7 151.8 529.7 151.8 507.0
v-19__0.5__1224___1632 0.103778272867 364.7 564.1 364.7 574.8 346.6 574.8 346.6 564.1
v-19__0.5__1224___1632 0.102448396385 392.0 545.1 392.0 569.4 382.3 569.4 382.3 545.1
v-19__0.5__1224___2040 0.369392871857 78.5 259.1 90.1 262.9 77.1 297.5 65.5 293.7
v-19__0.5__1224___2040 0.332129716873 31.2 393.2 35.0 394.7 26.5 410.0 22.6 408.5
v-19__0.5__1224___2040 0.288537889719 63.8 303.7 73.4 308.8 61.2 332.0 51.5 326.9
v-19__0.5__1224___2040 0.272665441036 370.9 102.2 370.9 126.3 360.2 126.3 360.2 102.2
v-19__0.5__1224___2040 0.256749719381 138.5 110.4 138.5 150.7 123.0 150.7 123.0 110.4
v-19__0.5__1224___2040 0.209904372692 50.2 596.4 57.2 605.3 50.7 609.3 43.6 600.4
v-19__0.5__1224___2040 0.179667979479 79.6 289.2 87.4 294.2 84.3 300.7 76.5 295.7
v-19__0.5__1224___2040 0.135188400745 360.0 315.2 375.5 325.7 374.2 328.3 358.7 317.7
v-19__0.5__1224___2040 0.115758024156 78.7 66.8 78.7 97.4 68.8 97.4 68.8 66.8
v-19__0.5__1224___2040 0.111869767308 164.3 99.1 164.3 121.6 151.8 121.6 151.8 99.1
v-19__0.5__1224___2040 0.107587225735 111.1 0.4 111.1 43.6 53.1 43.6 53.1 0.4
v-19__0.5__1632___1632 0.243436768651 607.8 348.0 607.8 359.0 590.2 359.0 590.2 348.0
v-19__0.5__1632___1632 0.173249244690 607.6 363.1 607.6 376.4 588.9 376.4 588.9 363.1
v-19__0.5__1632___1632 0.138165608048 605.7 302.9 605.7 316.6 589.9 316.6 589.9 302.9
v-19__0.5__2040___816 0.117712289095 275.8 589.4 283.7 591.5 279.4 606.1 271.5 604.0
v-19__0.5__2856___1224 0.109834589064 557.5 195.5 557.8 198.4 542.6 209.8 542.3 207.0
v-19__0.5__3264___1632 0.116100445390 562.9 401.0 580.4 413.7 577.3 417.5 559.9 404.8
v-19__0.5__3488___1632 0.158615678549 339.1 401.3 356.1 413.8 353.3 417.2 336.3 404.7
v-2__1__816___408 0.119989156723 232.5 235.4 238.8 237.1 233.9 253.8 227.5 252.1
v-2__1__816___816 0.119355306029 158.1 569.1 163.6 592.6 155.0 594.2 149.6 570.6
v-3__1__408___408 0.178270399570 460.1 3.1 467.5 20.2 416.1 42.0 408.7 24.9
v-3__1__408___408 0.154105499387 571.3 -34.7 584.4 -1.2 368.8 95.3 355.7 61.8
v-3__1__816___1224 0.121683709323 535.6 517.4 535.6 528.0 514.8 528.0 514.8 517.4
v-3__1__816___1440 0.100308611989 532.6 301.2 532.6 311.7 513.5 311.7 513.5 301.2
v-3__1__1224___1224 0.119601063430 127.3 517.5 127.3 527.9 106.8 527.9 106.8 517.5
v-4__1__0___0 0.364877372980 483.0 7.1 491.4 32.5 480.7 35.7 472.4 10.3
v-4__1__0___0 0.122135981917 282.0 98.7 283.8 105.2 256.8 114.7 255.0 108.2
v-4__1__408___0 0.254092037678 75.5 8.2 83.2 32.3 72.9 35.3 65.2 11.1
v-4__1__408___0 0.132210820913 59.9 43.6 68.2 53.9 63.2 57.1 55.0 46.8
v-4__1__408___0 0.106396801770 53.6 45.1 60.9 56.7 52.9 63.1 45.7 51.6
v-4__1__408___816 0.110690236092 529.8 0.1 541.6 23.6 530.0 30.0 518.1 6.5
v-4__1__408___816 0.106655947864 593.9 11.8 595.0 18.0 579.2 24.1 578.1 17.9
v-4__1__816___816 0.144442260265 84.8 2.4 94.1 21.8 85.2 25.4 76.0 6.0
v-4__1__816___816 0.122602872550 184.8 12.6 185.6 17.1 172.2 23.7 171.4 19.2
v-4__1__1224___1224 0.196601897478 119.6 335.2 124.4 346.0 101.9 356.9 97.1 346.1
v-4__1__1224___1224 0.149056077003 107.6 322.3 112.8 331.2 90.4 344.8 85.2 335.9
v-4__1__1224___1224 0.116823948920 33.2 298.7 43.2 315.1 -4.2 344.9 -14.2 328.5
v-4__1__1224___1440 0.117321848869 119.0 120.0 123.2 129.9 102.3 140.3 98.1 130.4
v-5__1__0___1224 0.155889168382 520.6 360.6 527.6 373.1 491.1 395.4 484.1 382.9
v-7__1__408___0 0.321685671806 601.9 23.9 608.5 71.4 426.5 100.3 419.9 52.8
v-7__1__816___0 0.206359013915 200.6 22.1 207.8 72.7 19.7 102.2 12.5 51.7
v-7__1__816___408 0.101341083646 57.0 561.6 57.5 573.3 9.8 577.3 9.3 565.6
v-9__1__0___1224 0.127877712250 75.8 291.4 80.7 303.1 55.7 313.9 50.7 302.1
v-9__1__0___1224 0.126055285335 332.7 237.5 335.7 245.4 304.5 254.6 301.6 246.6
v-9__1__0___1224 0.109238378704 78.6 253.3 91.2 279.1 76.6 286.4 64.1 260.7
v-9__1__0___1440 0.125493794680 79.6 37.3 91.0 64.3 75.8 70.9 64.4 43.9
v-9__1__0___1440 0.118327349424 342.1 4.0 345.9 17.7 317.6 24.9 313.9 11.2
v-9__1__0___1440 0.111353471875 333.0 20.5 336.3 30.2 304.3 39.3 301.1 29.7
v-9__1__816___816 0.129908725619 219.5 439.5 221.5 447.7 185.2 459.2 183.3 451.1
v-9__1__1224___816 0.120153695345 574.7 267.6 635.7 420.4 606.2 432.3 545.3 279.5
v-9__1__1224___816 0.109242588282 362.4 250.3 362.4 264.4 352.8 264.4 352.8 250.3
v-10__1__0___2856 0.144692003727 423.5 567.7 470.3 574.0 468.8 587.3 421.9 581.0
v-10__1__0___6936 0.102636292577 375.8 537.3 386.3 551.3 381.3 554.1 370.9 540.1
v-10__1__408___2040 0.126384183764 435.8 59.9 472.0 82.0 432.3 144.6 396.1 122.5
v-10__1__408___2856 0.175701797009 21.2 567.9 64.9 573.9 63.3 587.6 19.5 581.6
v-10__1__408___7584 0.248990952969 594.3 441.7 601.5 449.0 555.0 490.8 547.7 483.5
v-10__1__408___7584 0.134529352188 607.2 405.6 613.3 410.8 603.1 422.7 597.0 417.5
v-10__1__408___7584 0.111665390432 605.2 514.1 614.9 526.7 600.1 537.8 590.4 525.2
v-10__1__816___7584 0.113620191813 393.6 576.2 397.5 583.2 345.7 610.6 341.8 603.6
v-10__1__816___7584 0.100965783000 609.5 44.6 615.2 55.8 539.1 96.7 533.4 85.5
v-10__1__2856___2856 0.103112637997 455.4 568.4 458.6 571.8 446.1 581.7 442.9 578.3
v-10__1__2856___3264 0.208810865879 608.9 -1.1 608.9 13.6 594.8 13.6 594.8 -1.1
v-10__1__3264___2856 0.195187672973 546.7 373.6 546.7 382.6 529.4 382.6 529.4 373.6
v-10__1__3264___2856 0.180856496096 525.4 428.5 525.4 437.1 508.8 437.1 508.8 428.5
v-10__1__3264___2856 0.166253998876 583.4 422.2 588.3 426.2 580.6 439.1 575.6 435.2
v-10__1__3264___2856 0.131680473685 47.2 568.4 50.5 572.1 38.4 581.6 35.1 577.9
v-10__1__3264___2856 0.129132717848 436.7 450.7 436.7 459.0 422.8 459.0 422.8 450.7
v-10__1__3264___2856 0.127834096551 557.2 423.4 567.1 428.6 564.8 435.3 554.9 430.1
v-10__1__3264___2856 0.127733126283 484.6 419.4 484.6 430.4 473.4 430.4 473.4 419.4
v-10__1__3264___2856 0.122581943870 292.2 291.3 296.9 294.9 287.9 306.6 283.2 303.0
v-11__1__1224___0 0.118239440024 184.8 274.0 188.7 305.2 179.8 305.5 175.9 274.3
v-11__1__1224___1440 0.172039940953 247.3 -2.2 254.0 19.3 246.7 21.3 240.0 -0.1
v-11__1__1224___1440 0.171214386821 351.9 -1.8 356.1 7.8 332.5 13.6 328.2 4.1
v-11__1__1224___1440 0.147306963801 318.5 -8.2 322.6 3.4 293.4 13.9 289.2 2.3
v-11__1__1224___1440 0.112745843828 327.3 4.7 325.9 9.3 292.9 14.4 294.3 9.8
v-11__1__1440___1440 0.249402880669 33.1 -2.5 40.6 19.2 33.2 21.8 25.8 0.1
v-11__1__1440___1440 0.179186224937 136.1 -1.1 139.8 7.9 116.6 13.2 112.8 4.3
v-11__1__1440___1440 0.139434948564 104.6 -9.1 108.2 3.7 74.9 14.9 71.3 2.0
v-11__1__1440___1440 0.130643978715 43.8 -4.8 51.9 14.7 42.2 18.1 34.1 -1.4
v-12__1__408___408 0.144858166575 412.2 585.5 412.2 596.8 392.4 596.8 392.4 585.5
v-12__1__408___408 0.106278002262 304.7 581.8 304.7 598.4 276.1 598.4 276.1 581.8
v-12__1__408___408 0.101676195860 291.8 522.0 291.8 531.6 273.7 531.6 273.7 522.0
v-12__1__408___816 0.127152860165 301.5 174.5 301.5 190.4 278.3 190.4 278.3 174.5
v-12__1__408___816 0.121735386550 413.6 178.7 413.6 191.7 391.8 191.7 391.8 178.7
v-12__1__816___408 0.312649458647 595.2 500.4 595.2 519.2 584.0 519.2 584.0 500.4
v-12__1__816___408 0.223486244678 595.2 2.8 603.1 9.3 591.3 23.7 583.4 17.1
v-12__1__816___408 0.196607381105 570.6 34.9 574.1 42.2 558.6 50.9 555.1 43.6
v-12__1__816___408 0.196276575327 450.3 579.2 457.9 587.6 451.9 592.8 444.3 584.4
v-12__1__816___408 0.182501211762 467.0 117.7 477.7 128.6 471.6 134.8 460.9 123.8
v-12__1__816___408 0.182089373469 398.4 564.7 398.4 574.3 382.0 574.3 382.0 564.7
v-12__1__816___408 0.126717075706 307.5 596.6 307.5 598.7 272.3 598.7 272.3 596.6
v-12__1__816___408 0.112033933401 12.7 587.5 12.7 600.8 1.0 600.8 1.0 587.5
v-12__1__816___816 0.308628886938 594.8 92.5 594.8 110.6 584.5 110.6 584.5 92.5
v-12__1__816___816 0.178910136223 450.2 171.1 457.7 179.5 451.8 185.0 444.3 176.6
v-12__1__816___816 0.144989743829 398.4 156.6 398.4 166.3 382.0 166.3 382.0 156.6
v-12__1__816___1224 0.265333771706 382.5 243.9 388.2 245.3 382.0 262.9 376.3 261.5
v-12__1__816___1224 0.252694636583 409.8 505.7 409.8 514.2 392.6 514.2 392.6 505.7
v-12__1__816___1224 0.133736774325 604.0 553.0 604.0 564.0 584.8 564.0 584.8 553.0
v-12__1__816___1224 0.116263285279 381.6 268.3 381.6 287.2 371.9 287.2 371.9 268.3
v-12__1__1224___816 0.456862628460 285.1 586.9 286.7 595.8 263.3 599.9 261.6 590.9
v-12__1__1224___816 0.304208189249 187.3 92.0 187.3 110.5 176.3 110.5 176.3 92.0
v-12__1__1224___816 0.136291667819 48.5 171.7 48.5 184.4 36.7 184.4 36.7 171.7
v-12__1__1224___1224 0.488051235676 285.7 179.5 286.8 187.6 262.8 191.3 261.7 183.2
v-12__1__1224___1224 0.335685938597 219.6 402.7 225.6 414.6 219.1 418.5 213.1 406.6
v-12__1__1224___1224 0.257320433855 196.6 553.8 196.6 563.4 177.2 563.4 177.2 553.8
v-13__1__1440___408 0.157414436340 210.1 19.2 224.2 36.4 218.4 41.0 204.3 23.8
v-15__1__816___816 0.167585670948 342.6 478.4 353.2 481.2 341.5 533.2 330.8 530.5
v-15__1__816___816 0.140578344464 365.4 485.1 376.5 488.6 366.8 528.3 355.7 524.9
v-15__1__816___1224 0.173537492752 339.5 71.0 347.8 73.2 337.5 124.5 329.1 122.3
v-15__1__816___1224 0.150044083595 365.2 77.2 375.8 80.3 366.9 120.4 356.4 117.2
v-17__1__0___816 0.119864530861 49.4 541.3 56.9 544.6 42.5 576.9 35.0 573.6
v-18__1__1224___408 0.590832591057 489.6 503.9 495.3 512.5 458.8 538.4 453.1 529.9
v-18__1__1224___408 0.527332365513 493.3 413.4 515.4 455.4 502.1 462.5 480.0 420.5
v-18__1__1224___408 0.363466501236 477.1 426.8 506.3 475.1 496.3 481.2 467.0 432.8
v-18__1__1224___408 0.154721707106 479.8 501.1 484.2 508.7 453.1 526.9 448.8 519.3
v-18__1__1224___408 0.108029410243 286.7 325.8 291.1 331.7 276.4 343.5 272.0 337.5
v-18__1__1440___408 0.595947623253 273.7 504.2 279.2 512.3 242.5 538.3 237.1 530.2
v-18__1__1440___408 0.478340953588 277.8 414.0 297.8 455.5 285.8 461.4 265.7 419.9
v-18__1__1440___408 0.284076958895 263.1 429.8 287.0 473.6 278.3 478.3 254.4 434.5
v-18__1__1440___408 0.111799620092 70.8 325.9 75.2 331.8 60.5 343.3 56.1 337.4
v-18__1__1440___816 0.593143403530 273.7 95.9 279.5 104.8 242.3 131.0 236.5 122.2
v-18__1__1440___816 0.433996528387 278.5 5.6 298.0 47.1 285.1 53.4 265.5 11.9
v-18__1__1440___816 0.326088726521 263.6 22.8 287.0 64.4 277.4 69.6 254.0 28.1
v-19__1__0___5304 0.207608431578 605.7 70.3 612.2 75.4 597.3 93.0 590.8 87.9
v-19__1__0___6528 0.352097123861 334.5 416.3 342.6 458.5 334.4 459.6 326.2 417.5
v-19__1__0___6528 0.163666516542 359.4 338.8 361.4 344.8 349.0 350.9 347.0 344.9
v-19__1__0___6528 0.125998497009 354.1 263.0 354.1 277.8 346.8 277.8 346.8 263.0
v-19__1__0___6936 0.477639883757 403.2 349.8 413.5 387.8 402.2 390.6 391.9 352.6
v-19__1__0___6936 0.352576285601 334.4 8.6 343.1 50.0 334.5 51.3 325.8 9.9
v-19__1__0___6936 0.178964897990 414.5 353.0 422.5 383.2 413.9 385.9 405.9 355.7
v-19__1__0___6936 0.116571404040 447.7 418.0 456.6 431.5 453.1 433.5 444.2 420.0
v-19__1__408___4488 0.335607856512 595.3 529.1 601.9 529.6 594.6 571.4 588.0 570.9
v-19__1__408___4488 0.201387807727 529.0 567.0 562.4 588.3 556.5 595.6 523.1 574.2
v-19__1__408___4896 0.527394711971 414.6 428.6 442.0 456.3 435.8 462.8 408.4 435.0
v-19__1__408___4896 0.465335458517 219.8 448.9 225.6 453.3 208.6 473.7 202.9 469.2
v-19__1__408___4896 0.442510217428 288.0 475.4 294.9 480.1 277.3 506.2 270.4 501.5
v-19__1__408___4896 0.362725466490 595.4 120.7 601.8 121.6 594.2 163.8 587.8 162.9
v-19__1__408___4896 0.358795046806 294.8 481.9 301.8 486.1 287.4 507.5 280.4 503.3
v-19__1__408___4896 0.326905041933 197.6 476.4 204.1 480.3 187.8 502.4 181.3 498.5
v-19__1__408___4896 0.302680999041 406.6 462.5 406.6 502.9 395.9 502.9 395.9 462.5
v-19__1__408___4896 0.285143435001 348.9 567.2 355.9 574.2 328.4 603.0 321.4 596.0
v-19__1__408___4896 0.218068689108 229.4 455.3 238.4 462.4 223.5 484.1 214.5 477.0
v-19__1__408___4896 0.201925709844 223.2 551.8 247.9 573.8 197.1 628.0 172.3 606.0
v-19__1__408___4896 0.179572209716 140.6 547.9 158.9 552.3 143.9 608.8 125.7 604.3
v-19__1__408___4896 0.161754041910 266.9 526.3 270.6 528.6 250.4 549.7 246.7 547.4
v-19__1__408___4896 0.158752650023 478.1 342.8 492.7 346.6 486.3 356.4 471.7 352.6
v-19__1__408___4896 0.153873890638 530.6 159.2 564.1 180.2 558.8 187.7 525.3 166.7
v-19__1__408___4896 0.146096199751 473.2 367.7 480.1 369.8 468.0 396.8 461.1 394.6
v-19__1__408___4896 0.142379462719 268.0 496.1 279.9 505.7 233.2 571.9 221.2 562.3
v-19__1__408___4896 0.131906509399 501.5 306.0 501.5 314.3 487.2 314.3 487.2 306.0
v-19__1__408___4896 0.129095390439 133.5 119.8 148.5 131.8 110.4 181.0 95.4 168.9
v-19__1__408___4896 0.119499258697 436.0 390.7 468.5 405.5 464.2 412.3 431.8 397.5
v-19__1__408___4896 0.114394336939 461.4 390.9 473.2 394.4 470.4 404.3 458.7 400.8
v-19__1__408___4896 0.112013548613 170.1 516.0 189.6 521.5 169.7 584.2 150.2 578.7
v-19__1__408___4896 0.105648450553 229.9 557.6 235.1 561.8 215.8 583.2 210.6 578.9
v-19__1__408___4896 0.100502967834 309.2 444.2 318.8 450.6 301.3 479.5 291.8 473.2
v-19__1__408___5304 0.504664599895 414.4 20.1 442.4 48.6 436.0 55.3 408.0 26.9
v-19__1__408___5304 0.483914911747 219.9 41.0 225.2 44.9 208.7 65.4 203.4 61.5
v-19__1__408___5304 0.397871524096 313.0 195.4 320.4 202.5 291.9 231.0 284.4 223.9
v-19__1__408___5304 0.392190575600 286.8 70.6 293.5 75.5 275.9 100.6 269.1 95.8
v-19__1__408___5304 0.381811022758 349.3 158.8 356.5 165.3 328.5 195.5 321.2 189.0
v-19__1__408___5304 0.376558810472 197.6 68.7 203.8 72.3 188.0 93.9 181.9 90.2
v-19__1__408___5304 0.362045526505 295.2 74.1 301.3 78.2 287.2 99.1 281.2 95.0
v-19__1__408___5304 0.326077520847 406.7 56.7 406.7 97.4 395.8 97.4 395.8 56.7
v-19__1__408___5304 0.268996894360 226.6 466.7 241.7 481.7 234.2 489.4 219.1 474.4
v-19__1__408___5304 0.185738995671 231.2 149.3 238.4 155.6 219.8 174.7 212.7 168.3
v-19__1__408___5304 0.176325693727 230.1 47.2 238.1 53.2 223.1 75.5 215.1 69.5
v-19__1__408___5304 0.172729432583 304.3 546.2 321.5 565.0 315.9 569.9 298.8 551.1
v-19__1__408___5304 0.166787326336 231.8 19.7 237.4 22.8 229.0 38.1 223.4 35.1
v-19__1__408___5304 0.143811106682 280.9 523.5 295.1 539.8 289.7 544.0 275.4 527.7
v-19__1__408___5304 0.137222841382 275.8 69.9 302.3 96.8 241.4 190.0 215.0 163.0
v-19__1__408___5304 0.122187845409 368.6 178.8 371.6 181.0 362.4 192.9 359.3 190.6
v-19__1__408___5304 0.112006843090 197.0 439.5 229.2 471.8 221.7 477.2 189.6 444.9
v-19__1__408___5304 0.101035661995 205.7 354.9 368.5 528.7 342.0 553.5 179.3 379.7
v-19__1__408___5712 0.238262742758 226.0 58.9 240.5 73.7 234.7 81.3 220.1 66.5
v-19__1__408___5712 0.206740900874 55.7 577.5 64.3 589.0 58.7 593.2 50.1 581.7
v-19__1__408___5712 0.173091322184 281.2 115.8 294.8 131.7 289.6 135.9 275.9 120.0
v-19__1__408___5712 0.143792077899 243.6 77.1 263.8 97.4 258.0 103.9 237.9 83.6
v-19__1__408___5712 0.112381592393 203.1 40.7 220.0 55.1 214.8 59.8 198.0 45.4
v-19__1__816___4488 0.493196010590 187.1 529.2 194.9 530.1 186.9 571.8 179.1 571.0
v-19__1__816___4488 0.341147989035 149.1 454.5 219.8 481.5 215.3 493.9 144.6 466.8
v-19__1__816___4488 0.271113276482 480.9 -15.0 489.9 -1.0 459.6 21.2 450.7 7.2
v-19__1__816___4488 0.173961833119 234.0 252.2 239.1 255.4 232.9 270.4 227.8 267.3
v-19__1__816___4488 0.136772647500 121.1 567.2 154.0 588.3 148.3 595.3 115.4 574.2
v-19__1__816___4896 0.501437962055 187.2 121.1 194.3 121.8 186.5 163.8 179.4 163.1
v-19__1__816___4896 0.470207035542 6.9 428.0 34.7 456.4 27.9 463.4 0.0 435.0
v-19__1__816___4896 0.365687191486 154.7 46.7 221.4 73.3 216.3 86.2 149.6 59.6
v-19__1__816___4896 0.214091479778 25.7 387.9 56.4 401.4 52.1 409.8 21.4 396.4
v-19__1__816___4896 0.148589849472 123.5 159.3 155.6 179.7 150.0 187.4 117.9 167.0
v-19__1__816___4896 0.132888540626 70.3 342.4 84.5 346.5 78.3 356.8 64.2 352.7
v-19__1__816___4896 0.129086866975 64.8 366.9 72.8 369.8 60.2 397.3 52.2 394.5
v-19__1__816___4896 0.122157692909 53.8 391.4 64.9 395.1 62.5 403.8 51.4 400.2
v-19__1__816___4896 0.121273972094 387.5 66.8 395.3 71.6 390.4 82.1 382.7 77.4
v-19__1__816___5712 0.168548047543 335.5 94.6 346.1 102.3 340.7 110.3 330.1 102.7
v-19__1__816___5712 0.143756359816 353.1 408.6 366.8 420.5 361.9 427.2 348.2 415.3
v-19__1__816___6528 0.172677576542 497.7 306.4 502.4 321.2 496.3 322.9 491.5 308.0
v-19__1__1224___1632 0.109932765365 598.4 378.4 606.7 384.6 589.0 407.5 580.6 401.3
v-19__1__1224___4488 0.274971753359 74.3 -15.8 83.1 -1.2 50.1 22.0 41.3 7.4
v-19__1__1224___4488 0.127280443907 238.8 411.3 242.3 416.2 231.2 424.2 227.7 419.4
v-19__1__1224___5712 0.102373875678 19.4 565.6 23.1 578.1 0.1 583.3 -3.6 570.8
v-19__1__1224___6120 0.130847990513 17.5 190.1 19.9 202.8 3.3 206.2 0.9 193.5
v-19__1__1224___6120 0.127861708403 18.4 158.2 21.9 170.8 1.5 174.6 -2.0 161.9
v-19__1__1224___6528 0.142250195146 89.8 306.6 94.6 321.5 88.2 323.1 83.3 308.2
v-19__1__1632___816 0.126135796309 462.8 207.9 469.7 216.4 438.2 244.6 431.3 236.1
v-19__1__1632___4896 0.242562308908 288.4 295.4 295.6 307.3 290.4 310.3 283.2 298.4
v-19__1__1632___5304 0.182931900024 461.1 419.7 473.8 427.8 470.2 433.6 457.5 425.5
v-19__1__1632___5304 0.108322240412 573.5 375.4 578.4 383.8 550.9 398.3 546.0 390.0
v-19__1__1632___6528 0.225501239300 609.8 583.7 609.8 605.2 593.9 605.2 593.9 583.7
v-19__1__2040___816 0.253700435162 348.6 588.4 368.0 607.7 358.5 616.5 339.1 597.2
v-19__1__2040___816 0.169964075089 288.9 538.3 305.3 555.0 298.6 560.9 282.3 544.2
v-19__1__2040___816 0.105196669698 329.4 594.2 347.1 606.0 339.6 616.1 321.8 604.3
v-19__1__2040___3264 0.124692529440 442.2 168.7 448.9 170.7 439.7 196.0 432.9 194.1
v-19__1__2040___3672 0.120730444789 580.8 551.3 604.1 554.0 598.2 606.3 575.0 603.5
v-19__1__2040___3672 0.112057857215 249.0 324.0 252.9 327.6 243.5 338.3 239.7 334.7
v-19__1__2040___4896 0.315480053425 411.3 466.0 431.2 490.4 423.8 496.2 403.9 471.8
v-19__1__2040___5304 0.286339074373 411.5 58.3 431.3 82.6 423.7 88.5 404.0 64.2
v-19__1__2448___408 0.119754239917 342.4 28.9 346.3 32.6 334.8 45.1 330.8 41.4
v-19__1__2448___2448 0.139108330011 13.2 -3.7 26.6 0.6 21.4 15.7 7.9 11.4
v-19__1__2448___2448 0.108732074499 364.1 310.3 455.4 316.1 455.8 333.2 364.6 327.4
v-19__1__2448___3264 0.156204983592 34.3 169.2 41.2 172.1 31.3 195.9 24.3 193.0
v-19__1__2448___3264 0.124785669148 22.7 593.6 30.1 603.2 20.3 610.3 12.9 600.8
v-19__1__2448___3264 0.116971492767 2.5 528.7 48.3 600.9 33.2 610.8 -12.6 538.6
v-19__1__2448___3672 0.218110620975 448.2 329.8 448.2 371.1 436.7 371.1 436.7 329.8
v-19__1__2448___3672 0.186562702060 231.2 515.5 257.9 518.2 245.3 609.1 218.7 606.4
v-19__1__2448___3672 0.167204007506 436.4 329.1 436.4 371.4 423.1 371.4 423.1 329.1
v-19__1__2448___3672 0.165171071887 173.1 549.0 198.2 552.4 191.0 608.5 165.9 605.1
v-19__1__2856___3672 0.261064410210 40.3 329.6 40.3 371.2 28.9 371.2 28.9 329.6
v-19__1__2856___3672 0.205972224474 28.1 328.4 28.1 372.0 15.2 372.0 15.2 328.4
v-19__1__2856___4080 0.120322175324 324.5 315.5 325.7 324.7 289.6 329.3 288.5 320.1
v-20__1__0___0 0.494093060493 409.1 558.1 420.3 569.2 416.9 573.7 405.7 562.5
v-20__1__0___0 0.469401329756 372.6 514.2 383.8 526.1 378.5 530.9 367.3 519.0
v-20__1__0___0 0.275213390589 243.0 372.8 259.4 376.5 258.0 382.2 241.6 378.5
v-20__1__0___0 0.210828527808 301.9 518.1 309.1 530.1 303.0 533.4 295.8 521.4
v-20__1__0___0 0.137884825468 279.5 493.8 288.2 504.1 282.8 508.3 274.1 498.0
v-20__1__408___816 0.343975186348 268.9 382.7 268.9 406.8 257.0 406.8 257.0 382.7
v-20__1__408___816 0.333744883537 268.4 350.7 268.4 366.9 258.8 366.9 258.8 350.7
v-20__1__408___816 0.326949894428 592.7 177.0 602.9 191.3 596.1 195.2 585.8 181.0
v-20__1__408___816 0.308415114880 277.7 509.4 277.7 525.5 269.1 525.5 269.1 509.4
v-20__1__408___816 0.273625522852 37.4 346.3 37.4 362.4 28.6 362.4 28.6 346.3
v-20__1__408___816 0.256401896477 580.3 159.0 591.1 173.7 584.7 178.8 574.0 164.1
v-20__1__408___816 0.254315406084 86.7 7.2 86.7 22.5 77.3 22.5 77.3 7.2
v-20__1__408___816 0.249249607325 316.1 280.1 316.1 298.1 305.8 298.1 305.8 280.1
v-20__1__408___816 0.222916916013 570.9 112.0 582.9 127.7 575.5 133.7 563.5 118.1
v-20__1__408___816 0.211339861155 315.1 330.4 315.1 345.0 306.0 345.0 306.0 330.4
v-20__1__408___816 0.206758916378 83.5 237.0 83.5 254.1 74.5 254.1 74.5 237.0
v-20__1__408___816 0.206004455686 320.2 381.4 320.2 398.5 307.7 398.5 307.7 381.4
v-20__1__408___816 0.202912792563 571.0 533.1 571.0 549.1 560.3 549.1 560.3 533.1
v-20__1__408___816 0.197647720575 36.1 417.1 36.1 442.4 25.3 442.4 25.3 417.1
v-20__1__408___816 0.194944053888 261.5 1.0 261.5 19.0 244.9 19.0 244.9 1.0
v-20__1__408___816 0.187675982714 588.8 471.3 596.3 478.2 576.5 498.8 569.1 491.9
v-20__1__408___816 0.182786673307 271.4 3.3 271.4 18.2 261.2 18.2 261.2 3.3
v-20__1__408___816 0.177736282349 42.5 581.2 52.6 585.5 43.8 609.1 33.8 604.7
v-20__1__408___816 0.161277845502 270.6 118.6 270.6 140.9 260.2 140.9 260.2 118.6
v-20__1__408___816 0.154378756881 42.3 219.8 42.3 231.8 32.3 231.8 32.3 219.8
v-20__1__408___816 0.137501671910 86.8 48.9 86.8 66.0 76.4 66.0 76.4 48.9
v-20__1__408___816 0.136459112167 270.0 191.1 270.0 211.0 260.2 211.0 260.2 191.1
v-20__1__408___816 0.130694746971 83.1 449.5 83.1 468.2 73.6 468.2 73.6 449.5
v-20__1__408___816 0.130085363984 499.1 284.1 499.1 304.9 488.9 304.9 488.9 284.1
v-20__1__408___816 0.129959270358 82.4 195.0 82.4 215.6 72.9 215.6 72.9 195.0
v-20__1__408___816 0.127136632800 316.0 177.2 316.0 193.0 305.5 193.0 305.5 177.2
v-20__1__408___816 0.126834735274 312.6 471.4 312.6 485.8 300.6 485.8 300.6 471.4
v-20__1__408___816 0.123910441995 319.3 204.6 319.3 224.4 309.3 224.4 309.3 204.6
v-20__1__408___816 0.120937444270 270.4 156.8 270.4 175.9 259.9 175.9 259.9 156.8
v-20__1__408___816 0.108222685754 498.6 398.0 498.6 413.7 490.0 413.7 490.0 398.0
v-20__1__408___816 0.100730396807 600.4 585.2 600.4 602.7 579.8 602.7 579.8 585.2
v-20__1__408___1224 0.308463335037 592.4 59.4 600.8 67.9 578.2 90.9 569.7 82.5
v-20__1__408___1224 0.263087004423 498.4 387.0 498.4 402.6 488.6 402.6 488.6 387.0
v-20__1__408___1224 0.245620146394 277.5 101.5 277.5 117.4 269.4 117.4 269.4 101.5
v-20__1__408___1224 0.240260422230 570.9 125.3 570.9 141.0 560.1 141.0 560.1 125.3
v-20__1__408___1224 0.220253124833 38.5 435.3 38.5 454.9 27.4 454.9 27.4 435.3
v-20__1__408___1224 0.212774857879 43.2 177.5 53.2 181.1 46.9 200.8 36.9 197.2
v-20__1__408___1224 0.188364073634 492.1 585.0 492.1 603.7 480.6 603.7 480.6 585.0
v-20__1__408___1224 0.175130873919 267.1 304.0 267.1 323.6 256.0 323.6 256.0 304.0
v-20__1__408___1224 0.153837785125 265.7 264.4 265.7 282.4 256.7 282.4 256.7 264.4
v-20__1__408___1224 0.131323292851 498.0 306.7 498.0 329.4 488.3 329.4 488.3 306.7
v-20__1__408___1224 0.130108371377 36.1 8.1 36.1 35.0 24.9 35.0 24.9 8.1
v-20__1__408___1224 0.127213925123 263.3 541.4 263.3 557.4 252.5 557.4 252.5 541.4
v-20__1__408___1224 0.127074569464 262.2 414.4 262.2 429.9 251.7 429.9 251.7 414.4
v-20__1__408___1224 0.125362932682 17.3 4.3 17.3 24.6 2.2 24.6 2.2 4.3
v-20__1__408___1224 0.116339445114 264.0 449.1 264.0 466.7 252.6 466.7 252.6 449.1
v-20__1__408___1224 0.115015596151 178.8 527.8 178.8 539.5 169.7 539.5 169.7 527.8
v-20__1__408___1224 0.113138303161 571.7 228.3 571.7 245.9 561.1 245.9 561.1 228.3
v-20__1__408___1224 0.110404722393 263.4 493.9 263.4 509.7 251.8 509.7 251.8 493.9
